2.95 0.0 0.0 0.001 -0.1945450138807302 1.4107404032031317 1.3488766876796554 0.7753585972386022 0.7403576119550299 0.0 left
2.95 0.9997436738004791 0.0 0.001 -0.0004998718394598894 0.9994874469824248 0.25635615474167217 5.124638764846319e-7 3.8998230600419608 3.8998231768919767 right
2.95 0.0 0.0 0.00115 -0.19465080440189853 1.4103402130768623 1.3486846356513138 0.7753594227415814 0.7403131809141021 0.0 left
2.95 0.9997052393635338 0.0 0.00115 -0.0005748305165268437 0.9994106101430487 0.2563480423256006 6.776627803848471e-7 3.8997965058830037 3.8997966604081094 right
2.95 0.0 0.0 0.0013224999999999999 -0.19477242641090875 1.409880350764767 1.3484637571464841 0.7753605512025039 0.7402621326608907 0.0 left
2.95 0.9996610444325019 0.0 0.0013224999999999999 -0.0006610258715515371 0.9993222626382967 0.2563387139608102 8.961015302831071e-7 3.8997659643545606 3.8997661687002654 right
2.95 0.0 0.0 0.0015208749999999999 -0.19491224271111496 1.4093520004499547 1.348209764875888 0.7753620479916081 0.7402034664581387 0.0 left
2.95 0.9996102264384971 0.0 0.0015208749999999999 -0.0007601411105716726 0.999220682655162 0.2563279875491059 1.1849308206172518e-6 3.899730835987765 3.899731106214054 right
2.95 0.0 0.0 0.0017490062499999994 -0.19507296670392382 1.4087450272283368 1.3479176840167952 0.7753640373794956 0.740136059772726 0.0 left
2.95 0.9995517939120501 0.0 0.0017490062499999994 -0.0008741111810669938 0.9991038916494532 0.2563156537728961 1.5668224817681116e-6 3.899690430945015 3.899690788287496 right
2.95 0.0 0.0 0.0020113571874999995 -0.19525771375700662 1.4080478480567495 1.3475818277016915 0.7753666576250043 0.7400586080223349 0.0 left
2.95 0.9994846073039962 0.0 0.0020113571874999995 -0.0010051602951694077 0.9989696163314654 0.2563014720417985 2.071744872869753e-6 3.899643955338043 3.899644427875143 right
2.95 0.0 0.0 0.002313060765624999 -0.19547005988960886 1.4072472013159019 1.3471956336761715 0.7753701193077811 0.7399696300349988 0.0 left
2.95 0.9994073569796128 0.0 0.002313060765624999 -0.0011558450048141536 0.9988152451084475 0.25628516584295913 2.739308122556925e-6 3.8995904954189666 3.8995911202757947 right
2.95 0.0 0.0 0.0026600198804687487 -0.19571410875035866 1.406327919078595 1.3467515648149422 0.7753746908212411 0.7398674262542685 0.0 left
2.95 0.9993185379780614 0.0 0.0026600198804687487 -0.0013291036371141898 0.9986377782032342 0.25626641740492323 3.6218616382803048e-6 3.89952899936942 3.8995298256308444 right
2.95 0.0 0.0 0.003059022862539061 -0.19599456797138648 1.405272674132531 1.3462409599760539 0.7753807259809065 0.7397500504981374 0.0 left
2.95 0.9992164210731254 0.0 0.003059022862539061 -0.0015283130115460873 0.9984337705674796 0.25624486158041004 4.788584389283624e-6 3.8994582562447277 3.899459348805594 right
2.95 0.0 0.0 0.0035178762919199197 -0.1963168360958597 1.4040616864833566 1.3456538648819008 0.7753886908664454 0.7396152771121046 0.0 left
2.95 0.9990990196083981 0.0 0.0035178762919199197 -0.0017573534884816656 0.9981992665970005 0.2562200788317025 6.330884782736411e-6 3.899376871690916 3.8993783163444173 right
2.95 0.0 0.0 0.004045557735707907 -0.19668710139155654 1.402672404923684 1.3449788422200013 0.7753991990042209 0.7394605619214724 0.0 left
2.95 0.9989640515099507 0.0 0.004045557735707907 -0.0020206835423649395 0.9979297255358449 0.2561915871955067 8.369527789891817e-6 3.899283239852298 3.899285150013979 right
2.95 0.0 0.0 0.004652391396064093 -0.19711245397707677 1.4010791506008038 1.3442027521008497 0.7754130573896589 0.739282999628172 0.0 left
2.95 0.9988088958016699 0.0 0.004652391396064093 -0.00232342521384991 0.9976199363254323 0.25615883308098875 1.1064038793152062e-5 3.899175510895456 3.899178036487543 right
2.95 0.0 0.0 0.005350250105473706 -0.19760101279424003 1.3992527284304859 1.343310502319867 0.7754313265969853 0.7390792755127824 0.0 left
2.95 0.9986305428626441 0.0 0.005350250105473706 -0.002671461974772663 0.9972639205167896 0.2561211807392604 1.4625107229572386e-5 3.899051553422179 3.8990548926107063 right
2.95 0.0 0.0 0.006152787621294761 -0.1981620690526522 1.3971600029094506 1.3422847688276485 0.775455391846783 0.7388456085635923 0.0 left
2.95 0.9984255375721134 0.0 0.006152787621294761 -0.0030715507387668937 0.9968548217198075 0.2560779002219599 1.9330940454547974e-5 3.8989089109213473 3.8989133256197075 right
2.95 0.0 0.0 0.0070757057644889754 -0.19880624784014722 1.3947634427396525 1.3411056450553587 0.7754870943647763 0.7385777061699016 0.0 left
2.95 0.9981899143858635 0.0 0.0070757057644889754 -0.0035314499694472246 0.9963847799171582 0.25602815362340176 2.554881596821899e-5 3.8987447512737052 3.898750587617509 right
2.95 0.0 0.0 0.008137061629162322 -0.19954568962264474 1.3920206365156784 1.3397503105010837 0.7755288188478937 0.738270677306899 0.0 left
2.95 0.9979191232793502 0.0 0.008137061629162322 -0.004060066077259391 0.9958447888277153 0.25597097937776203 3.376346949116406e-5 3.898555808128545 3.8985635235102998 right
2.95 0.0 0.0 0.009357620873536667 -0.20039425333176775 1.3888837881037746 1.3381925853893744 0.7755836945617858 0.7379189751248111 0.0 left
2.95 0.9976079453786718 0.0 0.009357620873536667 -0.0046676205544480655 0.9952245343728128 0.2559052743564194 4.461446438600036e-5 3.8983383127679923 3.8983485115247163 right
2.95 0.0 0.0 0.010761264004567169 -0.20136774263707025 1.3852992021977568 1.336402463833942 0.7756558080733164 0.7375163148403171 0.0 left
2.95 0.9972503969832175 0.0 0.010761264004567169 -0.005365840573014589 0.9945122121898963 0.25582977348545866 5.8945349773888956e-5 3.898087914790644 3.898101395301048 right
2.95 0.0 0.0 0.012375453605252242 -0.20248415679582588 1.3812067762482312 1.334345581811098 0.7757504861519349 0.7370555885710233 0.0 left
2.95 0.9968396205670771 0.0 0.012375453605252242 -0.00616817605890596 0.9936943220675362 0.25574302657511105 7.786827452714545e-5 3.8977995896477946 3.897817406467221 right
2.95 0.0 0.0 0.014231771646040076 -0.20376396713627898 1.3765395215897616 1.3319826292910122 0.7758746502112248 0.7365287698275976 0.0 left
2.95 0.9963677612354722 0.0 0.014231771646040076 -0.007090046550667797 0.9927554371644154 0.25564337202726206 0.00010284883849317892 3.8974675306670234 3.8974910764720256 right
2.95 0.0 0.0 0.01636653739294609 -0.20523041972493095 1.3712231450307917 1.3292686680853683 0.7760373048933078 0.735926828131395 0.0 left
2.95 0.9958258270152358 0.0 0.01636653739294609 -0.00814912144247969 0.99167794595085 0.2555289070632155 0.00013581740158929198 3.8970850227180556 3.8971161363316034 right
2.95 0.0 0.0 0.018821518001888 -0.2069098640569983 1.3651757289605955 1.326152449375444 0.7762500746860497 0.7352396010428744 0.0 left
2.95 0.9952035312852869 0.0 0.018821518001888 -0.009365637485774552 0.9904417650113275 0.25539745409275255 0.00017931492313332954 3.896644294107698 3.8966854028382736 right
2.95 0.0 0.0 0.021644745702171196 -0.20883210665371793 1.3583075638682354 1.3225756115743226 0.776527962419589 0.734455692903115 0.0 left
2.95 0.9944891156184517 0.0 0.021644745702171196 -0.010762757660386748 0.989024021217968 0.2552465228328992 0.00023668377634207828 3.8961363425623072 3.8961906496548364 right
2.95 0.0 0.0 0.024891457557496874 -0.21103078721765173 1.3505211939721695 1.3184718716981412 0.776890241060445 0.7335623414697349 0.0 left
2.95 0.9936691513289556 0.0 0.024891457557496874 -0.012366975698044035 0.9873987023880485 0.2550732677812321 0.0003123170065389926 3.8955507302834755 3.895622461626173 right
2.95 0.0 0.0 0.028625176191121406 -0.21354377346644549 1.3417117539587737 1.3137661579402573 0.777361599855677 0.732545290833098 0.0 left
2.95 0.9927283181253569 0.0 0.028625176191121406 -0.014208570611022613 0.9855362764491897 0.25487444066060266 0.00041198333188883184 3.8948753419782367 3.894970070566233 right
2.95 0.0 0.0 0.03291895261978962 -0.21641356893798436 1.3317676802887632 1.3083738171961399 0.7779734606768556 0.7313886075414275 0.0 left
2.95 0.9916491584887832 0.0 0.03291895261978962 -0.016322115498121285 0.9834032804460003 0.2546463374861313 0.0005432500021911781 3.8940960984192325 3.8942211707356327 right
2.95 0.0 0.0 0.03785679551275806 -0.21968772597238662 1.3205718973998357 1.3021998325004376 0.7787656381357909 0.7300744966298893 0.0 left
2.95 0.9904118067715995 0.0 0.03785679551275806 -0.018747044605753105 0.9809618825425215 0.2543847399679976 0.00071603163656653 3.8931966164403455 3.893361712248134 right
2.95 0.0 0.0 0.043535314839671754 -0.2234192538170961 1.308003576374762 1.2951381872635723 0.779788298530607 0.728583065912305 0.0 left
2.95 0.9889936925925207 0.0 0.043535314839671754 -0.021528282033032184 0.9781694226345217 0.2540848510662423 0.0009433005702608533 3.8921578042250724 3.892375670734816 right
2.95 0.0 0.0 0.05006561206562252 -0.22766700952596863 1.2939405543511866 1.2870715383836682 0.7811041609629628 0.7268919774525338 0.0 left
2.95 0.9873692189519031 0.0 0.05006561206562252 -0.024716934485827034 0.9749779404285481 0.2537412246677649 0.001242003267239103 3.890957378224371 3.891244791794125 right
2.95 0.0 0.0 0.05757545387546589 -0.23249605726684452 1.2782624955653585 1.2778711867283368 0.7827911214385562 0.7249760351836504 0.0 left
2.95 0.985509416678002 0.0 0.05757545387546589 -0.028371048982135313 0.9713337040233504 0.2533476895760842 0.001634238181178514 3.8895692849348897 3.889948309088638 right
2.95 0.0 0.0 0.06621177195678576 -0.2379779801309057 1.2608548131243231 1.2673977069500744 0.7849450346164697 0.7228065405399657 0.0 left
2.95 0.9833815784245488 0.0 0.06621177195678576 -0.032556434242543196 0.9671767572922247 0.2528972683078232 0.0021487631787003845 3.887963006961005 3.888462635458718 right
2.95 0.0 0.0 0.07614353775030362 -0.2441911279307839 1.2416133329910242 1.2555022469760877 0.7876828303576643 0.7203504569108194 0.0 left
2.95 0.9809488775635025 0.0 0.07614353775030362 -0.03734754149353299 0.9624405108348985 0.2523820915953772 0.002822915235776485 3.88610272813458 3.886761027149955 right
2.95 0.0 0.0 0.08756506841284915 -0.25122078517771335 1.220449577564095 1.242028907943462 0.7911456295145148 0.7175691708986891 0.0 left
2.95 0.9781699800488644 0.0 0.08756506841284915 -0.042828396376788896 0.9570514090090472 0.25179331002309513 0.003705041298173224 3.883946326819524 3.8848132222382876 right
2.95 0.0 0.0 0.10069982867477653 -0.25915924576536536 1.197296428692767 1.2268182723856638 0.7955018894344826 0.7144168210433645 0.0 left
2.95 0.9749986607568699 0.0 0.10069982867477653 -0.04909356839140983 0.9509287145226946 0.25112100489374334 0.004857556296909186 3.88144415973085 3.8825850556365062 right
2.95 0.0 0.0 0.11580480297599301 -0.2681057849900136 1.1721138421665274 1.2097123348257883 0.8009503157066963 0.7108380039224014 0.0 left
2.95 0.9713834400037025 0.0 0.11580480297599301 -0.05624915759906939 0.9439844620573676 0.2503541012504008 0.0063607611143632085 3.8785375904798007 3.8800380547077116 right
2.95 0.0 0.0 0.13317552342239194 -0.27816652519749674 1.1448940873963802 1.1905608645018195 0.8077223635657608 0.7067647348343262 0.0 left
2.95 0.9672672609325141 0.0 0.13317552342239194 -0.06441377002463931 0.9361236429335021 0.24948028697566255 0.008317567827045357 3.875157207482125 3.877129021528156 right
2.95 0.0 0.0 0.15315185193575073 -0.28945419790163024 1.1156660730035965 1.1692291778009207 0.8160841395410613 0.7021124700518292 0.0 left
2.95 0.9625872342068258 0.0 0.15315185193575073 -0.07371944318275774 0.9272446931127997 0.24848594305356425 0.010859288835351071 3.871220664719799 3.873809610225429 right
2.95 0.0 0.0 0.1761246297261133 -0.30208781150012487 1.084498088892714 1.1456069495323513 0.8263375953418266 0.696775102951146 0.0 left
2.95 0.957274482802356 0.0 0.1761246297261133 -0.08431247146789729 0.917240365600141 0.24735609138884673 0.014152646349192556 3.866630066086039 3.8700259105303743 right
2.95 0.0 0.0 0.2025433241850303 -0.3161922381613463 1.0514984444593616 1.119617496597001 0.838820974120814 0.6906188522184558 0.0 left
2.95 0.9512541263621703 0.0 0.2025433241850303 -0.09635406795819648 0.9059990737780044 0.2460743679852063 0.01840814360957499 3.8612687997177684 3.8657180516231526 right
2.95 0.0 0.0 0.23292482281278482 -0.33189773440290726 1.0168137688828898 1.0912267757828662 0.8539086063282957 0.6834749780284121 0.0 left
2.95 0.9444454510877327 0.0 0.23292482281278482 -0.11002078495946915 0.8934067920424507 0.2446230307050297 0.02388990236525114 3.8549977130085287 3.8608198433554684 right
2.95 0.0 0.0 0.26786354623470254 -0.3493394060048941 0.9806249115641713 1.0604511232233054 0.8720102882026491 0.6751313529176879 0.0 left
2.95 0.9367623167677874 0.0 0.26786354623470254 -0.12550460115661016 0.8793495914899279 0.24298301213932952 0.030927004713078902 3.847650502239548 3.855258474739115 right
2.95 0.0 0.0 0.3080430781699079 -0.377782904794608 1.1475907805578327 1.1123203169101357 0.9275286023831195 0.5909785299023557 0.0 left
2.95 0.9281138563344575 0.0 0.3080430781699079 -0.14301256976436988 0.8637168682489776 0.24113402912989454 0.03992627353157904 3.839028173483744 3.8489542918660367 right
2.95 0.0 0.0 0.35424953989539404 -0.4258520883870366 1.318517023142956 1.147728250361939 1.0009389699500035 0.5170368466552964 0.0 left
2.95 0.918405524081199 0.0 0.35424953989539404 -0.16276591125943832 0.8464052874619754 0.23905476097809303 0.05138627773998445 3.8288924143099856 3.8418206787580425 right
2.95 0.0 0.0 0.4073869708797031 -0.48745736808920104 1.4617021936174184 1.1642947066483758 1.0782837311612163 0.4515021010105862 0.0 left
2.95 0.9075405450118531 0.0 0.4073869708797031 -0.18499842825989343 0.8273234148693884 0.23672310807847546 0.06591215319504813 3.8169576996392918 3.833764064600726 right
2.95 0.0 0.0 0.46849501651165854 -0.5650700526225259 1.5997034966611279 1.1729523713130554 1.1627296276385757 0.38405451956247477 0.0 left
2.95 0.8954218083162692 0.0 0.46849501651165854 -0.20995412136817693 0.806396940180824 0.23411654134540283 0.08423058986017508 3.8028819406793093 3.8246840790083794 right
2.95 0.0 0.0 0.5387692689884073 -0.6621767036087192 1.7395802560535687 1.1769621938570178 1.255797009044802 0.3108756943072311 0.0 left
2.95 0.8819542314778758 0.0 0.5387692689884073 -0.23788389590018574 0.7835743144773494 0.23121255009282574 0.10720406237828298 3.786255473823029 3.8144738731690575 right
2.95 0.0 0.0 0.6195846593366683 -0.783277559159945 1.8851379609394425 1.1779061793378145 1.3586942537124027 0.22937939021282272 0.0 left
2.95 0.867047597281786 0.0 0.6195846593366683 -0.269041272739546 0.7588325340034766 0.22798919178905797 0.1358430968027655 3.7665881769845733 3.803020618994969 right
2.95 0.0 0.0 0.7125223582371686 -0.9340750833449418 2.03907839039822 1.176746737095226 1.4725427662203383 0.13727817103260315 0.0 left
2.95 0.850619834076449 0.0 0.7125223582371686 -0.30367705373170945 0.7321827151808786 0.2244257412801483 0.17131510515284415 3.743294493679611 3.7902061912524965 right
2.95 0.0 0.0 0.8194007119727437 -1.1217543455628491 2.203673441062963 1.17415584749819 1.5984378208764345 0.03227498519363411 0.0 left
2.95 0.8326006712007392 0.0 0.8194007119727437 -0.3420329434924941 0.703675034405765 0.2205034297887545 0.21494812557229206 3.7156761390223387 3.7759080300854406 right
2.95 0.0 0.0 0.9423108187686552 -0.6683595864776621 0.3941318253762934 0.5056564344959882 1.5414535016933684 1.0353165419841999 0.0 left
2.95 0.812935558926278 0.0 0.9423108187686552 -0.38433419399084606 0.6734025669703524 0.21620625561330464 0.26822772744858914 3.682902254568817 3.7600001749267262 right
2.95 0.0 0.0 1.0836574415839535 -0.7428805118488621 0.32158667070912494 0.4743737201607209 1.429080839794211 1.0243851364517638 0.0 left
2.95 0.7915896991940726 0.0 1.0836574415839535 -0.4307814125658047 0.6415035670314158 0.21152183957836976 0.3327854217854014 3.6439867676065383 3.742354457449701 right
2.925 0.0 0.26786354623470254 1.0e-6 -0.44031638388693506 1.6977559134327211 1.032713670013002 1.5918985978478848 0.9683216135540647 0.0 left
2.925 0.9768868869305513 0.26786354623470254 1.0e-6 -0.4629726076356957 1.1131363033197006 0.4089646813776401 0.9496341354346012 2.4451979267909296 2.3886827675187163 right
2.925 0.0 0.23292482281278482 1.0e-6 -0.40360557955928833 1.6637377490175047 1.060391845313736 1.4796265381047538 0.9430466143506478 0.0 left
2.925 0.9809418574452926 0.23292482281278482 1.0e-6 -0.40640333900663717 1.1006863401732123 0.3955947205446312 0.8846241136591274 2.52783859963687 2.479663672191556 right
2.925 0.0 0.2025433241850303 1.0e-6 -0.37242869167304626 1.6337694352587477 1.0869946261486363 1.3827255024963776 0.9199667495583675 0.0 left
2.925 0.9843530052901385 0.2025433241850303 1.0e-6 -0.3564484868048464 1.0893586319261677 0.3835093646677814 0.8186582625463998 2.6074972572231565 2.5666987457864128 right
2.925 0.0 0.1761246297261133 1.0e-6 -0.34592698100494323 1.607393860365751 1.1123688845462114 1.2990463315384142 0.8989813554871798 0.0 left
2.925 0.9872018771567905 0.1761246297261133 1.0e-6 -0.3123909540254291 1.079101188577092 0.37258145085746197 0.7530323329445497 2.6839758799509257 2.64962701413298 right
2.925 0.0 0.15315185193575073 1.0e-6 -0.3233762412291856 1.5842018353110179 1.13640690889163 1.2267124734942947 0.8799654910303374 0.0 left
2.925 0.9895650298102072 0.15315185193575073 1.0e-6 -0.2735819085202258 1.0698598412636058 0.3626998386771577 0.6888641962665121 2.7570997576049923 2.7283304933891293 right
2.925 0.0 0.13317552342239194 1.0e-6 -0.30416618564206055 1.5638274355320851 1.1590295111589768 1.1641256001787477 0.8627898007277964 0.0 left
2.925 0.9915136650481786 0.13317552342239194 1.0e-6 -0.23943572789397688 1.0615738157979402 0.353763700550693 0.6270495243991644 2.826744645308806 2.8027569349391133 right
2.925 0.0 0.11580480297599301 1.0e-6 -0.2877827868127839 1.5459438129398908 1.18018567064003 1.1099234597865726 0.8473233023342988 0.0 left
2.925 0.9931125785641185 0.11580480297599301 1.0e-6 -0.20942493596175593 1.0541761002559262 0.34567982088402743 0.5682561510199394 2.8928493765207954 2.8729260968267485 right
2.925 0.0 0.10069982867477653 1.0e-6 -0.2737931991839485 1.5302594090317208 1.1998511277961392 1.0629438667946103 0.8334357296355994 0.0 left
2.925 0.9944190523910102 0.10069982867477653 1.0e-6 -0.18307522179530217 1.0475964766589843 0.338365603330837 0.5129405848409802 2.9553821422464357 2.938889303765067 right
2.925 0.0 0.08756506841284915 1.0e-6 -0.2618329308665004 1.516514515153627 1.218026137383182 1.0221940667484126 0.8209994443323431 0.0 left
2.925 0.9954831319725301 0.08756506841284915 1.0e-6 -0.15996146138903788 1.0417630614309752 0.3317434971506994 0.461378157102435 3.0143760973323257 3.000761553798648 right
2.925 0.0 0.07614353775030362 1.0e-6 -0.25159496464266595 1.5044781380673935 1.2347326150327784 0.9868247680978626 0.8098909456934026 0.0 left
2.925 0.9939198025255842 0.07614353775030362 1.0e-6 -0.13945781563737267 1.049550111787686 0.3392465021847954 0.5358806871494294 2.9477080951855323 2.929786441789673 right
2.925 0.0 0.06621177195678576 1.0e-6 -0.24282055995690965 1.4939451382595808 1.2500109092392009 0.9561081997524227 0.7999920181478448 0.0 left
2.925 0.995327704062417 0.06621177195678576 1.0e-6 -0.12179862572811756 1.0421779199242514 0.3311960339246318 0.46950770164273326 3.0193588279246413 3.005252485266528 right
2.9 0.0 0.26786354623470254 1.0e-6 -0.4295638916653498 1.7090715511492711 1.050479504532268 1.5487634040816038 0.951945226161981 0.0 left
2.9 0.9760342305420932 0.26786354623470254 1.0e-6 -0.4555940824845014 1.1154942416040785 0.4179330142980117 0.9323483309727538 2.3927269391403594 2.335384372975429 right
2.9 0.0 0.23292482281278482 1.0e-6 -0.3934864828735667 1.6747321328690548 1.0788163081767845 1.4389653862051521 0.9269408643568845 0.0 left
2.9 0.9802856537997473 0.23292482281278482 1.0e-6 -0.400071780697548 1.1026702368049341 0.4038456297224711 0.8689015303041355 2.4761926898691096 2.427377150208149 right
2.9 0.0 0.2025433241850303 1.0e-6 -0.36285712692404914 1.6444810806409051 1.1060452709426825 1.3442593781239798 0.9041211243572607 0.0 left
2.9 0.983843057204587 0.2025433241850303 1.0e-6 -0.35100108075863634 1.0910418019473636 0.39117560746083113 0.8044436240079751 2.5563956181100163 2.5150930641888256 right
2.9 0.0 0.1761246297261133 1.0e-6 -0.33682902264251513 1.617856806159119 1.1320268509559548 1.2624861544681318 0.8833702726474084 0.0 left
2.9 0.9868038271758007 0.1761246297261133 1.0e-6 -0.3076961822095128 1.0805357066189105 0.37975453903229145 0.7402490470730456 2.633278914305297 2.598530697461632 right
2.9 0.0 0.15315185193575073 1.0e-6 -0.31468820226115735 1.594446148777239 1.1566542576436172 1.1917982248335826 0.8645615893750137 0.0 left
2.9 0.9892528382078717 0.15315185193575073 1.0e-6 -0.2695299108924895 1.0710873164766326 0.36945656472542304 0.6774167737357197 2.7066771199115824 2.677589012237679 right
2.9 0.0 0.13317552342239194 1.0e-6 -0.2958331608142646 1.5738796612207622 1.1798375310818114 1.1306471930753563 0.847573325833731 0.0 left
2.9 0.9912687679770694 0.13317552342239194 1.0e-6 -0.2359352052055948 1.0626254115286986 0.36015657999690526 0.6168370779965658 2.77656912405158 2.7523272460705486 right
2.9 0.0 0.11580480297599301 1.0e-6 -0.2797574053712405 1.5558273718966147 1.201526390149382 1.0776922997444878 0.8322736867637864 0.0 left
2.9 0.9929200766582059 0.11580480297599301 1.0e-6 -0.20639807625679563 1.0550786467745503 0.35175773610422656 0.5591724585382282 2.842864692380104 2.8227384212070366 right
2.9 0.0 0.10069982867477653 1.0e-6 -0.2660345579202815 1.5399949539082192 1.221694665548038 1.0317962441584723 0.8185341284573315 0.0 left
2.9 0.9942674448772717 0.10069982867477653 1.0e-6 -0.18045593449031144 1.0483722547342456 0.34416957810600846 0.5048808811617225 2.905543428136492 2.8888882345406635 right
2.9 0.0 0.08756506841284915 1.0e-6 -0.25430568199912684 1.5261202460634078 1.2403369257822463 0.9919948272911706 0.8062315479581506 0.0 left
2.9 0.9953635211425277 0.08756506841284915 1.0e-6 -0.15769341468466266 1.0424306965833017 0.33730802893038475 0.4542419885932478 2.9646482648604717 2.9509037312241255 right
2.9 0.0 0.07614353775030362 1.0e-6 -0.24426853635902002 1.5139700834417915 1.257483244242584 0.9574428928712122 0.7952382245212991 0.0 left
2.9 0.9937418006940236 0.07614353775030362 1.0e-6 -0.13748801284046935 1.0504231211168267 0.34514491228337585 0.5280197199510359 2.8973327413096954 2.8792016493006494 right
2.9 0.0 0.06621177195678576 1.0e-6 -0.23566849018119262 1.5033374046383667 1.273169314236428 0.9274364015017975 0.7854404874896204 0.0 left
2.9 0.9951961546997407 0.06621177195678576 1.0e-6 -0.12009238437700118 1.0428975290055433 0.33678802065752844 0.46269870770744986 2.9692257499528307 2.9549630439846655 right
2.875 0.0 0.26786354623470254 1.0e-6 -0.4188853692656952 1.7206494865539497 1.0689383388962848 1.505868682659802 0.9355066561596004 0.0 left
2.875 0.9751231535197825 0.26786354623470254 1.0e-6 -0.44818589746045634 1.1179704071086096 0.4273539780547319 0.9149862616005919 2.339979557925047 2.2817692208188523 right
2.875 0.0 0.23292482281278482 1.0e-6 -0.383439383614785 1.685981299591852 1.0979462802792193 1.398590486749532 0.9107903729127891 0.0 left
2.875 0.9795851773913538 0.23292482281278482 1.0e-6 -0.3937173029321278 1.1047508495641267 0.4125002182393751 0.853119272417306 2.4242401416609165 2.374750688793327 right
2.875 0.0 0.2025433241850303 1.0e-6 -0.3533558216395144 1.6554408960845515 1.1258355246790932 1.3060619682411794 0.8882282111763296 0.0 left
2.875 0.983301344187789 0.2025433241850303 1.0e-6 -0.3455379048084565 1.0928012405575167 0.3991919863672299 0.7901873556146324 2.5050593071978176 2.46322916733909 right
2.875 0.0 0.1761246297261133 1.0e-6 -0.32779979567028783 1.6285621049685917 1.1524546810904424 1.2261867316809827 0.8677120792282511 0.0 left
2.875 0.9863825409568112 0.1761246297261133 1.0e-6 -0.3029902794337473 1.0820314610165642 0.3872371713834356 0.7274360320752027 2.5823957167909537 2.5472310352667877 right
2.875 0.0 0.15315185193575073 1.0e-6 -0.3060675541383311 1.6049276999903392 1.1776922252396234 1.157155854033032 0.849117282831944 0.0 left
2.875 0.9889238916135784 0.15315185193575073 1.0e-6 -0.2654703103449481 1.0723636707461635 0.3764868869701668 0.6659490969852059 2.656134006580564 2.626715367358709 right
2.875 0.0 0.13317552342239194 1.0e-6 -0.28756635351627446 1.5841646280534294 1.2014632994445387 1.097436230132619 0.8323173908008847 0.0 left
2.875 0.9910112891510372 0.13317552342239194 1.0e-6 -0.23242911288822726 1.0637172202518221 0.36679825169820257 0.6066096642581481 2.72629334674293 2.701788475170896 right
2.875 0.0 0.11580480297599301 1.0e-6 -0.2717972167958257 1.565939720675385 1.2237109323938504 1.0457246860829044 0.8171854559906954 0.0 left
2.875 0.9927180618829471 0.11580480297599301 1.0e-6 -0.20336710147150516 1.0560144950091654 0.3580639675866172 0.5500776222568253 2.792796071261005 2.772460095814596 right
2.875 0.0 0.10069982867477653 1.0e-6 -0.2583402166335068 1.5499558177434127 1.24440692127618 1.0009087425711591 0.803594659026444 0.0 left
2.875 0.9941085986398466 0.10069982867477653 1.0e-6 -0.17783358157889229 1.0491757718338244 0.35018483219670316 0.49681281688613205 2.8556338192667794 2.83881112840845 right
2.875 0.0 0.08756506841284915 1.0e-6 -0.24684195669649545 1.5359482482761582 1.2635488158320909 0.9620386779293739 0.791420738099976 0.0 left
2.875 0.9952383719778932 0.08756506841284915 1.0e-6 -0.1554230679777163 1.0431215491562826 0.34306951143349596 0.44709950844229807 2.9148601773210574 2.9009816926585743 right
2.875 0.0 0.07614353775030362 1.0e-6 -0.23700495776124653 1.5236816252158079 1.2811521647321389 0.9283095124934837 0.7805464068797114 0.0 left
2.875 0.9935545665002137 0.07614353775030362 1.0e-6 -0.13551623876714614 1.0513302079479538 0.3512640380418078 0.5201506700227893 2.846860311435983 2.828512056170008 right
2.875 0.0 0.06621177195678576 1.0e-6 -0.228578686288618 1.5129469206456818 1.2972667495317507 0.8990112330840005 0.7708504847551212 0.0 left
2.875 0.9950580958972264 0.06621177195678576 1.0e-6 -0.11838468200402916 1.04364399916152 0.34258123337998264 0.4558837602614142 2.9190147036151033 2.904590207933347 right
2.85 0.0 0.26786354623470254 1.0e-6 -0.4082823799876828 1.7324995082169616 1.0881149272391974 1.4632670177222769 0.9190195693963177 0.0 left
2.85 0.9741465652175598 0.26786354623470254 1.0e-6 -0.440744847990297 1.120576510348456 0.4372713063816144 0.8975388034787153 2.286908718076224 2.227785246826612 right
2.85 0.0 0.23292482281278482 1.0e-6 -0.3734657958601755 1.697494759666085 1.1178299922823198 1.358491503191741 0.8945894179563643 0.0 left
2.85 0.9788391041237663 0.23292482281278482 1.0e-6 -0.3873409855168537 1.1069312225210055 0.4215739654472067 0.8372798350586278 2.372061987663855 2.3218680097700326 right
2.85 0.0 0.2025433241850303 1.0e-6 -0.34392624622205026 1.6666581475904996 1.1464036424178052 1.2681523044500875 0.8722921112561411 0.0 left
2.85 0.9827263709942952 0.2025433241850303 1.0e-6 -0.3400591162839704 1.0946403319230198 0.40757567014620744 0.7758898397327703 2.453531124823043 2.411150721145271 right
2.85 0.0 0.1761246297261133 1.0e-6 -0.31884073190911577 1.6395188078182914 1.173690862936554 1.1901698813877746 0.852012108032568 0.0 left
2.85 0.9859368623218541 0.1761246297261133 1.0e-6 -0.29827323323801874 1.0835912875665275 0.39504493731560714 0.714593310260549 2.53135658882308 2.4957587585388414 right
2.85 0.0 0.15315185193575073 1.0e-6 -0.2975156946969679 1.6156553509660454 1.1995726518500354 1.1227824385495202 0.8336292086061687 0.0 left
2.85 0.9885771052628483 0.15315185193575073 1.0e-6 -0.26140285316020473 1.0736916482103136 0.3838066314959544 0.6544604672386305 2.60547769145023 2.5757165826179023 right
2.85 0.0 0.13317552342239194 1.0e-6 -0.2793671316434041 1.5946910319318508 1.2239606624920856 1.0644901125014632 0.8170187218298804 0.0 left
2.85 0.9907402592173093 0.13317552342239194 1.0e-6 -0.22891712735458614 1.064851798311767 0.37370444932366614 0.5963662444403979 2.675910410232898 2.6511331642166973 right
2.85 0.0 0.11580480297599301 1.0e-6 -0.26390356271028514 1.576289409186418 1.2467950324141417 1.0140183894714612 0.8020554519444083 0.0 left
2.85 0.9925058333797051 0.11580480297599301 1.0e-6 -0.20033178364885906 1.0569856699201408 0.36461234205375576 0.5409709052368323 2.7426379199205093 2.7220851268753194 right
2.85 0.0 0.10069982867477653 1.0e-6 -0.25071149396483905 1.5601504221561149 1.2680453965788938 0.9702795306096925 0.7886142993401787 0.0 left
2.85 0.993942001543202 0.10069982867477653 1.0e-6 -0.1752080006060992 1.0500086486920075 0.35642367390913376 0.4887358644178386 2.8056487735751943 2.7886531515765602 right
2.85 0.0 0.08756506841284915 1.0e-6 -0.23944305351859885 1.5460068307213797 1.2877078032149756 0.9323452306800324 0.7765726897014482 0.0 left
2.85 0.9912572534862546 0.08756506841284915 1.0e-6 -0.15275453897021046 1.0617367306955126 0.3681927418317285 0.5838178402177513 2.7159678021688927 2.6922237753922893 right
2.85 0.0 0.07614353775030362 1.0e-6 -0.22980551003666083 1.5336209732554855 1.3058017736024117 0.8994220509453136 0.7658120201808704 0.0 left
2.85 0.9933569781046473 0.07614353775030362 1.0e-6 -0.1335423895946192 1.052274515459699 0.3576221620098244 0.5122728893247858 2.7962462861861637 2.7776717542392086 right
2.85 0.0 0.06621177195678576 1.0e-6 -0.22155241435666284 1.5227818091758978 1.32236163517284 0.8708376526875174 0.7562217861134933 0.0 left
2.85 0.9949130482445598 0.06621177195678576 1.0e-6 -0.11667544508982658 1.0444189729028965 0.34858734504550226 0.4490625509823698 2.8687204674114652 2.8541284197069476 right
2.825 0.0 0.26786354623470254 1.0e-6 -0.39775654373033775 1.744631910005547 1.1080563368782126 1.4209543571937366 0.9024801886526946 0.0 left
2.825 0.9730977810943445 0.26786354623470254 1.0e-6 -0.43326872145564643 1.1233236176429868 0.44772717011986324 0.8799993089497687 2.2335020499316918 2.1734168619559804 right
2.825 0.0 0.23292482281278482 1.0e-6 -0.3635672881939529 1.7092825148209319 1.1385052872356123 1.3186931382454723 0.8783436253711171 0.0 left
2.825 0.9780418139352054 0.23292482281278482 1.0e-6 -0.38094027358205995 1.1092213024241782 0.431107248904931 0.8213756825972515 2.3196074096013954 2.268674016545906 right
2.825 0.0 0.2025433241850303 1.0e-6 -0.33456992386285966 1.6781425799479612 1.167800664365617 1.230527775425787 0.8563095250014812 0.0 left
2.825 0.982114998790802 0.2025433241850303 1.0e-6 -0.3345635931563585 1.0965652880229444 0.416355005381149 0.7615476324304598 2.4017955127729342 2.358840379237743 right
2.825 0.0 0.1761246297261133 1.0e-6 -0.3099533143795121 1.6507364336132744 1.1957933852628824 1.1544242561023268 0.8362638701055999 0.0 left
2.825 0.9854646424435475 0.1761246297261133 1.0e-6 -0.29354430028257483 1.0852198504057902 0.40320129820265677 0.7017185574043296 2.4801497446967113 2.444100866828643 right
2.825 0.0 0.15315185193575073 1.0e-6 -0.2890340714764241 1.6266384220639731 1.222352147292955 1.0886752425574269 0.8180938527923148 0.0 left
2.825 0.9882104711818952 0.15315185193575073 1.0e-6 -0.25732663674722894 1.0750757948783156 0.39144000185075023 0.6429478393386608 2.554668924565563 2.524551569869152 right
2.825 0.0 0.13317552342239194 1.0e-6 -0.271236911511065 1.6054680187028343 1.2473884380594817 1.0318064304180665 0.8016738989237584 0.0 left
2.825 0.9904548522146933 0.13317552342239194 1.0e-6 -0.22539907669135623 1.066031436219198 0.38088989482925567 0.586106387019254 2.625429639078197 2.6003705156281236 right
2.825 0.0 0.11580480297599301 1.0e-6 -0.2560778320187861 1.5868854299103525 1.2708395878383647 0.9825713631796104 0.7868803732037971 0.0 left
2.825 0.9922826201496376 0.11580480297599301 1.0e-6 -0.19729187639132806 1.0579943740867581 0.37141787981465274 0.5318515083058665 2.6923841929234698 2.6716070336861883 right
2.825 0.0 0.10069982867477653 1.0e-6 -0.24314975481229795 1.5705876248699713 1.2926681468172885 0.9399139093725437 0.7735927506173768 0.0 left
2.825 0.9937670918254242 0.10069982867477653 1.0e-6 -0.17257901615829035 1.0508726432742972 0.36289943599632546 0.4806494515279086 2.7555833322118732 2.738409028101897 right
2.825 0.0 0.08756506841284915 1.0e-6 -0.23211031644553826 1.5563047327001 1.3128781934395293 0.9029127139763945 0.7616842842838079 0.0 left
2.825 0.9909693133493698 0.08756506841284915 1.0e-6 -0.15047025572425016 1.0629472424276853 0.37525487192653667 0.5746998680769109 2.6648544750696725 2.640790000305102 right
2.825 0.0 0.07614353775030362 1.0e-6 -0.22267151891836034 1.5437967628691613 1.331483501712012 0.8708002537603908 0.7510409758969654 0.0 left
2.825 0.9931489655427064 0.07614353775030362 1.0e-6 -0.13156635332894204 1.053256766197027 0.36422523793274647 0.5043862985063837 2.7455528382671 2.7267439543167775 right
2.825 0.0 0.06621177195678576 1.0e-6 -0.21459098439375246 1.5328506141255966 1.3485233624775905 0.8429132537737796 0.7415508542910062 0.0 left
2.825 0.9947604847406666 0.06621177195678576 1.0e-6 -0.11496459463683809 1.045224236314183 0.3548189910688303 0.4422347487803922 2.818337435007874 2.803571707771684 right
2.8 0.0 0.26786354623470254 1.0e-6 -0.3873095398645703 1.7570575246200653 1.1288016917595471 1.3789568511442585 0.8858941995732976 0.0 left
2.8 0.9719688639464934 0.26786354623470254 1.0e-6 -0.42575479436666164 1.126224648216313 0.458770460918424 0.862359890457915 2.1797382927131252 2.1186387240379094 right
2.8 0.0 0.23292482281278482 1.0e-6 -0.3537454866293803 1.7213550905154285 1.1600247088357687 1.2791927472139644 0.8620496032182938 0.0 left
2.8 0.9771888224177228 0.23292482281278482 1.0e-6 -0.374514000979543 1.1116292347008372 0.4411345608720048 0.805403294053448 2.266881009931999 2.2151717618453706 right
2.8 0.0 0.2025433241850303 1.0e-6 -0.3252884332337572 1.689904448486433 1.190082436909829 1.1931857478415908 0.840276924440766 0.0 left
2.8 0.9814636648150181 0.2025433241850303 1.0e-6 -0.3290500834787791 1.0985830615906593 0.4255616403252004 0.747156883795499 2.3498348527705466 2.306278507773904 right
2.8 0.0 0.1761246297261133 1.0e-6 -0.30113907981574295 1.6622250002388883 1.2188082961986224 1.1189714515599842 0.8204725749821608 0.0 left
2.8 0.984963461167466 0.1761246297261133 1.0e-6 -0.2888026558958608 1.086922331907628 0.41173225965645815 0.6888091857741192 2.4287618101679027 2.3922426238577987 right
2.8 0.0 0.15315185193575073 1.0e-6 -0.28062418421563284 1.6378867224341582 1.246078361369308 1.0548559418044017 0.802516747680897 0.0 left
2.8 0.9878225344093714 0.15315185193575073 1.0e-6 -0.2532412854969328 1.0765196239200057 0.399406941531431 0.6314100801918768 2.503711119187858 2.473223251007608 right
2.8 0.0 0.13317552342239194 1.0e-6 -0.26317716027703697 1.616505214062769 1.2717964140707565 0.9994059196855676 0.7862883690659241 0.0 left
2.8 0.9901534277465907 0.13317552342239194 1.0e-6 -0.22187424321905047 1.0672601198525191 0.3883778545240965 0.575827570783663 2.57481110205809 2.5494590286562224 right
2.8 0.0 0.11580480297599301 1.0e-6 -0.24832146326209048 1.597737247327329 1.2958965568272083 0.9514033754710373 0.7716655305819912 0.0 left
2.8 0.9920475693215778 0.11580480297599301 1.0e-6 -0.19424711096848835 1.0590430144131535 0.37849696329401233 0.522718554467793 2.642028123026836 2.6210185695755928 right
2.8 0.0 0.10069982867477653 1.0e-6 -0.23565641269992144 1.5812767486727801 1.318343667859737 0.9098097987288482 0.7585265557347262 0.0 left
2.8 0.9935832521096524 0.10069982867477653 1.0e-6 -0.1699464386239471 1.0517696658473399 0.36962658627886297 0.47255295707684314 2.7054320968648313 2.6880730147480474 right
2.8 0.0 0.08756506841284915 1.0e-6 -0.22484513710654797 1.5668511525477564 1.3391250524886809 0.8737465451127587 0.746755248149911 0.0 left
2.8 0.9906642230628531 0.08756506841284915 1.0e-6 -0.1481827898624476 1.0642119152813334 0.3826157224886228 0.5655687050408824 2.613587363530292 2.5891884855628504 right
2.8 0.0 0.07614353775030362 1.0e-6 -0.21560435701641034 1.5542180830366954 1.3582692024399385 0.8424424655032611 0.7362300786430565 0.0 left
2.8 0.9929293075458934 0.07614353775030362 1.0e-6 -0.12958800892512543 1.054280394148276 0.3710933023640358 0.49649020168496383 2.6947390926654777 2.6756864142264893 right
2.8 0.0 0.06621177195678576 1.0e-6 -0.2076957524554267 1.5431623284632139 1.3758095355171513 0.815257837331408 0.7268437951439086 0.0 left
2.8 0.9945998236226614 0.06621177195678576 1.0e-6 -0.11325204561270777 1.0460617385349749 0.3612898910484473 0.4353999968819042 2.7678594488435704 2.7529135142319556 right
2.775 0.0 0.26786354623470254 1.0e-6 -0.37694311046339535 1.7697877597104161 1.1504049536668532 1.3372718443853087 0.8692581220270343 0.0 left
2.775 0.9707487715901617 0.26786354623470254 1.0e-6 -0.4181984347394474 1.1292970733230818 0.4704659913575281 0.8446072768877153 2.1255511512075786 2.0633771397355827 right
2.775 0.0 0.23292482281278482 1.0e-6 -0.34400207758615875 1.7337235711455872 1.1824458335724821 1.23998760241873 0.8457037008899638 0.0 left
2.775 0.9762729637017464 0.23292482281278482 1.0e-6 -0.3680591587233395 1.1141674048914914 0.45170618207229446 0.7893536025389805 2.213827456835139 2.161300868681705 right
2.775 0.0 0.2025433241850303 1.0e-6 -0.3160834113456039 1.7019545534254614 1.2132968078595112 1.1561491098594112 0.8241996354275275 0.0 left
2.775 0.980767834596454 0.2025433241850303 1.0e-6 -0.32351681730637477 1.1007022579574397 0.43523411480427515 0.7327120291752878 2.2976130104497554 2.2534259177672813 right
2.775 0.0 0.1761246297261133 1.0e-6 -0.2923996215670719 1.6739950580501868 1.2427978139766098 1.0838101406902787 0.8046351111629865 0.0 left
2.775 0.98443059086064 0.1761246297261133 1.0e-6 -0.2840473891934424 1.088704495775468 0.4206666823101178 0.6758623320225763 2.3771779924232566 2.3401677200927273 right
2.775 0.0 0.15315185193575073 1.0e-6 -0.2722875876588916 1.6494105828438006 1.2708165073883586 1.0213229282306098 0.7868946644693648 0.0 left
2.775 0.9874117038231401 0.15315185193575073 1.0e-6 -0.24914640071127558 1.078026944990181 0.40772907192589575 0.619846096164414 2.45260802117313 2.4217348524085645 right
2.775 0.0 0.13317552342239194 1.0e-6 -0.2551893986633065 1.6278127558007083 1.2972524350881043 0.9672872386267394 0.7708589906633314 0.0 left
2.775 0.9898348717028179 0.13317552342239194 1.0e-6 -0.21834236362683557 1.0685407856464275 0.3961868571092133 0.5655290247912919 2.5240605180839752 2.4984041089226716 right
2.775 0.0 0.11580480297599301 1.0e-6 -0.24063594726174742 1.6088548296495495 1.3220362808224935 0.920513391903167 0.7564078932399484 0.0 left
2.775 0.9917997386902773 0.11580480297599301 1.0e-6 -0.1911971962881654 1.0601342194411552 0.38586745861756483 0.5135710914867827 2.591562444045446 2.5703119466035482 right
2.775 0.0 0.10069982867477653 1.0e-6 -0.22823293220680085 1.5922276128075363 1.345130301978554 0.8799873696881052 0.7434214019257455 0.0 left
2.775 0.9933898027025997 0.10069982867477653 1.0e-6 -0.16731006291457245 1.0527017957214468 0.376620850782162 0.46444570698981136 2.6551892209429218 2.6376388897203613 right
2.775 0.0 0.08756506841284915 1.0e-6 -0.21764895725048194 1.5776557785600387 1.3665253493807406 0.8448446685079936 0.7317819855502962 0.0 left
2.775 0.990340172689169 0.08756506841284915 1.0e-6 -0.145891949176085 1.0655353983904847 0.3902988091898055 0.556423437256276 2.562138510688827 2.5373896854693156 right
2.775 0.0 0.07614353775030362 1.0e-6 -0.20860544613969945 1.5648945070619458 1.3862317889525593 0.8143542335648797 0.7213790808561769 0.0 left
2.775 0.9926970179848683 0.07614353775030362 1.0e-6 -0.12760722527555593 1.0553483175213363 0.378243864653218 0.48858404562298574 2.643796014174496 2.624489412128321 right
2.775 0.0 0.06621177195678576 1.0e-6 -0.2008681230852546 1.5537264244594324 1.4043003875322004 0.7878699211013869 0.7120973579284743 0.0 left
2.775 0.9944304216624765 0.06621177195678576 1.0e-6 -0.11153770632028606 1.0469336100997553 0.36801496425025393 0.42855791050908054 2.7172798095922692 2.702146701258196 right
2.75 0.0 0.26786354623470254 1.0e-6 -0.3666590636156829 1.7828346370529107 1.1729253355683524 1.295896534369043 0.8525681872069931 0.0 left
2.75 0.9694263830653518 0.26786354623470254 1.0e-6 -0.41059594988668136 1.1325583613648262 0.4828793481333087 0.8267307604379827 2.070909681655264 2.007595451768465 right
2.75 0.0 0.23292482281278482 1.0e-6 -0.3343388110630652 1.746399638161151 1.205818299036124 1.2011020056876607 0.8293113439902632 0.0 left
2.75 0.9752880041984536 0.23292482281278482 1.0e-6 -0.3615740409331236 1.1168467102293533 0.4628676815606573 0.7732216224697064 2.1604436364202537 2.107055737635563 right
2.75 0.0 0.2025433241850303 1.0e-6 -0.30695655674036715 1.7143042769556687 1.237508235653904 1.1194165229117203 0.8080744302791336 0.0 left
2.75 0.9800237436417094 0.2025433241850303 1.0e-6 -0.3179629246213272 1.1029302088018265 0.4454066018861916 0.7182105745384012 2.2451386000087035 2.2002901157987798 right
2.75 0.0 0.1761246297261133 1.0e-6 -0.28373659256517103 1.6860577262152885 1.2678303946464513 1.0489387300503132 0.7887480347467661 0.0 left
2.75 0.9838629386978809 0.1761246297261133 1.0e-6 -0.2792774859431279 1.0905727875381563 0.4300367572137108 0.6628747984260678 2.3253816172422757 2.287857775396955 right
2.75 0.0 0.15315185193575073 1.0e-6 -0.26402589442222213 1.6612208913021245 1.2966382981910411 0.9880745064249654 0.7712240990851608 0.0 left
2.75 0.986975326864165 0.15315185193575073 1.0e-6 -0.24504091118116428 1.0796036225663528 0.4164377488397199 0.6082521291819176 2.4013182915056404 2.3700428926390047 right
2.75 0.0 0.13317552342239194 1.0e-6 -0.24727520373629064 1.6394013287925908 1.3238311345285438 0.9354489699349657 0.7553823520890337 0.0 left
2.75 0.9894979620783944 0.13317552342239194 1.0e-6 -0.21480315291848662 1.0698766250974325 0.40433701480031575 0.5552100098981262 2.4731834065620752 2.4472109301372367 right
2.75 0.0 0.11580480297599301 1.0e-6 -0.23302282980653866 1.62024868327578 1.3493307858271986 0.8899074014133036 0.7411071185603842 0.0 left
2.75 0.991538081919464 0.11580480297599301 1.0e-6 -0.18814181452239748 1.0612708725920166 0.3935489263465812 0.5044080749122642 2.54097912484309 2.519478559182398 right
2.75 0.0 0.10069982867477653 1.0e-6 -0.22088083172886153 1.6034505668373746 1.3731074626213209 0.850445564748656 0.7282741184608357 0.0 left
2.75 0.9931859916349876 0.10069982867477653 1.0e-6 -0.16466966555810847 1.0536713055710674 0.3838993846926066 0.4563269620921734 2.604848186723009 2.5870997225750827 right
2.75 0.0 0.08756506841284915 1.0e-6 -0.21052327127033976 1.5887288225559704 1.3951447009395956 0.8162275827081802 0.7167705286640336 0.0 left
2.75 0.9899958426599522 0.08756506841284915 1.0e-6 -0.14359752375479373 1.066921331937718 0.3983232194814275 0.5472633575066962 2.5105229943126806 2.4854083172676114 right
2.75 0.0 0.07614353775030362 1.0e-6 -0.20167625987799542 1.5758361256835058 1.4154576760037398 0.7865335936063428 0.7064842711267912 0.0 left
2.75 0.9924509924252423 0.07614353775030362 1.0e-6 -0.12562386005429682 1.0564637632874034 0.3856961590289835 0.4806672284187708 2.592713437492892 2.5731420165650745 right
2.75 0.0 0.06621177195678576 1.0e-6 -0.19410955174018985 1.564552886547549 1.434077626626438 0.7607551963893622 0.6973113221735397 0.0 left
2.75 0.994251564078055 0.06621177195678576 1.0e-6 -0.10982147768219591 1.0478421898423058 0.3750104949351909 0.42170807306685437 2.666591038105012 2.651263304643997 right
2.925 0.0 0.05757545387546589 1.0e-6 -0.23529149755999612 1.4847336153105588 1.263911623222172 0.929426660201622 0.7911935595140861 0.0 left
2.925 0.9963884513428872 0.05757545387546589 1.0e-6 -0.10632588764741163 1.0359954493211443 0.3242091440316513 0.4110442240792602 3.0844277349969804 3.073289170541142 right
2.925 0.0 0.05006561206562252 1.0e-6 -0.22882355657135922 1.4766825196537456 1.276511669272449 0.9062281644004769 0.7833839263359672 0.0 left
2.925 0.9971943588861379 0.05006561206562252 1.0e-6 -0.09278137976896 1.030785871502606 0.3180992406156383 0.3596236322762345 3.143672018724076 3.1348530004542052 right
2.925 0.0 0.043535314839671754 1.0e-6 -0.22326103939926467 1.4696494733369265 1.2878815472486445 0.8860575326463739 0.7764679245966308 0.0 left
2.925 0.9978110396955304 0.043535314839671754 1.0e-6 -0.08093396783959497 1.0263786051716626 0.31272042680109596 0.3144539919359558 3.197743420565287 3.1907446849648307 right
2.925 0.0 0.03785679551275806 1.0e-6 -0.21847218437927862 1.463508785005142 1.2981023209406775 0.8685153147730956 0.7703542977821841 0.0 left
2.925 0.9982857941740106 0.03785679551275806 1.0e-6 -0.07057780336604746 1.0226377463765863 0.30795808109803513 0.2748177960148897 3.247194191093754 3.2416288301790566 right
2.925 0.0 0.03291895261978962 1.0e-6 -0.21434532713956433 1.4581496456716554 1.3072530272718688 0.8532627454924859 0.7649618489190949 0.0 left
2.925 0.9986531946490982 0.03291895261978962 1.0e-6 -0.061530262606239644 1.0194536855812146 0.3037206397302121 0.24006924856465217 3.2924983207187903 3.288064965015806 right
2.925 0.0 0.028625176191121406 1.0e-6 -0.210785691665344 1.4534744925378655 1.3154288380200452 0.8399872564191336 0.7602073602676509 0.0 left
2.925 0.9989388037860331 0.028625176191121406 1.0e-6 -0.05362981486424556 1.01673712992866 0.2999339200478732 0.20963007456668967 3.3340667167837084 3.3305296167455483 right
2.925 0.0 0.024891457557496874 1.0e-6 -0.20771270897966376 1.449397529987687 1.3227023426547793 0.8284442184071583 0.7560269949250809 0.0 left
2.925 0.9991617088248058 0.024891457557496874 1.0e-6 -0.046733930767083987 1.0144147294569266 0.29653707860292605 0.182984571888052 3.372258566025591 3.3694326305909277 right
2.925 0.0 0.021644745702171196 1.0e-6 -0.20505777736148123 1.4458433959315058 1.3291667289313553 0.8183938031575289 0.752350061934868 0.0 left
2.925 0.9993362822317851 0.021644745702171196 1.0e-6 -0.04071709358195304 1.01242580913375 0.2934796787331582 0.15967436155826217 3.4073899454876915 3.4051293995739167 right
2.925 0.0 0.018821518001888 1.0e-6 -0.20276239048329103 1.4427459617123501 1.3348933768624913 0.8096488638665666 0.7491225010472383 0.0 left
2.925 0.9994734254301678 0.018821518001888 1.0e-6 -0.03546894710224509 1.0107198816177023 0.2907195129181727 0.13929312611866482 3.4397405913443166 3.4379303108955206 right
2.925 0.0 0.01636653739294609 1.0e-6 -0.20077657245015423 1.4400472574462326 1.33994985514788 0.8020466924948509 0.7462955842775046 0.0 left
2.925 0.999581459782991 0.01636653739294609 1.0e-6 -0.03089259520002239 1.0092547250211268 0.288220962801791 0.12148151571914395 3.469559264732368 3.468108114226241 right
2.9 0.0 0.05757545387546589 1.0e-6 -0.22829086441960245 1.494038609365404 1.2874508007518688 0.9013646824123566 0.7767277102668326 0.0 left
2.9 0.9962901484093943 0.05757545387546589 1.0e-6 -0.10484708850821878 1.0365929140752597 0.32954644289448715 0.40514278669655746 3.034472657845477 3.023216210919268 right
2.9 0.0 0.05006561206562252 1.0e-6 -0.22195449104931853 1.4859111454861806 1.3003903604092908 0.8787095719964915 0.7689988560780283 0.0 left
2.9 0.9971202068817244 0.05006561206562252 1.0e-6 -0.0914991083175086 1.0312848996661845 0.32322222418950536 0.3545062580317141 3.093845663878222 3.0849370255465858 right
2.9 0.0 0.043535314839671754 1.0e-6 -0.21650630812514082 1.478811307816544 1.312075082715999 0.8590043968344174 0.7621505057888281 0.0 left
2.9 0.9977546616155467 0.043535314839671754 1.0e-6 -0.07982168343944626 1.026797481047892 0.31766095400675726 0.3100147355818173 3.1480094412792514 3.1409420926007874 right
2.9 0.0 0.03785679551275806 1.0e-6 -0.21181683175611166 1.4726122334720249 1.322581947949183 0.8418664892130182 0.7560958161939728 0.0 left
2.9 0.9982426401488156 0.03785679551275806 1.0e-6 -0.06961266783070737 1.022990803378774 0.31274174797648246 0.27096553549329533 3.1975254142707223 3.1919072097271814 right
2.9 0.0 0.03291895261978962 1.0e-6 -0.20777636814244116 1.4672020801456926 1.3319908895272512 0.8269655639755112 0.7507548856914696 0.0 left
2.9 0.9986199707828802 0.03291895261978962 1.0e-6 -0.06069258869007553 1.0197523119092382 0.30836832281062265 0.2367254580709917 3.2428742437523455 3.238399981168493 right
2.9 0.0 0.028625176191121406 1.0e-6 -0.20429184767902486 1.4624823744411506 1.3404000271485819 0.8139950892313341 0.7460449413204346 0.0 left
2.9 0.9989130958618346 0.028625176191121406 1.0e-6 -0.05290260778339252 1.0169904758495292 0.3044628679200743 0.20672698021949815 3.2844717727603014 3.280902865711897 right
2.9 0.0 0.024891457557496874 1.0e-6 -0.20128418030294037 1.458366518962545 1.3478887597707674 0.8027098309420498 0.7418999860799402 0.0 left
2.9 0.9991417286010175 0.024891457557496874 1.0e-6 -0.046102503600403466 1.0146302170463488 0.3009617036074294 0.1804636089578214 3.3226808828231618 3.3198301199952174 right
2.9 0.0 0.021644745702171196 1.0e-6 -0.19868604691868197 1.4547784457943727 1.354534318275802 0.7928971054262274 0.7382601031021409 0.0 left
2.9 0.9993206930569544 0.021644745702171196 1.0e-6 -0.04016874241983505 1.0126095071599293 0.29781213990695177 0.15748487414539653 3.3578204787094954 3.3555404872655004 right
2.9 0.0 0.018821518001888 1.0e-6 -0.19644005446346147 1.4516514063516095 1.3604282717172547 0.784352060716673 0.7350616422499366 0.0 left
2.9 0.9994612202407026 0.018821518001888 1.0e-6 -0.03499267520058469 1.0108767866903607 0.29497015816281213 0.1373912646658771 3.3901724542517298 3.388346897414072 right
2.9 0.0 0.01636653739294609 1.0e-6 -0.19449719365683005 1.4489268858531779 1.3656329612541824 0.7769239154248043 0.7322601773236719 0.0 left
2.9 0.9995718745574774 0.01636653739294609 1.0e-6 -0.0304788777728585 1.0093889754922762 0.2923986660405472 0.1198292980364353 3.4199872425637636 3.418524058583994 right
2.875 0.0 0.05757545387546589 1.0e-6 -0.22135199215901502 1.5035587950807134 1.3119435194236229 0.8735547673833007 0.7622269352691423 0.0 left
2.925 0.0 0.26786354623470254 0.0 -0.44031553502293297 1.6977586169983532 1.0327068395986936 1.5919221908618528 0.9683290181254117 0.0 left
2.925 0.9768859223305729 0.26786354623470254 0.0 -0.4629707481611386 1.1131389557374631 0.4089712074618644 0.949630954454304 2.4451599079704107 2.3886422919434134 right
2.925 0.0 0.23292482281278482 0.0 -0.403604747715383 1.6637404462464243 1.0604034116148637 1.47959665906285 0.9430373281024467 0.0 left
2.925 0.9809430141301013 0.23292482281278482 0.0 -0.4064035780265728 1.1006856610623346 0.39559001367073576 0.8846263243413413 2.527869676792036 2.479696100080465 right
2.925 0.0 0.2025433241850303 0.0 -0.37242787481424333 1.6337721290621887 1.0870069994664158 1.3826963035811228 0.9199572776356314 0.0 left
2.925 0.9843541361656039 0.2025433241850303 0.0 -0.3564486791397983 1.089357889760502 0.38350410859828477 0.818660519028196 2.6075339939773268 2.5667368721639985 right
2.925 0.0 0.1761246297261133 0.0 -0.3459261773343183 1.6073965530592764 1.112381940973824 1.2990180130688365 0.8989718038073862 0.0 left
2.925 0.9872027369226715 0.1761246297261133 0.0 -0.31239088846105845 1.0791008265950364 0.37257739222849373 0.753033902711022 2.6840061175443557 2.6496581851569814 right
2.925 0.0 0.15315185193575073 0.0 -0.32337544915441896 1.5842045287223205 1.136420507251921 1.2266852016585275 0.8799559613880856 0.0 left
2.925 0.9895657294176181 0.15315185193575073 0.0 -0.27358169832867646 1.0698597018931422 0.36269648888639205 0.6888653357981569 2.7571262216250223 2.7283576205988065 right
2.925 0.0 0.13317552342239194 0.0 -0.3041654037538173 1.563830131064533 1.159043494748021 1.1640995170686863 0.8627803913583092 0.0 left
2.925 0.9915142672389176 0.13317552342239194 0.0 -0.23943543443384874 1.0615738058418092 0.3537607430090759 0.6270503874235906 2.826769277715884 2.8027820690479492 right
2.925 0.0 0.11580480297599301 0.0 -0.2877820138652081 1.5459465116328397 1.18019987465481 1.1098986810107543 0.8473141045642666 0.0 left
2.925 0.9931130083827283 0.11580480297599301 0.0 -0.2094245087381314 1.0541764087261074 0.34567831376959796 0.5682565431020714 2.8928629889884316 2.8729398658333527 right
2.925 0.0 0.10069982867477653 0.0 -0.273792434077043 1.5302621116169521 1.1998653868537703 1.062920480364041 0.8334268251725739 0.0 left
2.925 0.9944194023364404 0.10069982867477653 0.0 -0.18307473845458128 1.0475969355918022 0.3383648623702517 0.5129407608551132 2.9553896140248805 2.938896773649945 right
2.925 0.0 0.08756506841284915 0.0 -0.2618321726302165 1.516517222107338 1.2180402925214064 1.0221721331192424 0.8209909032893716 0.0 left
2.925 0.995483444181798 0.08756506841284915 0.0 -0.1599609553770054 1.0417635901537612 0.33174316606536525 0.4613782341179867 3.014380105732048 3.0007654897272316 right
2.925 0.0 0.07614353775030362 0.0 -0.25159421242255486 1.504480849657347 1.2347465197053675 0.9868043212081155 0.8098828253742458 0.0 left
2.925 0.9939199802298713 0.07614353775030362 0.0 -0.1394572908615255 1.0495509766165192 0.3392479306026862 0.5358806195477018 2.94769668373058 2.929774629617155 right
2.925 0.0 0.06621177195678576 0.0 -0.24281981300118693 1.493947854587145 1.2500244339788817 0.9560892488672329 0.7999843625591836 0.0 left
2.925 0.9953280317400678 0.06621177195678576 0.0 -0.12179810463890609 1.0421784091420485 0.33119549853788005 0.4695077328995215 3.019364708803934 3.005258332719243 right
2.9 0.0 0.26786354623470254 0.0 -0.42956303714549837 1.7090743404952462 1.0504887452530265 1.548738684187666 0.951937852279545 0.0 left
2.9 0.9760331235584836 0.26786354623470254 0.0 -0.45559211386789533 1.1154971250365495 0.4179402733761357 0.9323448224812866 2.392686380572913 2.335341161726423 right
2.9 0.0 0.23292482281278482 0.0 -0.3934856455271524 1.6747349161256389 1.0788270099989876 1.4389392290372638 0.9269326692153715 0.0 left
2.9 0.9802846914055433 0.23292482281278482 0.0 -0.40007002425918625 1.102672985494034 0.4038529994626242 0.868898240052747 2.476148502872635 2.427330471012799 right
2.9 0.0 0.2025433241850303 0.0 -0.3628563047073765 1.6444838607589072 1.1060575500657266 1.3442318036717507 0.9041120870614516 0.0 left
2.9 0.983842807562071 0.2025433241850303 0.0 -0.3510000226313337 1.0910434353954779 0.39117935192890624 0.8044421081797621 2.5563721476325316 2.515068350900271 right
2.9 0.0 0.1761246297261133 0.0 -0.3368282137427241 1.6178595855161524 1.1320408220309948 1.2624571615330529 0.8833603705261263 0.0 left
2.9 0.9868038810860592 0.1761246297261133 0.0 -0.30769541549822216 1.0805368267088846 0.37975652299600604 0.7402483415544973 2.633266157249173 2.598517263906057 right
2.9 0.0 0.15315185193575073 0.0 -0.31468740505407333 1.5944489292544146 1.1566655164985165 1.1917771015594318 0.8645541738178745 0.0 left
2.9 0.9892536226854919 0.15315185193575073 0.0 -0.26952975840760274 1.0710870363034786 0.36945252520447636 0.6774181636211046 2.706707714195599 2.677620411818763 right
2.9 0.0 0.13317552342239194 0.0 -0.2958323738901195 1.573882444245157 1.1798491504102049 1.1306269228604016 0.8475659787968015 0.0 left
2.9 0.9912694307474016 0.13317552342239194 0.0 -0.23593494995730274 1.062625298908765 0.3601530656745555 0.6168381178075434 2.7765972174276263 2.7523559431343023 right
2.9 0.0 0.11580480297599301 0.0 -0.27975662747262986 1.5558301585247238 1.2015382352485349 1.0776729816732062 0.8322664819677192 0.0 left
2.9 0.9929205363829593 0.11580480297599301 0.0 -0.20639766548798072 1.0550789106457834 0.3517559371110648 0.5591729323752668 2.8428802317109323 2.8227541645429306 right
2.9 0.0 0.10069982867477653 0.0 -0.26603378793700616 1.539997744878024 1.221706598741185 1.0317779577360335 0.8185271332989232 0.0 left
2.9 0.9942678104784332 0.10069982867477653 0.0 -0.18045545792404488 1.048372697703186 0.34416868829434955 0.5048810938498041 2.9055519401135994 2.888896765728112 right
2.9 0.0 0.08756506841284915 0.0 -0.2543049189652917 1.5261230418370066 1.2403530846475683 0.9919707980055877 0.8062220446560491 0.0 left
2.9 0.9953638428643782 0.08756506841284915 0.0 -0.1576929115125568 1.042431222197688 0.33730761923800906 0.45424208263307403 2.964652865710649 2.950908269172643 right
2.9 0.0 0.07614353775030362 0.0 -0.24426777939774091 1.5139728842879057 1.2574991115570582 0.9574205019300155 0.7952291900721759 0.0 left
2.9 0.9937419622463138 0.07614353775030362 0.0 -0.1374874876279033 1.0504240443936887 0.34514658954120186 0.528019643181622 2.8973196615654957 2.8791881257389216 right
2.9 0.0 0.06621177195678576 0.0 -0.23566773853360667 1.5033402106425673 1.273184739583259 0.9274156598476166 0.7854319714257035 0.0 left
2.9 0.995196495571094 0.06621177195678576 0.0 -0.12009186292793919 1.0428980057823258 0.33678736063692394 0.46269874308381487 2.969232568908835 2.9549698471136296 right
2.875 0.0 0.26786354623470254 0.0 -0.418884508961504 1.7206523661158994 1.0689489869395068 1.5058412022796732 0.9354983373557294 0.0 left
2.875 0.9751216825290537 0.26786354623470254 0.0 -0.4481836156025917 1.1179738543119202 0.42736309044806636 0.9149818244828007 2.339930663997108 2.2817171260781857 right
2.875 0.0 0.23292482281278482 0.0 -0.3834385406493419 1.685984173303238 1.0979586015561063 1.3985614808055156 0.9107811520240633 0.0 left
2.875 0.9795844327530175 0.23292482281278482 0.0 -0.3937157656614326 1.1047532646267701 0.4125063997831584 0.8531164702879415 2.424204813611785 2.374713297219035 right
2.875 0.0 0.2025433241850303 0.0 -0.3533549939337234 1.655443766990516 1.125845735821089 1.3060405419948573 0.8882211551573639 0.0 left
2.875 0.9833009787148601 0.2025433241850303 0.0 -0.34553675186105537 1.0928030903185841 0.39919652747790624 0.7901854957813252 2.505031810566903 2.463200231042294 right
2.875 0.0 0.1761246297261133 0.0 -0.3277989814070168 1.6285649755030047 1.1524663258129355 1.2261641138495671 0.8677043117026542 0.0 left
2.875 0.9863825487787802 0.1761246297261133 0.0 -0.30298947372869595 1.0820326853215934 0.3872395455687244 0.7274351738161638 2.582380883985743 2.5472154382634566 right
2.875 0.0 0.15315185193575073 0.0 -0.3060667516949309 1.6049305720732567 1.1777051643215048 1.1571324982783802 0.8491089538323594 0.0 left
2.875 0.9889247792487746 0.15315185193575073 0.0 -0.2654702272375077 1.0723632161997558 0.3764820001226733 0.665950792366803 2.656169483997001 2.6267518206090656 right
2.875 0.0 0.13317552342239194 0.0 -0.28756556145399614 1.5841675031507423 1.2014766475885312 1.0974138374034956 0.8323091439247592 0.0 left
2.875 0.991012024836556 0.13317552342239194 0.0 -0.23242890337975614 1.0637169809079863 0.36679405792966163 0.6066109185878792 2.726325518042512 2.7018213719988826 right
2.875 0.0 0.11580480297599301 0.0 -0.27179643384520025 1.5659425998608476 1.223724532736093 1.0457033647289007 0.8171773738687143 0.0 left
2.875 0.9927185567656456 0.11580480297599301 0.0 -0.20336671015044422 1.056014703701856 0.3580618169502093 0.5500781941654201 2.7928138457138427 2.7724781302321584 right
2.875 0.0 0.10069982867477653 0.0 -0.2583394416737046 1.5499587017607164 1.2444206152169446 1.0008885765110302 0.8035868160426337 0.0 left
2.875 0.9941089824822958 0.10069982867477653 0.0 -0.17783311319562184 1.0491761935719615 0.35018376025754505 0.49681307424279947 2.85564356058243 2.83882091434272 right
2.875 0.0 0.08756506841284915 0.0 -0.24684118873909722 1.535951137594807 1.2635624496084668 0.9620197270227766 0.7914131986985404 0.0 left
2.875 0.995238704358951 0.08756506841284915 0.0 -0.15542256818806957 1.0431220695191552 0.34306900713367894 0.4470996228991912 2.91486546206823 2.9009869258494403 right
2.875 0.0 0.07614353775030362 0.0 -0.23700419595022115 1.5236845200704636 1.2811703040005706 0.9282849896544374 0.7805363556097181 0.0 left
2.875 0.9935547075083426 0.07614353775030362 0.0 -0.13551571310074492 1.0513312006120352 0.3512660172598505 0.520150582629525 2.846845270717565 2.8284965202692987 right
2.875 0.0 0.06621177195678576 0.0 -0.2285779298416365 1.5129498211159813 1.2972843778905938 0.898988523978014 0.7708410099148938 0.0 left
2.875 0.9950584517923818 0.06621177195678576 0.0 -0.11838416018166864 1.0436444596020422 0.3425804249304098 0.4558838002251784 2.9190225921493775 2.904598101291145 right
2.85 0.0 0.26786354623470254 0.0 -0.40828151376441024 1.7325024827066227 1.0881272157062074 1.4632364800911146 0.919010190688952 0.0 left
2.85 0.9741452811435871 0.26786354623470254 0.0 -0.4407427776314733 1.120579689112094 0.4372795234325247 0.8975347796776284 2.2868667440685844 2.227740447338611 right
2.85 0.0 0.23292482281278482 0.0 -0.3734649471283571 1.6974977285904482 1.1178402633403048 1.358468914798979 0.8945821981861906 0.0 left
2.85 0.9788381075632095 0.23292482281278482 0.0 -0.3873392443674949 1.1069340561357757 0.42158162124226295 0.8372763460525856 2.372019911715619 2.3218234814859677 right
2.85 0.0 0.2025433241850303 0.0 -0.34392541291204437 1.666661114065692 1.146415455246666 1.2681284272696234 0.8722841230231295 0.0 left
2.85 0.982725860974147 0.2025433241850303 0.0 -0.3400578491687954 1.094642446018359 0.407581196905613 0.7758875582551245 2.453498855177999 2.411116774853883 right
2.85 0.0 0.1761246297261133 0.0 -0.3188399121727584 1.6395217743543065 1.1737043375113425 1.1901447077707508 0.8520033265961549 0.0 left
2.85 0.9859368144927982 0.1761246297261133 0.0 -0.29827238255575395 1.0835926336495056 0.39504777541151115 0.714592272352179 2.5313394030844134 2.495740707477148 right
2.85 0.0 0.15315185193575073 0.0 -0.2975148868954579 1.6156583195315688 1.1995875572480896 1.1227565995225404 0.8336198503876174 0.0 left
2.85 0.9885778448154806 0.15315185193575073 0.0 -0.26140264029258026 1.073691502954081 0.38380305555415883 0.6544617501582174 2.6055029670259855 2.575742507802889 right
2.85 0.0 0.13317552342239194 0.0 -0.2793663343234867 1.594694004024915 1.22397603122311 1.0644653642301878 0.8170094630045226 0.0 left
2.85 0.9907410823004982 0.13317552342239194 0.0 -0.2289169721200358 1.0648514040125254 0.37369943178190934 0.5963677569782908 2.6759473388324526 2.651170962654002 right
2.85 0.0 0.11580480297599301 0.0 -0.26390277459012634 1.5762923858981597 1.246810683171381 1.0139948472837055 0.8020463840239204 0.0 left
2.85 0.9925063698388671 0.11580480297599301 0.0 -0.20033141537444793 1.0569858104123522 0.3646097663622323 0.540971594971207 2.7426582945847935 2.7221058276668115 right
2.85 0.0 0.10069982867477653 0.0 -0.2507107139127145 1.5601534042353808 1.2680611463815044 0.970257282827462 0.7886055044376729 0.0 left
2.85 0.9939424065233278 0.10069982867477653 0.0 -0.1752075419224407 1.0500090432733602 0.35642238234364454 0.48873617535588887 2.8056599403901923 2.788664393037524 right
2.85 0.0 0.08756506841284915 0.0 -0.23944228053649752 1.5460098186327262 1.287723474918461 0.9323243392436302 0.7765642387340344 0.0 left
2.85 0.9912571947896958 0.08756506841284915 0.0 -0.15275400809767364 1.0617381679032185 0.3681964082977588 0.5838176727597494 2.7159417568009094 2.6921968070586675 right
2.85 0.0 0.07614353775030362 0.0 -0.22980474324550282 1.533623967231895 1.3058172026890387 0.8994025523827048 0.7658039715978037 0.0 left
2.85 0.9933574974939076 0.07614353775030362 0.0 -0.13354186345531438 1.0522746494236783 0.3576196724712525 0.51227300074913 2.7962667520209914 2.777692543112989 right
2.85 0.0 0.06621177195678576 0.0 -0.22155165299896484 1.5227848092540344 1.3223818165436625 0.8708127881334672 0.7562112451105244 0.0 left
2.85 0.994913421877205 0.06621177195678576 0.0 -0.11667492287988868 1.0444194109280065 0.3485863518174124 0.4490625963725202 2.8687296412677528 2.8541376238342666 right
2.825 0.0 0.26786354623470254 0.0 -0.3977556714308079 1.7446349844844267 1.1080666039137266 1.4209305290151932 0.9024728265141898 0.0 left
2.825 0.9730966291982459 0.26786354623470254 0.0 -0.43326680457464717 1.1233266139483995 0.4477347636381943 0.8799955895340131 2.2334651700355357 2.173377428393267 right
2.825 0.0 0.23292482281278482 0.0 -0.36356643357302654 1.7092855840416237 1.1385171975878088 1.3186679157632037 0.8783354367581913 0.0 left
2.825 0.9780409982861005 0.23292482281278482 0.0 -0.38093871125543 1.1092238669543018 0.4311139252452775 0.8213726252991804 2.3195724875531707 2.2686369913234765 right
2.825 0.0 0.2025433241850303 0.0 -0.33456908481639525 1.67814564712908 1.1678143691638927 1.2305011430738213 0.8563004758332946 0.0 left
2.825 0.9821143053758089 0.2025433241850303 0.0 -0.3345621860724726 1.0965677309950594 0.41636177252976103 0.7615448265881949 2.4017574762546703 2.3588003754730114 right
2.825 0.0 0.1761246297261133 0.0 -0.30995248902612216 1.6507395013458683 1.195804852544881 1.1544042606343499 0.8362568506657468 0.0 left
2.825 0.9854645220126474 0.1761246297261133 0.0 -0.2935433933086826 1.0852213489501867 0.40320472960287995 0.7017172913872426 2.480129637826692 2.4440797680702815 right
2.825 0.0 0.15315185193575073 0.0 -0.2890332581740238 1.626641492357685 1.222364800562115 1.0886547587430564 0.8180863843102659 0.0 left
2.825 0.9882113129078292 0.15315185193575073 0.0 -0.25732648970295474 1.075075479748913 0.39143558876038015 0.6429494225732452 2.5546987262115213 2.524582182313446 right
2.825 0.0 0.13317552342239194 0.0 -0.27123610879361615 1.6054710930880216 1.2474015299933074 1.0317867479749367 0.8016664850534255 0.0 left
2.825 0.9904555335348509 0.13317552342239194 0.0 -0.22539880552156122 1.0660313573328382 0.38088633163163227 0.5861075063259928 2.6254552000231213 2.6003966309107494 right
2.825 0.0 0.11580480297599301 0.0 -0.25607703859204645 1.5868885094954832 1.2708529655497696 0.9825525838779328 0.786873090048935 0.0 left
2.825 0.9922832054182474 0.11580480297599301 0.0 -0.19729153504399194 1.0579944317103562 0.37141479612919137 0.5318523376831609 2.6924075465538646 2.671630790586748 right
2.825 0.0 0.10069982867477653 0.0 -0.2431489695479232 1.5705907103977816 1.2926862986002918 0.9398893596611408 0.7735828878845473 0.0 left
2.825 0.9937675214665365 0.10069982867477653 0.0 -0.17257856899682827 1.0508730033853417 0.3628978787832203 0.4806498268243026 2.7555961565632554 2.7384219626705804 right
2.825 0.0 0.08756506841284915 0.0 -0.2321095383203411 1.5563078246397024 1.312896247939441 0.902889674838006 0.7616748098484369 0.0 left
2.825 0.9909691778794991 0.08756506841284915 0.0 -0.15046972424481692 1.0629488670858809 0.37525932451744864 0.5746996739121982 2.6648238555721817 2.640758305350042 right
2.825 0.0 0.07614353775030362 0.0 -0.22267074704460876 1.543799861438701 1.3315012665100134 0.8707787653466732 0.7510319555467577 0.0 left
2.825 0.9931495367941646 0.07614353775030362 0.0 -0.13156582669773784 1.0532568028344504 0.36422220346637263 0.5043864257648561 2.7455767124651054 2.726768240217565 right
2.825 0.0 0.06621177195678576 0.0 -0.21459021799040012 1.5328537193520388 1.3485406689201713 0.842893326443306 0.74154233761503 0.0 left
2.825 0.9947608792024314 0.06621177195678576 0.0 -0.11496407202414152 1.045224644944402 0.35481777172637746 0.4422348004225117 2.8183481203167116 2.803582454064772 right
2.8 0.0 0.26786354623470254 0.0 -0.3873086613573625 1.7570607045005635 1.1288136262400008 1.3789301885656067 0.8858858333690833 0.0 left
2.8 0.9719672546752094 0.26786354623470254 0.0 -0.42575251586500296 1.1262283403275597 0.45878036719463133 0.8623550538868486 2.179692226402015 2.1185894693328615 right
2.8 0.0 0.23292482281278482 0.0 -0.3537446259784174 1.7213582654995996 1.1600385606006207 1.2791645576524595 0.862040309661983 0.0 left
2.8 0.9771877033861368 0.23292482281278482 0.0 -0.3745122060023647 1.1116322967179049 0.4411430055380481 0.8053994315908192 2.2668386157008924 2.2151268208237647 right
2.8 0.0 0.2025433241850303 0.0 -0.32528758829761095 1.6899076219018496 1.1900941319661147 1.1931645376814553 0.8402696670287193 0.0 left
2.8 0.9814627422196049 0.2025433241850303 0.0 -0.32904850769708033 1.0985859088501697 0.4255699469221504 0.74715343749887 2.349789986892402 2.3062313241755863 right
2.8 0.0 0.1761246297261133 0.0 -0.30113824872282 1.6622281747302168 1.2188216653041972 1.118949040920307 0.8204645753080021 0.0 left
2.8 0.9849632483714408 0.1761246297261133 0.0 -0.28880168016559205 1.086924018368535 0.4117364347876071 0.6888076371445765 2.428738181783322 2.3922178489730475 right
2.8 0.0 0.15315185193575073 0.0 -0.28062336529415555 1.63788990007311 1.2460930420497514 1.0548331331208007 0.8025082929241444 0.0 left
2.8 0.9878235030867432 0.15315185193575073 0.0 -0.2532412191855978 1.0765190936718187 0.3994014773529804 0.6314120359588921 2.503746372265485 2.4732595122920165 right
2.8 0.0 0.13317552342239194 0.0 -0.26317635204595247 1.616508396413489 1.2718115956205303 0.999384027558039 0.7862799831700618 0.0 left
2.8 0.9901541920981054 0.13317552342239194 0.0 -0.22187402128274508 1.0672598973542604 0.3883735132422715 0.5758289338504986 2.5748408835908165 2.5494894948730367 right
2.8 0.0 0.11580480297599301 0.0 -0.24832066441420275 1.5977404355157265 1.2959120610132944 0.9513825090052918 0.7716572984266262 0.0 left
2.8 0.9920482135945905 0.11580480297599301 0.0 -0.1942468021548301 1.059042968197621 0.37849325400575645 0.5227195542355656 2.6420550152917417 2.621045958138801 right
2.8 0.0 0.10069982867477653 0.0 -0.23565562208113422 1.581279943455812 1.3183593131966183 0.9097900430444842 0.7585185540771171 0.0 left
2.8 0.9935837107198241 0.10069982867477653 0.0 -0.16994600518286573 1.051769982434275 0.369624706709256 0.4725534097999208 2.705446854196877 2.688087924548208 right
2.8 0.0 0.08756506841284915 0.0 -0.2248443537156093 1.5668543543640652 1.339145894205731 0.8737211337411206 0.7467446260536953 0.0 left
2.8 0.9906639889182751 0.08756506841284915 0.0 -0.14818225774827304 1.0642137748401386 0.38262116754735587 0.5655684788583464 2.6135511697120966 2.5891510270290095 right
2.8 0.0 0.07614353775030362 0.0 -0.21560357993876744 1.5542212920999836 1.3582897021796652 0.8424187762524388 0.7362199672097101 0.0 left
2.8 0.9929299421037969 0.07614353775030362 0.0 -0.1295874817810005 1.054280307887299 0.371089594042319 0.4964903473775825 2.694767021373173 2.675714862515286 right
2.8 0.0 0.06621177195678576 0.0 -0.20769498090224658 1.5431655447765167 1.375829494902344 0.8152358824832279 0.7268342506866956 0.0 left
2.8 0.9946002427729969 0.06621177195678576 0.0 -0.11325152258107848 1.0460621089154887 0.36128839371017935 0.43540005575836765 2.7678719200766424 2.7529260836727896 right
2.775 0.0 0.26786354623470254 0.0 -0.3769422255978243 1.7697910508192929 1.1504188681457665 1.3372419823360662 0.8692486082150146 0.0 left
2.775 0.9707472296976267 0.26786354623470254 0.0 -0.41819625870314125 1.1293006796491027 0.470475591922971 0.8446026239469214 2.1255087770073433 2.063331756977869 right
2.775 0.0 0.23292482281278482 0.0 -0.3440012107416972 1.7337268577831066 1.182457685967107 1.2399650950589745 0.8456962239474314 0.0 left
2.775 0.976271990821503 0.23292482281278482 0.0 -0.3680575099432981 1.1141702551684718 0.4517138412413877 0.7893501130174081 2.213790919604826 2.1612620683451693 right
2.775 0.0 0.2025433241850303 0.0 -0.3160825603896448 1.7019578390003856 1.2133104781444997 1.1561252893652674 0.824191349216144 0.0 left
2.775 0.9807671047956764 0.2025433241850303 0.0 -0.32351541190390265 1.1007048010313951 0.4352412259847407 0.7327090679348678 2.2975764709270887 2.2533874234378284 right
2.775 0.0 0.1761246297261133 0.0 -0.29239878459540714 1.673998345294232 1.2428134484830682 1.0837850005872556 0.8046259888968555 0.0 left
2.775 0.9844302600709908 0.1761246297261133 0.0 -0.2840463290082503 1.0887064157303217 0.4206717955006062 0.6758604317873104 2.3771500982374727 2.3401384894356965 right
2.775 0.0 0.15315185193575073 0.0 -0.27228676298209176 1.6494138738835977 1.270833583572334 1.0212975191665408 0.7868850909565859 0.0 left
2.775 0.9874125342161206 0.15315185193575073 0.0 -0.249146217405548 1.0780267068902118 0.40772485028720534 0.6198476353417763 2.4526344158213322 2.421761964031816 right
2.775 0.0 0.13317552342239194 0.0 -0.2551885847849026 1.6278160522350955 1.2972700841532139 0.9672628781298562 0.7708495032880872 0.0 left
2.775 0.989835738403753 0.13317552342239194 0.0 -0.21834220180589098 1.0685403820178363 0.3961815447065869 0.5655306883737308 2.5240953632522247 2.498439797686255 right
2.775 0.0 0.11580480297599301 0.0 -0.24063514286124954 1.608858132621809 1.3220542946356018 0.9204901966962481 0.7563985866977047 0.0 left
2.775 0.9918004539856625 0.11580480297599301 0.0 -0.19119692637953117 1.0601340446542475 0.38586298476227193 0.5135722971660787 2.591593491705597 2.5703436016198995 right
2.775 0.0 0.10069982867477653 0.0 -0.2282321361183961 1.5922309230774188 1.3451484690264892 0.8799654297798551 0.7434123615542008 0.0 left
2.775 0.993390295130045 0.10069982867477653 0.0 -0.1673096455593534 1.052702058579582 0.3766185848297957 0.46444625147899343 2.6552061960827755 2.6376560667577924 right
2.775 0.0 0.08756506841284915 0.0 -0.21764816844611812 1.577659096568881 1.3665434636128297 0.8448240477282898 0.7317732853927879 0.0 left
2.775 0.9903400606168284 0.08756506841284915 0.0 -0.1458914164034763 1.065537021230933 0.3903031145139042 0.5564232719842683 2.562111248447073 2.537361409094132 right
2.775 0.0 0.07614353775030362 0.0 -0.20860466373248066 1.564897832978521 1.386255491684587 0.8143281162282273 0.7213677464208227 0.0 left
2.775 0.9926977296598589 0.07614353775030362 0.0 -0.12760669759589466 1.0553480774370443 0.378239327603134 0.48858421253400003 2.643828727004416 2.6245227749067985 right
2.775 0.0 0.06621177195678576 0.0 -0.20086734625773084 1.5537297582742482 1.4043234580513893 0.7878457251995041 0.7120866594278641 0.0 left
2.775 0.9944308699205486 0.06621177195678576 0.0 -0.1115371828524683 1.0469339320376894 0.3680131297158294 0.42855797757670355 2.7172943551556847 2.7021613894276637 right
2.75 0.0 0.26786354623470254 0.0 -0.36665817221692276 1.7828380456737083 1.1729372733484622 1.2958726336512079 0.8525605100307141 0.0 left
2.75 0.9694248522887523 0.26786354623470254 0.0 -0.41059382797983646 1.1325619666554807 0.48288892045970133 0.8267261734700933 2.0708696299099563 2.0075524850847226 right
2.75 0.0 0.23292482281278482 0.0 -0.3343379378863176 1.7464030427712087 1.2058321901753282 1.2010766740488634 0.8293027903448156 0.0 left
2.75 0.9752866401457956 0.23292482281278482 0.0 -0.3615721098698872 1.1168501911500508 0.46287760480164397 0.773217134789719 2.1603983204772415 2.1070076193548686 right
2.75 0.0 0.2025433241850303 0.0 -0.3069556996165107 1.7143076810820077 1.237524265333734 1.1193897462333209 0.8080649632597882 0.0 left
2.75 0.9800227408507344 0.2025433241850303 0.0 -0.3179613281625344 1.1029332274226507 0.4454155407737439 0.718206870092386 2.245094543093112 2.200243707591139 right
2.75 0.0 0.1761246297261133 0.0 -0.28373574955389225 1.686061132682672 1.2678440461095086 1.048918260558336 0.7887405419212152 0.0 left
2.75 0.983862460107051 0.1761246297261133 0.0 -0.27927632413483305 1.0905749935240057 0.4300430334865562 0.6628724703888549 2.3253486793927136 2.2878232723139975 right
2.75 0.0 0.15315185193575073 0.0 -0.26402506383107294 1.6612243022826887 1.2966531657670974 0.9880538765646816 0.7712162561284474 0.0 left
2.75 0.9869762921238794 0.15315185193575073 0.0 -0.24504080988803295 1.0796031579372203 0.4164324105708166 0.6082540571215155 2.4013500741435316 2.3700755922695858 right
2.75 0.0 0.13317552342239194 0.0 -0.24727438405469693 1.639404745920126 1.323846551523997 0.9354291321026584 0.7553745551920737 0.0 left
2.75 0.9894986999481139 0.13317552342239194 0.0 -0.2148028895610664 1.0698765116212334 0.40433304560754246 0.5552112844908188 2.473208684928091 2.447236778436731 right
2.75 0.0 0.11580480297599301 0.0 -0.23302201971714054 1.6202521076978245 1.3493517643052972 0.8898816114828998 0.7410965964941261 0.0 left
2.75 0.9915388831659665 0.11580480297599301 0.0 -0.18814159126220853 1.0612705384290815 0.3935435148845489 0.5044095298742612 2.5410150648610306 2.519515239520202 right
2.75 0.0 0.10069982867477653 0.0 -0.22088003003652845 1.6034539993283652 1.3731286101708298 0.8504211900157617 0.7282639022979726 0.0 left
2.75 0.993186524740186 0.10069982867477653 0.0 -0.16466926774017637 1.0536714999400973 0.38389664080485497 0.4563276188351537 2.604867804791048 2.587119602448018 right
2.75 0.0 0.08756506841284915 0.0 -0.21052247693642245 1.5887322635461483 1.395165774305398 0.8162046931712517 0.7167607021451364 0.0 left
2.75 0.9899956250454328 0.08756506841284915 0.0 -0.14359699028697698 1.0669232057389242 0.39832857686800033 0.5472631619483698 2.510490228601861 2.4853743430351507 right
2.75 0.0 0.07614353775030362 0.0 -0.20167547198765956 1.5758395753336825 1.4154784510388934 0.7865122275481073 0.7064749020135545 0.0 left
2.75 0.9924518001926159 0.07614353775030362 0.0 -0.1256233318146118 1.0564633266479404 0.3856905801232146 0.4806674204721045 2.592751940378049 2.5731813306810927 right
2.75 0.0 0.06621177195678576 0.0 -0.19410876950926825 1.5645563447895074 1.434104345254153 0.7607285310624105 0.6972993306304913 0.0 left
2.75 0.9942520477712423 0.06621177195678576 0.0 -0.10982095375971945 1.0478424484202056 0.3750082373604685 0.4217081498506684 2.6666080911677996 2.6512805552469483 right
2.925 0.0 0.05757545387546589 0.0 -0.2352907552223903 1.4847363363563286 1.263929321762706 0.9294023345423414 0.791183480580525 0.0 left
2.925 0.9963887481672021 0.05757545387546589 0.0 -0.10632536964952971 1.0359959976511683 0.3242089768546595 0.4110442372341876 3.084430325469651 3.0732916708036613 right
2.925 0.0 0.05006561206562252 0.0 -0.2288228182552141 1.476685245285211 1.2765285248436393 0.9062059051293198 0.7833745823443224 0.0 left
2.925 0.9971946434171917 0.05006561206562252 0.0 -0.09278086437588048 1.030786438475624 0.31809923596924433 0.3596236379140251 3.143673064642902 3.1348539407168086 right
2.925 0.0 0.043535314839671754 0.0 -0.22326030459582047 1.4696522033568695 1.287897473074263 0.8860372651389682 0.7764593229715405 0.0 left
2.925 0.9978113186612062 0.043535314839671754 0.0 -0.08093345465015053 1.0263791759029333 0.31272049690421894 0.31445399432650545 3.1977437037211005 3.1907448617505207 right
2.9 0.0 0.05757545387546589 0.0 -0.22829011741876482 1.4940414204794743 1.2874656596861178 0.9013455727494821 0.7767197458639779 0.0 left
2.9 0.996290452682789 0.05757545387546589 0.0 -0.10484657021159571 1.036593463125979 0.32954622249230925 0.4051428015648633 3.034475687316784 3.023219156171756 right
2.9 0.0 0.05006561206562252 0.0 -0.2219537481247683 1.4859139615618684 1.3004095058231222 0.8786853636690007 0.7689885343978845 0.0 left
2.9 0.9971204967696694 0.05006561206562252 0.0 -0.09149859267491228 1.0312854722357803 0.32322219712050937 0.3545062644125246 3.0938469229796195 3.0849381807707514 right
2.9 0.0 0.043535314839671754 0.0 -0.21650556874581606 1.4788141286327228 1.3120931686237036 0.8589823544403569 0.7621410002834874 0.0 left
2.9 0.9977549451093035 0.043535314839671754 0.0 -0.07982117004056144 1.0267980592162453 0.31766101584453516 0.31001473830032417 3.1480098284688633 3.1409423736074986 right
2.875 0.0 0.05757545387546589 0.0 -0.22135124040277854 1.5035617010964286 1.3119604911900524 0.8735338549201265 0.7622180749459311 0.0 left
2.875 0.996187461162502 0.05757545387546589 0.0 -0.10336667655282977 1.037212467850515 0.3350697045167111 0.3992369165552034 2.9844536420932277 2.973075296674035 right
2.875 0.0 0.05006561206562252 0.0 -0.21514600252935512 1.4953560704755486 1.3252522209830369 0.8514272322425731 0.7545733439769122 0.0 left
2.875 0.9970429376707066 0.05006561206562252 0.0 -0.0902154943175614 1.0318018975042524 0.3285187177940164 0.34938555374653946 3.043966586485362 3.0349653875608382 right
2.875 0.0 0.043535314839671754 0.0 -0.20981178099128706 1.488187866203322 1.3372624887373266 0.8321937202706373 0.7477963439655162 0.0 left
2.875 0.9976960577800549 0.043535314839671754 0.0 -0.0787082563041506 1.027231129259609 0.3227647797214173 0.3055729582056277 3.0982314763807675 3.091093330075171 right
2.85 0.0 0.05757545387546589 0.0 -0.21447537718454324 1.5133052250444987 1.3374557584647582 0.8459947767395849 0.7476882832729228 0.0 left
2.85 0.9960794932763982 0.05757545387546589 0.0 -0.10188563570771847 1.037854132950076 0.34078889745359037 0.3933263943269105 2.934367895996914 2.922863686931137 right
2.85 0.0 0.05006561206562252 0.0 -0.20840082332223986 1.5050195519138287 1.3511450926634674 0.8244003462283731 0.7401129644994182 0.0 left
2.85 0.9969617560211211 0.05006561206562252 0.0 -0.08893153060547765 1.03233662890746 0.3339976764457698 0.34426136000505003 2.9940328047832003 2.984936202641502 right
2.85 0.0 0.043535314839671754 0.0 -0.20318017357159956 1.4977813371222823 1.3635035945481628 0.8056303902289049 0.7334047405510358 0.0 left
2.85 0.9976345013330483 0.043535314839671754 0.0 -0.07759468483353538 1.0276791265483123 0.3280400662728022 0.30112854244464043 3.0484081147831117 3.0411971094512675 right
2.825 0.0 0.05757545387546589 0.0 -0.20766382417114304 1.5232804564333173 1.36404982090383 0.8186898467381789 0.7331110525987916 0.0 left
2.825 0.9959661682025059 0.05757545387546589 0.0 -0.10040339094131706 1.0385198734111787 0.3467153378647637 0.3874109825106545 2.884210448140168 2.8725760283237958 right
2.825 0.0 0.05006561206562252 0.0 -0.2017194951025848 1.5149127994254656 1.378141735915311 0.7976270330331314 0.7256147709189265 0.0 left
2.825 0.9968766928893056 0.05006561206562252 0.0 -0.08764666019200959 1.0328907411856854 0.33966927029765454 0.33913350432715844 2.944040239859476 2.9348450980441525 right
2.825 0.0 0.043535314839671754 0.0 -0.19661202101668218 1.5076028730842488 1.3908742994269592 0.7793116916675362 0.7189722323663615 0.0 left
2.825 0.9975700946612621 0.043535314839671754 0.0 -0.07648042512865033 1.0281428869066205 0.33349608143150733 0.29668136160943426 2.998535981914911 2.9912498233240585 right
2.8 0.0 0.05757545387546589 0.0 -0.20091792318106105 1.5334963042472523 1.3918041063438222 0.791637769875231 0.7184919166727667 0.0 left
2.8 0.9958470922006549 0.05757545387546589 0.0 -0.0989198813857608 1.039211159824162 0.3528610667217556 0.3814904270735724 2.8339765825979835 2.822207339144951 right
2.8 0.0 0.05006561206562252 0.0 -0.19510334740160828 1.5250446479680102 1.4063143113488963 0.7711125399235299 0.7110785916989131 0.0 left
2.8 0.9967874750731637 0.05006561206562252 0.0 -0.0863608388381342 1.0334653679352344 0.34554427349398886 0.33400180284354386 2.893985161115385 2.884688161647407 right
2.8 0.0 0.043535314839671754 0.0 -0.1901086422591166 1.5176612440322534 1.4194353552281924 0.753257747140576 0.7045054896770816 0.0 left
2.8 0.9975026444509614 0.043535314839671754 0.0 -0.07536544462893732 1.0286232989155022 0.3391426127095828 0.2922312808682607 2.9486120662056927 2.9412483335001918 right
2.775 0.0 0.05757545387546589 0.0 -0.19423906375717692 1.5439621525157186 1.4207832413001058 0.7648583259236171 0.7038371307680524 0.0 left
2.775 0.9957218315303824 0.05757545387546589 0.0 -0.0974350416318924 1.039929593653169 0.35923913466343227 0.37556445454269705 2.783661086749055 2.7717521156576237 right
2.775 0.0 0.05006561206562252 0.0 -0.18855375692157617 1.5354244036678826 1.435741390737351 0.7448623062682188 0.6965042635473732 0.0 left
2.775 0.9966938032400929 0.05006561206562252 0.0 -0.08507401913962703 1.034061737728203 0.351634316094098 0.32886605835886684 2.8438635088516167 2.8344611365330334 right
2.775 0.0 0.043535314839671754 0.0 -0.1836714029549884 1.5279656877083574 1.4492730930049065 0.7274667420897372 0.6900010804220558 0.0 left
2.775 0.9974319397806305 0.043535314839671754 0.0 -0.07424970852657609 1.029121322052784 0.3449901922640883 0.2877781560389688 2.898633127618031 2.8911892631924485 right
2.75 0.0 0.05757545387546589 0.0 -0.18762868570284508 1.554687892808174 1.4510767740444455 0.7383502645288972 0.6891434125933923 0.0 left
2.75 0.9955899082773744 0.05757545387546589 0.0 -0.09594880126873284 1.0406769199253059 0.3658636963848124 0.3696327706513618 2.733258341511447 2.72120442152375 right
2.75 0.0 0.05006561206562252 0.0 -0.18207214996958065 1.5460618761003957 1.4665168120764371 0.7188740041861479 0.6818878527441514 0.0 left
2.75 0.9965953487823821 0.05006561206562252 0.0 -0.08378615022117397 1.0346811845095245 0.35795197293053727 0.32372605910951996 2.793670871019493 2.784159396086853 right
2.75 0.0 0.043535314839671754 0.0 -0.17730171777427506 1.53852594170347 1.4804750817464392 0.7019442475400247 0.6754588525869359 0.0 left
2.75 0.9973577497962963 0.043535314839671754 0.0 -0.07313317955807011 1.0296379950512349 0.35105017884768547 0.2833218325455112 2.84859561468528 2.8410689123421085 right
