3.1 1.1620931409767987 0
2.2624999999999997 1.0836574415839535 0
2.2874999999999996 0.9423108187686552 0
2.2125 0.8194007119727437 0
2.1374999999999997 0.7125223582371686 0
2.0625 0.6195846593366683 0
1.9875 0.5387692689884073 0
1.9375 0.46849501651165854 0
1.8875 0.4073869708797031 0
1.8375000000000001 0.35424953989539404 0
1.7875 0.3080430781699079 0
1.7375 0.26786354623470254 0
1.7125000000000001 0.23292482281278482 0
1.6625 0.2025433241850303 0
1.6625 0.1761246297261133 0
1.6875 0.15315185193575073 0
1.7625 0.13317552342239194 0
1.8125 0.11580480297599301 0
1.8875 0.10069982867477653 0
1.9875 0.08756506841284915 0
2.0625 0.07614353775030362 0
2.1125 0.06621177195678576 0
2.1875 0.05757545387546589 0
2.2125 0.05006561206562252 0
2.2624999999999997 0.043535314839671754 0
2.2874999999999996 0.03785679551275806 0
2.3125 0.03291895261978962 0
2.3375 0.028625176191121406 0
2.3625 0.024891457557496874 0
2.3625 0.021644745702171196 0
2.3874999999999997 0.018821518001888 0
2.3874999999999997 0.01636653739294609 0
2.4124999999999996 0.014231771646040076 0
2.4124999999999996 0.012375453605252242 0
2.4124999999999996 0.010761264004567169 0
2.4375 0.009357620873536667 0
2.4375 0.008137061629162322 0
2.4375 0.0070757057644889754 0
2.4375 0.006152787621294761 0
2.4375 0.005350250105473706 0
2.4375 0.004652391396064093 0
2.4375 0.004045557735707907 0
2.4625 0.0035178762919199197 0
2.4625 0.003059022862539061 0
2.4625 0.0026600198804687487 0
2.4625 0.002313060765624999 0
2.4625 0.0020113571874999995 0
2.4625 0.0017490062499999994 0
2.4625 0.0015208749999999999 0
2.4625 0.0013224999999999999 0
2.4625 0.00115 0
2.4625 1.0e-5 0
3.1 1.1620931409767987 1
1.5125000000000001 1.0836574415839535 1
1.5125 0.9423108187686552 1
1.4875 0.8194007119727437 1
1.4625 0.7125223582371686 1
1.4625000000000001 0.6195846593366683 1
1.4375 0.5387692689884073 1
1.4375 0.46849501651165854 1
1.4375 0.4073869708797031 1
1.4125 0.35424953989539404 1
1.4125 0.3080430781699079 1
1.3875 0.26786354623470254 1
1.3875 0.23292482281278482 1
1.3625 0.2025433241850303 1
1.3625 0.1761246297261133 1
1.3625 0.15315185193575073 1
1.3375000000000001 0.13317552342239194 1
1.3625 0.11580480297599301 1
1.3375 0.10069982867477653 1
1.4125 0.08756506841284915 1
1.4125 0.07614353775030362 1
1.3875 0.06621177195678576 1
1.3875 0.05757545387546589 1
1.3875 0.05006561206562252 1
1.3875 0.043535314839671754 1
1.3875 0.03785679551275806 1
1.3875 0.03291895261978962 1
1.3875 0.028625176191121406 1
1.3875 0.024891457557496874 1
1.3875 0.021644745702171196 1
1.3875 0.018821518001888 1
1.3875 0.01636653739294609 1
1.3875 0.014231771646040076 1
1.3875 0.012375453605252242 1
1.3875 0.010761264004567169 1
1.3875 0.009357620873536667 1
1.3875 0.008137061629162322 1
1.3875 0.0070757057644889754 1
1.3875 0.006152787621294761 1
1.3875 0.005350250105473706 1
1.3875 0.004652391396064093 1
1.3875 0.004045557735707907 1
1.3875 0.0035178762919199197 1
1.3875 0.003059022862539061 1
1.3875 0.0026600198804687487 1
1.3875 0.002313060765624999 1
1.3875 0.0020113571874999995 1
1.3875 0.0017490062499999994 1
1.3875 0.0015208749999999999 1
1.3875 0.0013224999999999999 1
1.3875 0.00115 1
1.3875 1.0e-5 1
1.3375000000000001 0.13317552342239194 2
1.3375000000000001 0.11580480297599301 2
1.3125 0.10069982867477653 2
1.3125 0.08756506841284915 2
1.2875 0.07614353775030362 2
1.2875 0.06621177195678576 2
1.2625 0.05757545387546589 2
1.2625 0.05006561206562252 2
1.2375 0.043535314839671754 2
1.2375 0.03785679551275806 2
1.2375 0.03291895261978962 2
1.2125000000000001 0.028625176191121406 2
1.2125000000000001 0.024891457557496874 2
1.2125000000000001 0.021644745702171196 2
1.1875 0.018821518001888 2
1.1875 0.01636653739294609 2
1.1625 0.014231771646040076 2
1.1625 0.012375453605252242 2
1.1625 0.010761264004567169 2
1.1625 0.009357620873536667 2
1.1375 0.008137061629162322 2
1.1375 0.0070757057644889754 2
1.1375 0.006152787621294761 2
1.1375 0.005350250105473706 2
1.1125 0.004652391396064093 2
1.1125 0.004045557735707907 2
1.1125 0.0035178762919199197 2
1.1125 0.003059022862539061 2
1.0875000000000001 0.0026600198804687487 2
1.0875000000000001 0.002313060765624999 2
1.0875000000000001 0.0020113571874999995 2
1.0875000000000001 0.0017490062499999994 2
1.0875000000000001 0.0015208749999999999 2
1.0875000000000001 0.0013224999999999999 2
1.0875000000000001 0.00115 2
1.0875000000000001 1.0e-5 2
