#1=α 2=λ 3=Δ 4=ϕ 5=Σ 6=E 7=ρ 8=q0 9=q1 10=δq 11=ρh 12=qh0 13=qh1 14=δqh 15=m 
3.0 0.014231771646040076 0.0 -0.007106955780713003 -2.220446049250313e-7 0.0071069535602669535 0.9936110586839562 0.9872829995711029 0.9872829995711082 0.24836506367228328 3.9977625407193296 0.0003249351028493723 0.0003249351029233611 4.00923990136704 100.0 85 20 0.9999999994684039
2.975 0.014231771646040076 0.0 -0.007107240261804853 2.220446049250313e-7 0.007107242482250902 0.9934959569689662 0.9870552719679597 0.9870552719679618 0.25149528315998765 3.9476399819447296 0.00033257241338583625 0.00033257241341485405 3.959255236039173 100.0 41 20 0.9999999995265031
2.95 0.014231771646040076 0.0 -0.007107516443863715 -8.673617379884035e-10 0.007107516435190098 0.993379663313469 0.9868252422902776 0.9868252422903012 0.2546869715091574 3.89765895515107 0.0003401676980886647 0.00034016769840530554 3.909406345303471 100.0 41 20 0.9999999989735144
2.925 0.014231771646040076 0.0 -0.007107885416081033 0.0 0.007107885416081033 0.9932535040593128 0.9865757555074666 0.9865757555075062 0.25797459403699563 3.8474539626273456 0.0003487280202065963 0.0003487280207218239 3.859358814667504 100.0 46 21 0.9999999996116986
2.9 0.014231771646040076 0.0 -0.007108271221082962 2.220446049250313e-7 0.007108273441529011 0.9931239971545078 0.9863197359353888 0.9863197359353902 0.2613868723405959 3.797174820019981 0.0003577344120439181 0.0003577344120617557 3.809236092617816 100.0 43 21 0.9999999995682834
2.875 0.014231771646040076 0.0 -0.0071085217428701565 2.229119666630197e-7 0.007108523971989823 0.9930036223080547 0.986081829737051 0.9860818297370547 0.26479169679515546 3.747488433579266 0.00036526152314172853 0.00036526152318642026 3.759663645500478 100.0 42 21 0.999999999527508
2.85 0.014231771646040076 0.0 -0.007108862784556591 -4.440892098500626e-7 0.007108858343664493 0.9928734362262733 0.9858246079174167 0.9858246079174935 0.2683311332351701 3.6975072242178832 0.00037387898298312547 0.0003738789839091173 3.7098186080162323 100.0 43 21 0.9999999989055461
2.825 0.014231771646040076 0.0 -0.0071093719490168 0.0 0.0071093719490168 0.9927272949389055 0.985535935872044 0.9855359358721565 0.2720039419806922 3.6472852736693464 0.0003842265300192403 0.0003842265313408306 3.659776619759822 100.0 43 22 0.999999999572856
2.8 0.014231771646040076 0.0 -0.007087909369337191 1.2923689896027213e-7 0.0070879106617061805 0.9960643266581877 0.9921529268984799 0.9921531000241023 0.27723128205770636 3.594794212929682 0.00011406533182595812 0.00011603795088426006 3.59496062590292 100.0 19 17 0.9999999995622267
2.775 0.014231771646040076 0.0 -0.0071103151891753254 0.0 0.0071103151891753254 0.9924342331313836 0.9849573349052991 0.9849573349053083 0.2795639403630216 3.547325101336695 0.00040424639369405146 0.00040424639379556206 3.56013974141941 100.0 47 22 0.9999999994743768
2.75 0.014231771646040076 0.0 -0.007110933292445685 -2.220446049250313e-7 0.0071109310719996354 0.992272343219832 0.9846378816416135 0.9846378816416163 0.2835640094570265 3.497000788732813 0.00041596137273017665 0.0004159613727615127 3.5100062766342877 100.0 46 23 0.9999999998498212
2.725 0.014231771646040076 0.0 -0.007111513585591913 0.0 0.007111513585591913 0.9921107985550028 0.9843191923739265 0.984319192373928 0.2875697857453031 3.447106343341534 0.0004269914231387779 0.00042699142315336575 3.4602898933644846 100.0 46 23 0.9999999995715191
2.7 0.014231771646040076 0.0 -0.007112114546250789 0.0 0.007112114546250789 0.9919449198825657 0.9839921250588362 0.983992125058849 0.2917865316009857 3.3970701968301276 0.0004388208044370041 0.0004388208045710031 3.410427876353416 100.0 55 23 0.999999999448795
2.675 0.014231771646040076 0.0 -0.007112884660913104 -4.440892098500626e-7 0.007112880220021005 0.9917634649920506 0.9836344981950492 0.9836344981950498 0.2961956252286745 3.346494431139348 0.0004524672348427314 0.0004524672348476441 3.360057778360013 100.0 58 24 0.9999999998577394
2.65 0.014231771646040076 0.0 -0.007113391712613262 -2.229119666630197e-7 0.007113389483493595 0.9915986467318372 0.9833096863815293 0.9833096863817296 0.30039784084455506 3.2975592261739544 0.00046260592684072206 0.00046260592879191593 3.3112712264675728 100.0 46 24 0.9999999996122312
2.625 0.014231771646040076 0.0 -0.007114170556765628 -8.673617379884035e-10 0.0071141705480920105 0.9914104736175476 0.9829390456628808 0.9829390456628931 0.3048981566783316 3.247761698138354 0.0004758631407108266 0.000475863140828209 3.2616742614208776 100.0 57 24 0.9999999990936355
2.6 0.014231771646040076 0.0 -0.007115330723005159 -8.673617379884035e-10 0.007115330714331541 0.9911917390868294 0.9825085206079627 0.9825085206079673 0.3098487079318722 3.196678595292022 0.0004937896449408917 0.0004937896449833828 3.2108577102615614 100.0 49 25 0.9999999997704763
2.575 0.014231771646040076 0.0 -0.007083942552721762 1.3964523981613297e-7 0.00708394394917416 0.9954851493605918 0.991003623812399 0.9910037534317668 0.3163097628615861 3.1466848252462842 0.0001291690492351427 0.00013031970241294364 3.1468399420859896 100.0 21 19 0.9999999994838475
2.55 0.014231771646040076 0.0 -0.007083431244250732 -3.200564813177209e-7 0.007083428043685919 0.9954130785819908 0.9908607837802574 0.9908609329752747 0.3214068175749613 3.096396778362593 0.00013131102994446157 0.00013259523369762337 3.0965627046772215 100.0 21 20 0.9999999998686043
2.525 0.014231771646040076 0.0 -0.0071187215461531545 8.673617379884035e-10 0.007118721554826772 0.9905246650157319 0.9811966974340068 0.9811966974340078 0.32497014909462296 3.0461440135755318 0.0005447789947348623 0.0005447789947433877 3.061054650979806 100.0 53 26 0.9999999995726471
2.5 0.014231771646040076 0.0 -0.007119926286112291 2.220446049250313e-7 0.007119928506558341 0.9902898255325434 0.9807353885607738 0.9807353895607738 0.33031959894110874 2.996037987390551 0.0005626445004973971 0.0005626445004979889 3.011186721772493 100.0 53 26 0.9999999993528185
2.475 0.014231771646040076 0.0 -0.007121407132625011 2.220446049250313e-7 0.007121409353071061 0.9900328867850916 0.9802308738487926 0.9802308738487928 0.3357808851233227 2.9462271235447464 0.0005825491076537228 0.0005825491076546912 2.9616601001712106 100.0 53 27 0.9999999995721829
2.45 0.014231771646040076 0.0 -0.007122803492431126 2.220446049250313e-7 0.007122805712877175 0.98977754465736 0.9797299052360546 0.9797299052360549 0.34148885050878053 2.8961742843325338 0.0006022763138306016 0.0006022763138328758 2.911858132582659 100.0 52 28 0.9999999998703845
2.425 0.014231771646040076 0.0 -0.007080608233724006 -3.391384395534658e-7 0.00708060484233961 0.9950348485324756 0.9901117278053426 0.990111892218933 0.34980914863387585 2.845838927557684 0.0001419929004531448 0.0001432015946712057 2.8459258051025746 100.0 22 21 0.9999999996536335
2.4 0.014231771646040076 0.0 -0.0071261022994557775 0.0 0.0071261022994557775 0.9892214685789359 0.9786400084805698 0.97864000848057 0.35354298589124955 2.795726626066711 0.0006463400919068213 0.0006463400919088822 2.8119611873521317 100.0 68 29 0.9999999999006461
2.375 0.014231771646040076 0.0 -0.007128433772492257 2.220446049250313e-7 0.007128435992938306 0.9888948472662232 0.9780005095112279 0.978000509511228 0.36001065010218364 2.745278075117228 0.000674452883661946 0.0006744528836626723 2.761878226970087 100.0 56 29 0.9999999998687137
2.35 0.014231771646040076 0.0 -0.007130210375232094 0.0 0.007130210375232094 0.9885972842964033 0.9774181142812397 0.9774181142812408 0.3661724040308372 2.6959928785232155 0.0006958193249979206 0.0006958193250052928 2.712864742659597 100.0 59 30 0.9999999996263165
2.325 0.014231771646040076 0.0 -0.007133150740484339 -3.469446951953614e-9 0.00713315070578987 0.988225154803132 0.9766908818465452 0.9766908828465451 0.37339280659883006 2.645018804776603 0.0007303831820107564 0.0007303831820111399 2.6623058037624356 100.0 117 29 0.9999999996502454
2.3 0.014231771646040076 0.0 -0.0071349500290873065 0.0 0.0071349500290873065 0.9879147340149144 0.9760846369892253 0.9760846369892258 0.3802272270336846 2.5956377830299364 0.0007535289976418843 0.0007535289976445457 2.6131637873636415 100.0 392 30 0.9999999998706652
2.275 0.014231771646040076 0.0 -0.007136005899407629 -2.220446049250313e-7 0.00713600367896158 0.9876401376547479 0.975548459276396 0.9755484592764097 0.3867493369518742 2.5481549724509884 0.000768892340991907 0.0007688923410740836 2.565823310496078 100.0 56 32 0.9999999996288618
2.25 0.014231771646040076 0.0 -0.007075718150148703 1.5005358067199381e-7 0.00707571965068451 0.9943388249060046 0.9887351560396183 0.9887352443788977 0.39832120313755687 2.4963099497296852 0.00016039789578638144 0.0001609038349487969 2.496341226867171 100.0 25 24 0.9999999996479668
2.225 0.014231771646040076 0.0 -0.007144955111485337 2.220446049250313e-7 0.007144957331931386 0.9866852963294539 0.9736878406277001 0.9736878406277003 0.4029249452810529 2.4456163495289065 0.0008602874574237996 0.0008602874574248237 2.4643933550066217 100.0 65 33 0.9999999996486
2.2 0.014231771646040076 0.0 -0.007149697850563981 4.432218481120742e-7 0.007149702282782462 0.9861888307493658 0.9727224724374598 0.9727224724829296 0.41154713944567045 2.39437840882971 0.0009084367330853919 0.0009084369763131039 2.413683022456019 100.0 112 35 0.9999999998080444
2.175 0.014231771646040076 0.0 -0.007073183490258316 3.0097452308197603e-7 0.007073186500003547 0.9939855736742582 0.988038009516024 0.988038178997255 0.4238793718085204 2.3457088436763027 0.000170816523394531 0.00017168250892278566 2.3457552590228974 100.0 25 24 0.9999999995943054
2.15 0.014231771646040076 0.0 -0.007074751860050395 -1.8214596497756474e-8 0.00707475167790443 0.9924004098205386 0.9849104776366033 0.9849104914280213 0.4359874585672576 2.29877347269443 0.0002786986815894871 0.0002787723330002096 2.3020959876506115 100.0 0 28 0.9999999997039132
2.125 0.014231771646040076 0.0 -0.007164828556883259 -4.4929338027799304e-7 0.007164824063949456 0.9846204202410478 0.9696808798562473 0.9696808808562473 0.4387369182791368 2.2430852248792967 0.0010563989043225973 0.001056398904322929 2.2638925498554845 100.0 74 37 0.9999999997127216
2.1 0.014231771646040076 0.0 -0.007070309825043369 -1.0234868508263162e-7 0.007070308801556518 0.993531807290667 0.987142859859953 0.9871429718407239 0.45202030000012705 2.1970510111013093 0.00018295136539478392 0.000183457824334453 2.1971752707467016 100.0 27 28 0.9999999999035168
2.075 0.014231771646040076 0.0 -0.007071629486839574 -1.1275702593849246e-8 0.007071629374082548 0.9919585534248259 0.9840412470948665 0.9840412550910469 0.46260366249856855 2.1447551843590644 0.0002779753345010438 0.00027801280378241 2.147912864455295 100.0 376 32 0.9999999996790232
2.05 0.014231771646040076 0.0 -0.007068165026098153 -9.8879238130678e-8 0.007068164037305771 0.9932353801695466 0.9865595680333529 0.9865596719686643 0.4737857909128523 2.0963965001511413 0.00019176876367565067 0.00019219805298464638 2.0964855035273593 100.0 28 29 0.9999999998165814
2.025 0.014231771646040076 0.0 -0.0070682587367543685 2.0816681711721685e-7 0.00706826081842254 0.9920239213340143 0.9841726594362692 0.9841726693008374 0.48493756945843014 2.0456273834498875 0.00026020395389859426 0.0002602449102540751 2.0478471476688993 100.0 591 33 0.9999999996678044
2.0 0.014231771646040076 0.0 -0.007205874174267678 -1.1102230246251565e-7 0.007205873064044653 0.9811196857444386 0.9629384314812327 0.9629384314812328 0.4923990062110508 1.9914140588859053 0.0014117162682412763 0.0014117162682417562 2.0155072217455228 100.0 116 40 0.9999999999048383
1.975 0.014231771646040076 0.0 -0.007209728865604439 0.0 0.007209728865604439 0.9805737540936424 0.9618907343439864 0.9618907343440664 0.5021735430186168 1.9472150228349676 0.0014441074671472992 0.0014441074674379304 1.9715741059873695 100.0 0 46 0.9999999996656213
1.95 0.014231771646040076 0.0 -0.0070643745326613655 1.0755285551056204e-7 0.007064375608189921 0.9914788005343382 0.9831065674874502 0.9831065684874501 0.5236703513653997 1.8922915911699314 0.0002777569012809084 0.00027774167005880734 1.894324065621731 100.0 495 38 0.9999999996656481
1.925 0.014231771646040076 0.0 -0.007061810140393433 -5.7245874707234634e-8 0.007061809567934686 0.9923788343978475 0.9848777294322307 0.9848777811458876 0.5377488271996786 1.8454891128176543 0.00021432172474818747 0.00021449112313167692 1.8454469442522625 100.0 33 35 0.9999999999355397
1.9 0.014231771646040076 0.0 -0.0070613097082600695 -1.5178830414797062e-7 0.007061308190377028 0.9911497695406267 0.982471070594057 0.9824710993535326 0.5577790355676774 1.7737613766303544 0.0002964446046614742 0.00029653690605521785 1.7753910675651665 100.0 0 38 0.9999999999355595
1.875 0.014231771646040076 0.0 -0.007058765473414045 -6.071532165918825e-9 0.007058765412698723 0.991954136320105 0.9840461414478585 0.9840462448310789 0.5685478589479043 1.7449112829715685 0.000226249814911689 0.00022654788507855028 1.7448619027641994 100.0 32 36 0.9999999999354824
1.85 0.014231771646040076 0.0 -0.007057117358510302 -1.1015494072452725e-7 0.007057116256960895 0.991703315914527 0.9835566341234203 0.9835575759038651 0.5861397742063743 1.6927797949473506 0.0002362603234196742 0.00023883400995969398 1.6929639525484792 100.0 28 32 0.9999999999294018
1.825 0.014231771646040076 0.0 -0.007055369087845494 2.6020852139652106e-8 0.007055369348054015 0.991422669216264 0.9830075906400042 0.9830076589188128 0.603482339175676 1.643752276194122 0.00024365676375646505 0.0002438387590583906 1.6437567423211954 100.0 37 40 0.9999999999355139
1.8 0.014231771646040076 0.0 -0.0070535093881225926 -1.726049858596923e-7 0.007053507662072734 0.9912148461118848 0.982603316211081 0.9826040832584046 0.6227754702137104 1.592769500593271 0.00024883952299369717 0.00025071307803724806 1.5928374052956837 100.0 30 36 0.9999999999355847
1.775 0.014231771646040076 0.0 -0.0070515885192319475 -8.847089727481716e-8 0.007051587634522975 0.9906651039777358 0.9815266362400566 0.9815267012705023 0.6403863701386556 1.5463102049470772 0.0002663929220372336 0.0002665488335336609 1.5466668046994172 100.0 41 43 0.9999999999356242
1.75 0.014231771646040076 0.0 -0.007049426500332407 1.474514954580286e-7 0.007049427974847361 0.9906156720338328 0.9814354438101615 0.981435920882222 0.6634159361678453 1.4936348204209724 0.00026372253108473 0.00026475672944489657 1.4936541025269923 100.0 33 40 0.999999999958781
1.725 0.014231771646040076 0.0 -0.00704717988408038 -9.80118763926896e-8 0.007047178903961616 0.9902930257877737 0.9808094757593588 0.9808104428181448 0.6868834029679586 1.4424703761509392 0.0002739763714265653 0.0002759248917960516 1.4425692555392189 100.0 32 18 0.9993445168733159
1.7 0.014231771646040076 0.0 -0.00704477449353762 9.540979117872439e-9 0.007044774588947411 0.9899525499037727 0.9801478837800885 0.9801482720918147 0.7104748740305652 1.3935258247682116 0.00028101302548063517 0.00028175246220032025 1.3935106006577922 100.0 36 22 0.9993644476105349
1.675 0.014231771646040076 0.0 -0.007042200110613914 -9.8879238130678e-8 0.007042199121821533 0.9895255393047424 0.9793196761726702 0.9793198185193323 0.7361566663052457 1.3441166449021373 0.0002931912540466009 0.00029345002489631695 1.344138760929538 100.0 43 41 0.9999230600054557
1.65 0.014231771646040076 0.0 -0.007039611687382642 1.6479873021779667e-8 0.007039611852181373 0.9889108073024702 0.9781560238725134 0.9781561466629916 0.779509230562397 1.2884675872973337 0.0003583681695502767 0.00035857813187656004 1.2886170282585183 100.0 0 25 0.9992551722678028
1.625 0.014231771646040076 0.0 -0.0070364351772792605 -3.989863994746656e-8 0.007036434778292861 0.9887592953135957 0.977843055110924 0.9778435048011425 0.7957194810339671 1.2426211517723293 0.00031287970361274436 0.000313567893097477 1.2425845550241228 100.0 40 19 0.9990350103461265
1.6 0.014231771646040076 0.0 -0.007033208549381079 -9.71445146547012e-8 0.007033207577935932 0.9882290613888313 0.9768219054751497 0.9768222355191365 0.8284374593565108 1.1928133958521918 0.0003281622935095448 0.00032863949980266576 1.1928371842770864 100.0 47 22 0.9991055287391749
1.575 0.014231771646040076 0.0 -0.007029695648713805 6.765421556309548e-8 0.00702969632525596 0.9877938377916509 0.9759902086319753 0.9759906934459741 0.8652019237010624 1.1416803649576872 0.0003386670433119889 0.00033930080846752975 1.141619517771841 100.0 44 22 0.998957906768009
1.55 0.014231771646040076 0.0 -0.0070258811623840406 -1.3877787807814457e-8 0.0070258810236061625 0.9872407335341431 0.9749330376752825 0.9749337373469121 0.9045799186640668 1.0913396992223265 0.00035288060720083944 0.0003537221740100666 1.0912965322525163 100.0 46 25 0.9991473662358141
1.525 0.014231771646040076 0.0 -0.007021706428417787 5.4643789493269423e-8 0.007021706974855682 0.9866603279308949 0.9738294413029197 0.9738301358006942 0.9481509296745748 1.0405837977620693 0.00036796675361008954 0.0003687313201753169 1.0404970082176344 100.0 50 19 0.9989336946935525
1.5 0.014231771646040076 0.0 -0.00701712333067499 -7.632783294297951e-8 0.007017122567396661 0.9859604566200166 0.9725055771802811 0.9725079834641135 0.9978041257864134 0.9884059495366619 0.00038937435089874366 0.00039172133918028015 0.9884805127389302 100.0 43 22 0.9991260222947536
1.475 0.014231771646040076 0.0 -0.007012082532612472 -4.85722573273506e-8 0.007012082046889898 0.98526432422767 0.9711903079829105 0.9711919249056119 1.049133398104964 0.9390391187979248 0.00040377544630258624 0.0004052374340188572 0.9389975297215497 100.0 55 28 0.9991829520721137
1.45 0.014231771646040076 0.0 -0.0070064838649765895 -2.6020852139652106e-8 0.007006483604768068 0.9844486744457457 0.9696625669358703 0.9696649266892917 1.1090606795657445 0.8875749183507341 0.00042539119451169555 0.0004272933342887482 0.8875536801312531 100.0 53 30 0.9993019630151421
1.425 0.014231771646040076 0.0 -0.007000235027407723 -3.209238430557093e-8 0.00700023470648388 0.9834756888833884 0.967847550907603 0.9678500229753458 1.1753347049271028 0.8366189929737032 0.00045093116445359273 0.0004526939931363362 0.8366201387174146 100.0 55 26 0.999328889207057
1.4 0.014231771646040076 0.0 -0.006993235395874919 -8.673617379884035e-9 0.006993235309138745 0.9825080541018555 0.966063551996053 0.9660677900397511 1.251063397420063 0.7851208546918659 0.00047344468608160695 0.00047614291292121343 0.7851364004238732 100.0 62 35 0.9993197594367393
1.375 0.014231771646040076 0.0 -0.006985316393357303 -3.122502256758253e-8 0.006985316081107078 0.9812990296496458 0.9638500800998744 0.9638558270608348 1.3375845719986028 0.733337387405682 0.0005038922588440175 0.0005070896847498841 0.7334007453700933 100.0 65 31 0.9994041385857251
1.35 0.014231771646040076 0.0 -0.006976283571217327 -3.5561831257524545e-8 0.006976283215599014 0.9799675461603928 0.9614419736949498 0.9614523324895985 1.4374708379667547 0.6812569520514637 0.000534289325764002 0.0005392906567811128 0.6814514257598252 100.0 72 34 0.9996263567328136
1.325 0.014231771646040076 0.0 -0.0069658715283383 -7.112366251504909e-8 0.006965870817101675 0.9783268719965125 0.9585211818394511 0.9585360671873276 1.5565050157004159 0.6280239183561539 0.0005759266060604573 0.0005820453329284278 0.6283161111445767 100.0 73 37 0.9996411671631125
1.3 0.014231771646040076 0.0 -0.006953750776715025 1.5092094240998222e-7 0.006953752285924449 0.9764718578421324 0.9552712257334136 0.955299660774724 1.6958779248528444 0.5748465952841094 0.0006147545848149082 0.0006246162613899243 0.5754518009177073 100.0 86 51 0.999783839615986
1.275 0.014231771646040076 0.0 -0.006939317973199619 -5.4643789493269423e-8 0.0069393174267617245 0.974044838986456 0.9511242901488532 0.9511856654244141 1.8717592262062908 0.5188925587750518 0.0006699469177477174 0.000687362158379883 0.5202269878523421 100.0 83 41 0.9998970602402888
1.25 0.014231771646040076 0.0 -0.006921878063534127 3.434752482434078e-7 0.006921881498286609 0.9712049875648666 0.9464166896584943 0.9465286645502807 2.085407043230544 0.46333849749847233 0.0007231649192620175 0.0007487772664559215 0.4654040152032072 100.0 106 68 0.9998671225637722
1.225 0.014231771646040076 0.0 -0.0069001646367284845 2.3826426942541445e-6 0.006900188463155427 0.9673046682866351 0.9401947137160153 0.9404543126888859 2.3685822869580373 0.40397638892195603 0.0007876961306429526 0.0008334543190716947 0.4079748448429717 100.0 132 67 0.9999575143896914
1.2 0.014231771646040076 0.0 -0.0068718612920660865 1.2607970223399434e-5 0.0068719873717683205 0.961564084912526 0.9315625882356708 0.9322876340121207 2.769698781600396 0.338328330208626 0.0008612514933661663 0.0009533422667999383 0.346829202809372 100.0 173 76 0.9999791012446416
1.175 0.014231771646040076 0.0 -0.0068313081946494575 0.00012246540587179666 0.0068325328487081755 0.9505249832140258 0.9164101812289596 0.9193378710384299 3.4241129737244753 0.2557423618178103 0.0009346860312339173 0.0011647089787262127 0.27782406637956114 100.0 274 119 0.999957713544095
1.15 0.014231771646040076 0.0 -0.006739323218570941 0.009245089069298551 0.0068317741092639266 0.8545411050661158 0.8194693537193241 0.8865258212642213 4.394111077272281 0.07699291250922294 0.0007242496520188698 0.0020989754877294405 0.21333838252304038 100.0 240 0 0.15523537087211658
1.125 0.014231771646040076 0.0 -0.006498482759307958 0.013516588889816994 0.006633648648206128 0.72130851897272 0.7043615604538442 0.8650828705852919 5.068619054279971 0.03412106861264571 0.00041188283551500313 0.0019117908947941075 0.18306280466494917 100.0 122 0 0.08763430741120279
1.1 0.014231771646040076 0.0 -0.006233383225981746 0.016652314943632618 0.006399906375418072 0.6467988847524346 0.6375820697387304 0.844707285385826 6.14815672009498 0.024080816249373915 0.0003038702819056286 0.001558067844558385 0.1484181846329109 100.0 90 0 0.07224549287213186
3.0 0.01636653739294609 0.0 -0.008171517771938551 0.0 0.008171517771938551 0.9926533651489959 0.9853872286932853 0.9853872286932919 0.2482243945245164 3.9966537957709596 0.0004301196025684934 0.000430119602659631 4.009869395491317 100.0 55 21 0.9999999998015808
2.975 0.01636653739294609 0.0 -0.00817159981766841 0.0 0.00817159981766841 0.9925435344331619 0.9851702397676328 0.9851702397676498 0.251119757225885 3.9479933406791794 0.00043646664478327646 0.00043646664501458975 3.9612916072132087 100.0 40 21 0.999999999568556
2.95 0.01636653739294609 0.0 -0.00817207907898348 -2.220446049250313e-7 0.00817207685853743 0.9924013067047381 0.9848893647379485 0.9848893647379546 0.2543502829639888 3.8976863200025487 0.0004477289634122428 0.0004477289634935345 3.9111689491384696 100.0 42 21 0.9999999995735221
2.925 0.01636653739294609 0.0 -0.008172648244111706 2.220446049250313e-7 0.008172650464557755 0.9922503693631453 0.9845914285348385 0.9845914285348436 0.2577890470006638 3.8466539577927406 0.0004605250277853981 0.0004605250278508248 3.8603334463452565 100.0 57 21 0.9999999990218233
2.9 0.01636653739294609 0.0 -0.008172962127957097 -4.440892098500626e-7 0.008172957687064998 0.9921160257896288 0.98432623851809 0.9843262385181655 0.2609659592759188 3.797572118854427 0.00046951684778965506 0.00046951684875787595 3.811388847279818 100.0 43 22 0.9999999998188391
2.875 0.01636653739294609 0.0 -0.008173550461263139 2.220446049250313e-7 0.008173552681709188 0.9919589954638999 0.9840164459518399 0.9840164459518411 0.26450442509113903 3.746929100424625 0.00048240446833351983 0.0004824044683492019 3.760940273189088 100.0 44 22 0.9999999995674264
2.85 0.01636653739294609 0.0 -0.008174188143139648 0.0 0.008174188143139648 0.9917960819283268 0.9836951662588833 0.9836951662589232 0.26815506460811633 3.6963888553689124 0.0004960072099375337 0.000496007210419293 3.710600915920421 100.0 45 22 0.9999999994656943
2.825 0.01636653739294609 0.0 -0.00817458015303371 0.0 0.00817458015303371 0.991648023649069 0.9834032479183924 0.9834032479184133 0.2716970588806433 3.646887262947126 0.0005066334356594958 0.0005066334359051796 3.661239913198631 100.0 45 22 0.9999999990454611
2.8 0.01636653739294609 0.0 -0.00814629902347121 9.540979117872439e-8 0.008146299977569122 0.9954746445065246 0.9909813099080569 0.9909814806162804 0.277119471430687 3.5945189420346733 0.00015013264095172594 0.00015208093484520973 3.594684069039598 100.0 19 17 0.9999999989408979
2.775 0.01636653739294609 0.0 -0.008175918125685844 -2.220446049250313e-7 0.008175915905239795 0.9913046775383386 0.9827266758339125 0.9827266758339146 0.2792848412002738 3.5464705785496116 0.0005340582161158099 0.0005340582161403268 3.5612164303026974 100.0 46 23 0.9999999996029836
2.75 0.01636653739294609 0.0 -0.008145251458945506 2.740863092043355e-7 0.008145254199808598 0.9953276596225852 0.9906897848574661 0.9906900000643706 0.2848547039528658 3.494635252533709 0.00015536426298282552 0.00015769303366536751 3.49490538630685 100.0 19 18 0.9999999994865163
2.725 0.01636653739294609 0.0 -0.008144704238619589 -9.540979117872439e-8 0.008144703284521677 0.9952617535123793 0.9905589842470048 0.9905591006482539 0.2888054393025868 3.445980257028923 0.00015597455222587199 0.00015720244359699765 3.4461421665342344 100.0 20 18 0.999999998987928
2.7 0.01636653739294609 0.0 -0.00814414150365628 -4.85722573273506e-8 0.008144141017933707 0.995191415995726 0.990419500403123 0.9904195641693017 0.29300080945217155 3.396541645978733 0.0001576980241749444 0.00015835269555895164 3.396651946467371 100.0 21 19 0.9999999995382772
2.675 0.01636653739294609 0.0 -0.008143562037192556 -5.551115123125783e-8 0.008143561482081044 0.995121909107314 0.99028174888736 0.9902818217042677 0.29730690577645597 3.3467059268808814 0.00015978715223283405 0.00016051407106616513 3.346818075844361 100.0 21 19 0.9999999999162731
2.65 0.01636653739294609 0.0 -0.008180105578719258 -2.220446049250313e-7 0.008180103358273209 0.9903378991559286 0.9808243876553724 0.9808243876553729 0.3000938390253075 3.296614775052083 0.0006122779753667518 0.0006122779753713525 3.312416519055083 100.0 49 25 0.9999999998577935
2.625 0.01636653739294609 0.0 -0.008181407309805017 2.220446049250313e-7 0.008181409530251066 0.9901046341803411 0.980366118751117 0.9803661187511178 0.30485847203694244 3.2457100807302814 0.000633480220959725 0.0006334802209654015 3.2617851173422725 100.0 52 25 0.9999999995421397
2.6 0.01636653739294609 0.0 -0.008182425368212143 -2.220446049250313e-7 0.008182423147766094 0.9898856438813448 0.9799360473851424 0.9799360473851427 0.3095035917669274 3.1959423218890324 0.0006512820227661927 0.000651282022770659 3.2122346010191856 100.0 50 26 0.9999999998641138
2.575 0.01636653739294609 0.0 -0.008182978586530146 0.0 0.008182978586530146 0.9896914028377419 0.9795545234181878 0.9795545234182024 0.3137396792719951 3.147885106034498 0.0006625622618877314 0.0006625622620170055 3.164317687065817 100.0 49 26 0.999999999574348
2.55 0.01636653739294609 0.0 -0.00818524694874649 -2.220446049250313e-7 0.00818524472830044 0.9893878869918182 0.9789592735370615 0.9789592735370634 0.31932529350486477 3.095722714791436 0.0006941806208499874 0.0006941806208671446 3.112565008023307 100.0 53 27 0.9999999998603748
2.525 0.01636653739294609 0.0 -0.008186766029628954 -6.938893903907228e-9 0.008186765960240015 0.9891264208442903 0.9784467439062717 0.9784467449062717 0.32458476523799445 3.0453509351743797 0.0007174785807903199 0.0007174785807908428 3.062465551913875 100.0 53 27 0.9999999998412996
2.5 0.01636653739294609 0.0 -0.008188374389076374 -2.220446049250313e-7 0.008188372168630324 0.9888559827461134 0.9779169148169886 0.9779169148170621 0.32991483156654844 2.9950611885297125 0.0007410580875319202 0.0007410580881316028 3.012451639831376 100.0 64 28 0.9999999998806421
2.475 0.01636653739294609 0.0 -0.008189379709846924 0.0 0.008189379709846924 0.9886158484202997 0.9774465334272862 0.9774465334272955 0.33493239921284385 2.9471359661198804 0.0007579208326895435 0.0007579208327618293 2.964714211677309 100.0 51 28 0.9999999996219147
2.45 0.01636653739294609 0.0 -0.00819229547054107 0.0 0.00819229547054107 0.9882609599131025 0.9767523748262159 0.976752374826216 0.3411951351862654 2.894819776396546 0.0007951582111082397 0.0007951582111094949 2.912842113920776 100.0 56 28 0.999999999622596
2.425 0.01636653739294609 0.0 -0.008194599534683666 0.0 0.008194599534683666 0.9879373818857338 0.9761196844571666 0.9761196844571672 0.3470203267430129 2.844929173014521 0.0008246245901018988 0.0008246245901061335 2.863302412606589 100.0 65 29 0.9999999995935878
2.4 0.01636653739294609 0.0 -0.008196763966242856 4.440892098500626e-7 0.008196768407134954 0.9876162536959553 0.9754925161049521 0.975492516104953 0.35320138419500935 2.7945637507897234 0.0008541337468045594 0.0008541337468110207 2.813241194535864 100.0 65 30 0.9999999998739699
2.375 0.01636653739294609 0.0 -0.008198824711048526 -2.220446049250313e-7 0.008198822490602477 0.9872948257059684 0.9748652488716039 0.9748652488716059 0.3594831934435562 2.7446688850555705 0.0008826304225654955 0.0008826304225794143 2.7636257755942064 100.0 58 30 0.9999999996496427
2.35 0.01636653739294609 0.0 -0.008199611650993005 0.0 0.008199611650993005 0.9870349972993491 0.9743580245292329 0.9743580245292951 0.3650077246062278 2.698031553409656 0.0008968406071907614 0.0008968406076079765 2.717116055390804 100.0 119 31 0.9999999998069795
2.325 0.01636653739294609 0.0 -0.00813318439185637 -1.700029006457271e-7 0.008133182691827364 0.99385655375216 0.9877792162265389 0.9877793866847798 0.37571911854862655 2.6453018620356565 0.00020081897357626248 0.00020191268044912776 2.6453961045644974 100.0 23 23 0.9999999996260798
2.3 0.01636653739294609 0.0 -0.008209277266852172 -2.220446049250313e-7 0.008209275046406122 0.9860733160875108 0.9724852788938033 0.9724852788938034 0.37982436958634447 2.5941748697494527 0.0010017401690378925 0.0010017401690382626 2.6144506287075364 100.0 76 31 0.999999999628338
2.275 0.01636653739294609 0.0 -0.008213196758713227 4.440892098500626e-7 0.008213201199605325 0.9856332571786522 0.9716299102704006 0.9716299102704008 0.38724671383710907 2.543667162655535 0.001045857338636756 0.0010458573386381686 2.564380601006485 100.0 130 32 0.9999999996459813
2.25 0.01636653739294609 0.0 -0.008130215917078075 1.196959198423997e-7 0.008130217114037273 0.9934845989331487 0.9870452092512012 0.9870453067391346 0.39792616695150773 2.4962653861897866 0.00021185180211123495 0.00021241821944298226 2.4963269603961775 100.0 25 25 0.9999999999020676
2.225 0.01636653739294609 0.0 -0.008221402083870582 2.1337098754514727e-7 0.008221404217580457 0.9847151740614855 0.9698486387248395 0.9698486397248395 0.40281707683179335 2.443221821319611 0.001137066107200531 0.001137066107200838 2.4647819311605197 100.0 63 32 0.999999999902802
2.2 0.01636653739294609 0.0 -0.008227374603086951 0.0 0.008227374603086951 0.9841579653140151 0.9687692804882408 0.9687692804882431 0.41111118025286886 2.3927262180258 0.0011964843024648794 0.001196484302476624 2.4148779561092546 100.0 403 36 0.999999999816671
2.175 0.01636653739294609 0.0 -0.008233944194297191 0.0 0.008233944194297191 0.9835686242768469 0.9676288623885512 0.9676288623885915 0.419368873518895 2.3431634189904025 0.0012581728998194456 0.0012581729000269452 2.365946296705668 100.0 178 37 0.9999999998131187
2.15 0.01636653739294609 0.0 -0.008240715011751304 2.220446049250313e-7 0.008240717232197353 0.9829630541167023 0.9664598282442912 0.9664598282442913 0.42849899045640866 2.2924277237292534 0.001324494480695979 0.001324494480696342 2.315797506569242 100.0 113 34 0.9999999995961033
2.125 0.01636653739294609 0.0 -0.008124396804120262 5.7245874707234634e-8 0.00812439737657901 0.9927906006659742 0.9856790469555972 0.9856791876931685 0.4423404191717486 2.244921293350394 0.0002344417879289755 0.0002350988671746442 2.24492124091482 100.0 26 27 0.9999999995964475
2.1 0.01636653739294609 0.0 -0.008126156580935457 -1.3877787807814457e-8 0.008126156442157579 0.9909654160020781 0.9820855126897592 0.9820855206555253 0.4511839440006662 2.1951534728842006 0.00035836355681606217 0.00035840005153556015 2.1988063818044603 100.0 298 33 0.9999999999024415
2.075 0.01636653739294609 0.0 -0.00812472097105379 -1.0408340855860843e-8 0.008124720866970381 0.9907919336210705 0.9817479890490701 0.9817479951178274 0.4634262725208291 2.140523505196118 0.0003697363890155704 0.00036976362036628845 2.144046728667184 100.0 274 33 0.9999999999266722
2.05 0.01636653739294609 0.0 -0.008120258119474318 3.469446951953614e-8 0.008120258466419013 0.9922725133395887 0.9846622423725271 0.9846630906782686 0.4747102605066187 2.0919898420205074 0.0002551568704359417 0.0002586397641699343 2.092258223959565 100.0 24 27 0.9999999999422093
2.025 0.01636653739294609 0.0 -0.00813983428671243 -1.734723475976807e-8 0.008139834113240083 0.9879934764001134 0.9762163356611219 0.9762163426742367 0.432080139346841 2.0523471146572168 0.00036544642683253764 0.0003654779382091305 2.061505552560285 100.0 0 33 0.999999999860917
2.0 0.01636653739294609 0.0 -0.008133374411335884 -6.591949208711867e-8 0.008133373752140963 0.9878873273688545 0.9760648983030331 0.9760649216030715 0.49543653293939927 1.9939392076500155 0.0005846698228718235 0.0005847656543448916 2.0020302886008015 100.0 332 33 0.9999999998162615
1.975 0.01636653739294609 0.0 -0.008317634697302387 2.203098814490545e-7 0.008317636900401201 0.977302686407036 0.9556238815942173 0.9556238815942174 0.5032276453965958 1.9400641180159983 0.0019840526459363565 0.0019840526459365994 1.9687599751511047 100.0 476 41 0.9999999996634936
1.95 0.01636653739294609 0.0 -0.008113727044226304 1.0061396160665481e-7 0.00811372805036592 0.9914751049515572 0.9830985565903397 0.983098727708764 0.5234902302523496 1.8944675702752518 0.00027620995329089877 0.0002767854900971659 1.8944460515565877 100.0 29 32 0.9999999999152778
1.925 0.01636653739294609 0.0 -0.008111881372405889 -2.0816681711721685e-8 0.008111881164239072 0.9912480912433992 0.982654502300354 0.9826546727487083 0.5374801572647048 1.8444101142775662 0.0002828787406310634 0.00028343311258012045 1.844383110085077 100.0 30 33 0.9999999999166307
1.9 0.01636653739294609 0.0 -0.008109937265477474 7.45931094670027e-8 0.008109938011408569 0.9909791504161831 0.982128366605351 0.982128467235936 0.5519298124009828 1.7952523736723858 0.0002910923262734709 0.0002914108093710346 1.7952603710831372 100.0 33 35 0.99999999993466
1.875 0.01636653739294609 0.0 -0.008107879308424864 -2.2551405187698492e-8 0.008107879082910812 0.9907536634829761 0.9816890715085861 0.9816892347717345 0.5680580548475374 1.744265012398523 0.0002982787222498302 0.0002987614213407621 1.7442247686946046 100.0 32 36 0.9999999999545589
1.85 0.01636653739294609 0.0 -0.008105754075372592 2.0296264668928643e-7 0.008105756104999058 0.9902558992091789 0.9807149620967278 0.9807150426204317 0.5831821737332711 1.6967991913073295 0.0003179243025235977 0.00031815473585909443 1.6971558215398566 100.0 36 40 0.9999999999351719
1.825 0.01636653739294609 0.0 -0.008103397239345275 6.418476861114186e-8 0.00810339788119296 0.9902024262529073 0.9806151838373386 0.9806153544151908 0.6022926983877782 1.6440955792594332 0.00031517657775884426 0.0003156327207101917 1.6440419523962604 100.0 34 38 0.9999999999355096
1.8 0.01636653739294609 0.0 -0.008103583682712034 5.551115123125783e-8 0.008103584237823546 0.9881161187701357 0.9765629454572134 0.9765629692514494 0.629604274497515 1.5729366428758562 0.00047765048506908926 0.0004777107825978363 1.5754865265553333 100.0 0 42 0.9999999999186953
1.775 0.01636653739294609 0.0 -0.008100574457141147 7.806255641895632e-8 0.008100575237766711 0.9878974513471723 0.9761325090531718 0.9761325233629659 0.64316727312877 1.5381068553580968 0.0004625421380313787 0.0004625769867686358 1.540579616537137 100.0 468 52 0.9999999999218175
1.75 0.01636653739294609 0.0 -0.0080955809261436 3.989863994746656e-8 0.00809558132513 0.9892124337893899 0.9786929854012518 0.9786931546478239 0.6621100862288372 1.4939561502593763 0.0003461303452983449 0.00034650927657049865 1.4939195190079464 100.0 38 42 0.9999999998995132
1.725 0.01636653739294609 0.0 -0.00809262868249691 1.7694179454963432e-7 0.008092630451914856 0.9887905332333022 0.9778757985978742 0.9778758846746096 0.6846712368968361 1.4440101757240147 0.0003606587413430589 0.00036083436480787193 1.4440317901176853 100.0 40 30 0.9995944849531444
1.7 0.01636653739294609 0.0 -0.008089461834696792 1.5265566588595902e-7 0.00808946336125345 0.9884674461934615 0.9772545618996149 0.9772551384238313 0.7101045565924461 1.3921719238190318 0.0003702003599281653 0.00037129935716753953 1.392156906588926 100.0 35 23 0.9993647643786714
1.675 0.01636653739294609 0.0 -0.008086081319712375 1.2836953722228372e-7 0.008086082603407747 0.9879546794793018 0.9762661819866739 0.9762663436184319 0.7367022556660128 1.3415940115696063 0.00039031751866135046 0.000390613300720073 1.34161179567369 100.0 65 25 0.9993330144586181
1.65 0.01636653739294609 0.0 -0.008082431642286881 -5.898059818321144e-8 0.008082431052480899 0.9875233859769431 0.9754353144105509 0.9754357876553861 0.7637428067288851 1.292761059665056 0.0003991461349966062 0.0003999359697032046 1.2928072373665447 100.0 39 23 0.9992430217199267
1.625 0.01636653739294609 0.0 -0.008078497597804065 -1.491862189340054e-7 0.008078496105941876 0.9870964011554402 0.9746198872821424 0.9746204445364292 0.7952199251461048 1.2413471130533171 0.00041205664432547546 0.0004129147832563481 1.2412930504325765 100.0 40 24 0.9991955492163763
1.6 0.01636653739294609 0.0 -0.008074253705068769 -1.0408340855860843e-8 0.00807425360098536 0.9865591636432228 0.9735919327580169 0.9735925084753752 0.8279110962820304 1.1915042906421962 0.0004273204017005115 0.00042814955201194175 1.1914538272275907 100.0 44 23 0.9991423787669182
1.575 0.01636653739294609 0.0 -0.00806964339898691 -1.5092094240998222e-7 0.008069641889777487 0.9860172082639502 0.9725604284955044 0.9725611976522499 0.8641748496051835 1.1408796715172398 0.00044247902732043917 0.0004434927461156368 1.1407934989046773 100.0 44 24 0.9991544291307662
1.55 0.01636653739294609 0.0 -0.008064627709761435 6.765421556309548e-8 0.00806462838630359 0.9852617167164526 0.9711217881014725 0.97112204345239 0.9026592100881098 1.0911549018247122 0.00046760279236488303 0.00046790924818368337 1.0911429145307414 100.0 49 26 0.9990661853893843
1.525 0.01636653739294609 0.0 -0.008059153817564007 1.214306433183765e-7 0.00805915503187044 0.9846789954024902 0.9700270629547696 0.9700278384506349 0.9472949206358062 1.0393712687115346 0.0004839244857805854 0.0004847772335281495 1.0392620509751345 100.0 52 18 0.9989928694675262
1.5 0.01636653739294609 0.0 -0.008053147396248602 -1.0234868508263162e-7 0.008053146372761751 0.9839365126086828 0.9686318666920439 0.9686332015814358 0.9953628452977937 0.9884029550787485 0.0005053464511864188 0.0005066814762380496 0.9883062813692473 100.0 52 28 0.9991151599669769
1.475 0.01636653739294609 0.0 -0.008046509248486166 2.42861286636753e-8 0.008046509491347453 0.9830908028620846 0.9670513913827543 0.9670527402973268 1.0486731842384918 0.937369541901647 0.0005307958779037939 0.0005320130059280063 0.9372473756001548 100.0 55 24 0.9990637557039368
1.45 0.01636653739294609 0.0 -0.008039171388601966 -3.122502256758253e-8 0.00803917107635174 0.9821248568003348 0.9652568761099645 0.9652595828230015 1.1083620695838723 0.885965243090041 0.0005595587124550136 0.0005617351679956356 0.8859409176462931 100.0 53 36 0.9993599154410795
1.425 0.01636653739294609 0.0 -0.008030990520759364 2.2551405187698492e-8 0.008030990746273416 0.981089454032285 0.9633513160837217 0.9633549028218747 1.1755507207071854 0.8344500157788248 0.0005893952614075553 0.0005919620251910174 0.8344234392441162 100.0 56 34 0.9993387157588256
1.4 0.01636653739294609 0.0 -0.008021812880573086 -7.45931094670027e-8 0.008021812134641992 0.9798889229849653 0.9611579083794 0.9611623609963958 1.2509271797164794 0.783091784188992 0.0006230842082714901 0.0006259087092085512 0.7830794751589824 100.0 63 23 0.9996506132994551
1.375 0.01636653739294609 0.0 -0.008011432247395336 -1.9081958235744878e-8 0.008011432056575753 0.9785704109842135 0.9587785173048659 0.9587878988244971 1.337969196094419 0.7309039165576389 0.0006574017879334128 0.0006626280902833373 0.7310657822808011 100.0 67 33 0.9994524849788252
1.35 0.01636653739294609 0.0 -0.007999600935486899 -9.020562075079397e-8 0.007999600033430691 0.9769505582288939 0.9558935196568537 0.9559063076558137 1.4394620064926036 0.6781623428730464 0.0007040261141083732 0.0007101676473975472 0.6784094519703264 100.0 69 35 0.9996359002243919
1.325 0.01636653739294609 0.0 -0.007985991928041324 6.245004513516506e-8 0.007985992552541775 0.975163040225508 0.9527576366308919 0.9527826580798844 1.5570206385278023 0.6253317232321971 0.0007462196800133787 0.0007565130178759478 0.6259210925229325 100.0 80 35 0.9997511964395487
1.3 0.01636653739294609 0.0 -0.007970036828807356 1.734723475976807e-7 0.007970038563530832 0.972895184429193 0.9488663103685071 0.9489094038289232 1.7002063722068261 0.570802823312886 0.0008058908325296755 0.0008207314808957378 0.5718226627975663 100.0 83 42 0.9998857962579587
1.275 0.01636653739294609 0.0 -0.007951162947379959 5.499073418846478e-7 0.007951168446453378 0.9702748009508275 0.9444862329592193 0.9445779653097934 1.873587277321951 0.5153850698891316 0.0008613562287116905 0.0008873498315384434 0.5174067616591246 100.0 96 64 0.999915111810233
1.25 0.01636653739294609 0.0 -0.007928225497653164 1.5838025335668249e-6 0.0079282413356785 0.9667725475379798 0.9388272951730913 0.9390105148585022 2.094154191416111 0.45766850391330116 0.0009363085958010329 0.0009777069223215564 0.4611713990194405 100.0 111 62 0.9999530677702719
1.225 0.01636653739294609 0.0 -0.007899588677186271 6.841749389252527e-6 0.007899657094680164 0.9620853055103001 0.9316031512656328 0.932040822895698 2.3851411374975746 0.3961133641284017 0.001016211572322622 0.0010917412167504464 0.40290995878482755 100.0 134 62 0.9999563939068625
1.2 0.01636653739294609 0.0 -0.007861873530332145 4.053007929272212e-5 0.007862278831125072 0.9547098428113973 0.9209952159949277 0.9223081443722223 2.8046077744768714 0.32524915128652093 0.0011052950510891135 0.0012647378753675356 0.3402550872902542 100.0 159 79 0.9999856088174567
1.175 0.01636653739294609 0.0 -0.007806114066911039 0.00040085469665829265 0.0078101226138776216 0.9391806316108282 0.9009637052536105 0.9065033521388345 3.460414499765898 0.23396872633066024 0.0011730800444014092 0.0015718392372618343 0.27262895975860113 100.0 268 132 0.9999483832176352
1.15 0.01636653739294609 0.0 -0.007678786707814045 0.007359619857982835 0.0077523829063938735 0.8287783797900767 0.7975342577578365 0.8719389035234548 4.000425548182376 0.07244576252763812 0.0008454707660278194 0.002471142262082303 0.2336122743602482 100.0 220 0 0.12380658344286342
1.125 0.01636653739294609 0.0 -0.007411668852583021 0.005722882237546578 0.007468897674958487 0.7021145209637416 0.692999596459246 0.8458838795954875 4.5808821602655545 0.03533847595567773 0.000506711356046524 0.002186449412017973 0.20193807706405548 100.0 122 0 0.11291704550595766
1.1 0.01636653739294609 0.0 -0.007123879205304509 0.007373008453770424 0.007197609289842213 0.6303499450740286 0.6310454971881573 0.8240410866247374 5.439417906324877 0.02548121798727644 0.0003818762713189572 0.0018161216755577972 0.16748131291447385 100.0 93 0 0.10799413067350326
3.0 0.018821518001888 0.0 -0.009366759513930054 -2.96637714392034e-7 0.00936675654755291 0.9952988228017123 0.9906310128689524 0.9906310973950342 0.2489656907937981 3.9963650384411893 0.0001809125186067076 0.00018209228175114565 3.9965392719439423 100.0 27 17 0.9999999993058003
2.975 0.018821518001888 0.0 -0.009395666728877013 0.0 0.009395666728877013 0.9914100727173127 0.9829305654793004 0.9829305654793024 0.2510549505736656 3.9461519143456165 0.0005805640161733158 0.0005805640162017652 3.9615247496547115 100.0 43 21 0.999999998963484
2.95 0.018821518001888 0.0 -0.009396142949812166 0.0 0.009396142949812166 0.9912570948815208 0.9826290511182698 0.9826290511182707 0.2542384253521472 3.89616842141635 0.0005937887251655587 0.0005937887251794384 3.911714616518806 100.0 54 22 0.999999999605825
2.925 0.018821518001888 0.0 -0.009365058550028556 -8.847089727481716e-8 0.009365057665319584 0.9951179957976681 0.990272215146369 0.9902723116709788 0.2587830886770708 3.8453525917282017 0.00018476732576881577 0.00018602049368994907 3.8455213968161446 100.0 19 17 0.9999999988974083
2.9 0.018821518001888 0.0 -0.009364461980225627 -9.8879238130678e-8 0.009364460991433246 0.9950536873710731 0.990144735462792 0.9901448428804829 0.2621880187996469 3.795157859011612 0.0001873184126073276 0.0001886785008208432 3.7953376105413517 100.0 19 17 0.9999999989127499
2.875 0.018821518001888 0.0 -0.00936384942513597 1.682681771697503e-7 0.009363851107817742 0.9949882802949137 0.990015027405126 0.9900150830171419 0.2656497463287023 3.745840945168132 0.00018907575371491684 0.00018976299170058786 3.745955271652328 100.0 20 18 0.9999999989751259
2.85 0.018821518001888 0.0 -0.009398433371813276 4.440892098500626e-7 0.009398437812705374 0.9905930023802988 0.9813212717494637 0.981321271750708 0.2677423455550667 3.6963926153137887 0.0006515495789466691 0.0006515495900337726 3.712677793102953 100.0 47 23 0.999999999632964
2.825 0.018821518001888 0.0 -0.009399205655164578 -1.734723475976807e-9 0.009399205637817343 0.9904074659118969 0.9809562409269683 0.9809562409269736 0.2713707096741871 3.6460778994741374 0.0006682709449123942 0.0006682709449746562 3.66257517983055 100.0 45 23 0.9999999995596134
2.8 0.018821518001888 0.0 -0.00940006916540636 0.0 0.00940006916540636 0.9902132933326387 0.9805743848694346 0.980574384869436 0.27512585709977544 3.59602038744103 0.000686269157492154 0.0006862691575075851 3.6127441647527707 100.0 58 23 0.999999999075107
2.775 0.018821518001888 0.0 -0.009401066798257656 2.220446049250313e-7 0.009401069018703705 0.9900079149381612 0.9801706814024236 0.980170681402507 0.2790226463774069 3.5456056375530594 0.0007057839746027843 0.0007057839755352882 3.562573174264842 100.0 57 24 0.9999999997693214
