1.125 0.
1.15 0.008137061629162322
1.175 0.01636653739294609
1.2 0.024891457557496874
1.225 0.03785679551275806
1.25 0.05006561206562252
1.275 0.06621177195678576
1.3 0.08756506841284915
1.325 0.11580480297599301
1.35 0.15315185193575073
1.375 0.1761246297261133
1.4 0.23292482281278482
1.425 0.26786354623470254
1.45 0.3080430781699079
1.475 0.35424953989539404
1.5 0.4073869708797031
1.525 0.46849501651165854
1.55 0.5387692689884073
1.575 0.6195846593366683
1.6 0.7125223582371686
1.625 0.8194007119727437
1.65 0.9423108187686552
1.7 1.236574415839535
