1.6 20.0 0.2 -2.310491737574349 0.034732193972508395 -1.615847858124181 0.6928335817264948 6.914303204831666 3.65988795044043 0.6508830508782473
1.2 50.0 0.2 -2.0318776434599677 0.010278900633690385 -1.5179326117754484 0.3984692760167962 0.990747491238467 -0.6717290326879651 0.33249530478528644
1.2 20.0 0.2 -1.5706600863854292 0.024591953321627398 -1.0788210199528812 0.3722667914370522 0.8432623602354135 -0.7498187533710684 0.31861622272129636
1.2 50.0 0.21 -2.0311434106918904 0.010279192570718467 -1.517183782155967 0.40326645337136824 1.0090326753729733 -0.6670858724495922 0.3519848950427387
1.2 20.0 0.21 -1.5699086580695316 0.024592496591689213 -1.0780587262357473 0.37715288162856114 0.8588694298064835 -0.7469879603258508 0.3372300519277902
1.6 20.0 0.2 -2.310491737574349 0.034732193972508395 -1.615847858124181 0.6928335817264948 6.914303204831666 3.65988795044043 0.6508830508782473
1.2 50.0 0.22 -2.030384506752577 0.010279566542079229 -1.5164061796486155 0.40846084244359115 1.0293453112428925 -0.6614560884020572 0.3719763079218889
1.2 20.0 0.22 -1.5691331205200092 0.024593245006970844 -1.0772682203805923 0.38237182962333854 0.8758610607695744 -0.7435708452998027 0.3562750193352629
1.2 20.0 0.23 -1.5683346285784237 0.024593933198842375 -1.076455964601576 0.38767502858264075 0.8932349269467244 -0.740216859777337 0.37569391094653415
1.2 50.0 0.23 -2.029602084306546 0.010279886889881181 -1.515607739812487 0.4136906749313853 1.0499322385864347 -0.6559654607191727 0.39235647084028974
1.2 20.0 0.24 -1.567514339305457 0.02459459081891428 -1.0756225229271714 0.39308649272838775 0.9111092891282702 -0.7368547005906101 0.39551135753253125
1.2 50.0 0.24 -2.028797208711473 0.010280290749596322 -1.5147826712316568 0.41903286639038 1.0712030827543229 -0.6503566102103074 0.41317432631151124
1.2 20.0 0.25 -1.5666733941695639 0.024595094559951503 -1.0747715029705338 0.3985090749164068 0.9290647366022448 -0.7337638600573737 0.4157071491649046
1.2 50.0 0.25 -2.027970882990062 0.01028064023007322 -1.5139388714864008 0.42440636221354366 1.0927567602342023 -0.6448985903349944 0.4344138376422992
1.2 20.0 0.26 -1.5658129230132691 0.024595513537696415 -1.073902652259341 0.40400108224888204 0.9473639739776556 -0.7307820202470927 0.4363179584984346
1.2 50.0 0.26 -2.027124133190318 0.010280975045050527 -1.5130753809377917 0.42986505263191205 1.1148932594786578 -0.6394049691175792 0.45611753943502165
1.6 15.0 0.2 -2.113215400990386 0.04513381571792511 -1.4362081652215095 0.6507634529964921 5.009377278366825 2.1454682654818944 0.5727740991192325
1.2 20.0 0.27 -1.564934027773734 0.02459584248469023 -1.0730171780799296 0.4095645965981174 0.9660278098794522 -0.7279046496573185 0.4573617640749281
1.2 20.0 0.28 -1.564037781146035 0.024595995736247656 -1.072117866421082 0.41512876808854476 0.9847553608596783 -0.7253547161187286 0.478830821553954
1.2 20.0 0.29 -1.563125266473197 0.02459606842042908 -1.0712038980646152 0.4207807582358502 1.003910206341678 -0.7228748694235567 0.5007676719719181
1.2 20.0 0.3 -1.5621975328780973 0.024596039092057178 -1.0702767510369537 0.4265027687467886 1.0234472372954722 -0.7205203459037179 0.523190274959757
1.2 20.0 0.31 -1.5612556073948494 0.024595845943014963 -1.0693386885345502 0.4322535781362231 1.043163421565015 -0.718436595680954 0.5460960053462504
1.6 20.0 0.2 -2.310491389963917 0.03473233344315895 -1.6158447211007378 0.6928462057048465 6.922607808448702 3.6662702246128482 0.6512675167671708
1.2 20.0 0.32 -1.5603005142420265 0.024595473301617033 -1.068391048209686 0.4380307445037416 1.0630513832104236 -0.7166464033700529 0.5695032917057524
1.2 50.0 0.27 -2.0262579987795712 0.010281359915955792 -1.5121900029817816 0.43541564543317657 1.1376754314033826 -0.6338435596366513 0.4783101275808092
1.2 20.0 0.33 -1.5593332661941304 0.024594940732400324 -1.067434451546124 0.44385269662627375 1.083206016845948 -0.7151008083500348 0.5934412523146744
1.2 50.0 0.28 -2.0253736614797395 0.010281713631955541 -1.5112879798819625 0.44098719844919976 1.1606318706820586 -0.6284944819356711 0.5009553787329644
1.2 20.0 0.34 -1.5583548360237076 0.02459413291842689 -1.0664721776551698 0.4496504764141187 1.1032574678287614 -0.7140666499977586 0.6178902000610168
1.2 50.0 0.29 -2.0244713377515455 0.010282060017646762 -1.5103683368692074 0.44664792433633793 1.1843176503070052 -0.6230703283544823 0.5241425138118313
1.2 20.0 0.35 -1.557366231411143 0.024593249930341128 -1.0655012328043205 0.45556151956843993 1.1239479776664436 -0.7130592944205218 0.6429525452304379
1.2 50.0 0.3 -2.0235528237605998 0.01028239246878328 -1.5094332003214357 0.4523520906326517 1.2084456015989782 -0.6177536774027793 0.5478597837005272
1.2 20.0 0.36 -1.5563684147589694 0.024592170076308546 -1.0645250132327986 0.4615104356541147 1.1448797427583608 -0.7123664720019345 0.6686086373137062
1.2 50.0 0.31 -2.022618756577998 0.010282689989117797 -1.5084842571221082 0.45808073415311257 1.2329133870916318 -0.612627009698751 0.5721175230050186
1.2 20.0 0.37 -1.5553623366931917 0.02459077159269982 -1.0635469048391952 0.46743566285449123 1.1657010760546076 -0.7122507033629899 0.694842158384511
1.2 50.0 0.32 -2.0216694404190028 0.010282933631558753 -1.5075227588410651 0.46387959396758593 1.2579012757165375 -0.6075391578297018 0.5969409387347966
1.2 20.0 0.38 -1.5543489724519008 0.02458925216769814 -1.062563929097938 0.4734615264795313 1.1871210142615536 -0.7122462228670915 0.7217595501088852
1.2 20.0 0.39 -1.5533292419300277 0.024587322904165956 -1.0615827838467087 0.4794318029249585 1.208226161068793 -0.7130067440748467 0.7492808330060194
1.2 20.0 0.4 -1.5523041185669924 0.024585414320802346 -1.0605958321509454 0.48558998690760424 1.230461993451769 -0.7135483965618694 0.7776041560054554
1.2 50.0 0.33 -2.020706572156623 0.010283196102013427 -1.5065467670559518 0.4697230450999081 1.2835720081881197 -0.6025204787370547 0.6224105206853077
1.2 20.0 0.41 -1.5512745223243887 0.02458315719155271 -1.0596113784933345 0.4917413686469176 1.2526802973302413 -0.7146990534612792 0.8066255338245234
1.2 50.0 0.34 -2.0197306520840814 0.010283454887275306 -1.505557907720316 0.4756215307874937 1.309660953254165 -0.597622331415375 0.6484763167876436
1.2 20.0 0.42 -1.550241393684834 0.024580371700586124 -1.0586339596731116 0.4978091600614923 1.2743657925419318 -0.7168481645077164 0.8363098619608522
1.2 50.0 0.35 -2.018742511034626 0.010283697126719291 -1.5045576546986617 0.4815673276049405 1.3362699815634789 -0.5928496537712705 0.6751918723671622
1.2 20.0 0.43 -1.5492056759212511 0.024577246748893253 -1.057660740943386 0.5039002375290255 1.2962712589454854 -0.7195519576466305 0.8668039831346098
1.2 20.0 0.44 -1.548168299350918 0.024573541439813825 -1.0566974705546415 0.509910000667279 1.3174539048875629 -0.7233968808826001 0.8979743457388717
1.2 50.0 0.36 -2.0177429504416704 0.01028391180898273 -1.503547359992534 0.4875169450479585 1.3629450320539378 -0.5884627856996866 0.7025068143913048
1.2 20.0 0.45 -1.5471302018946662 0.024569446494932985 -1.0557412719960064 0.5159428431064622 1.3386705757932342 -0.7279353950939635 0.9299726868992391
1.2 50.0 0.37 -2.01673283041428 0.010284099452677234 -1.5025278577804184 0.49349633942257903 1.3903678202907928 -0.584219816270535 0.7305974255276912
1.2 20.0 0.46 -1.546092541629938 0.0245661466878458 -1.054769607873022 0.5225352299228734 1.3640088805958404 -0.7304586545888327 0.9634550661849498
1.2 50.0 0.38 -2.015712938275018 0.010284271656386018 -1.501499355455717 0.4995979031600616 1.418571933958024 -0.5798651723129171 0.7594061003829576
1.2 20.0 0.47 -1.5450561105934066 0.024561747986563198 -1.0538211508621427 0.5288279391582065 1.387101125491793 -0.7353100040396096 0.9975332308797591
1.2 50.0 0.39 -2.0146839710184654 0.010284555335117351 -1.5004562042625977 0.5056508083918111 1.4468105672614797 -0.5761150716785638 0.788940999186617
1.2 50.0 0.4 -2.013646738607398 0.010284560891463485 -1.4994186940342238 0.5118333187777258 1.476445007940698 -0.5720747421069757 0.8194079000190696
1.2 20.0 0.48 -1.5440219868323009 0.02455711530640196 -1.0528796807042617 0.5352255766733606 1.4109069833046066 -0.7405045351626361 1.0326775288642764
1.2 50.0 0.41 -2.012601895909812 0.010284673082059196 -1.4983682418068525 0.518047735773104 1.506361032204472 -0.5683754434628174 0.8506419550235885
1.2 20.0 0.49 -1.5429911557479015 0.02455206181501809 -1.0519499194475397 0.541666699037871 1.4350578210006657 -0.7463808555971251 1.0689049515329174
1.2 50.0 0.42 -2.0115501943952996 0.010284698729492229 -1.497315257920688 0.5241668563427114 1.5358479766214763 -0.5656550517600457 0.8826312719202393
1.2 20.0 0.5 -1.541964648491939 0.024545744307382662 -1.0510497623442858 0.5478475959337328 1.4567786122133792 -0.7547864927208437 1.1057825524671114
1.2 50.0 0.43 -2.0104922897446134 0.010284638645661903 -1.496260357461518 0.5302800637867328 1.5657709551643648 -0.5634242704383635 0.9155539470091731
1.2 20.0 0.51 -1.540943347756506 0.02453913404812915 -1.050160666793923 0.5542059873803085 1.4799518685142508 -0.7632681023037988 1.1440421851172053
1.2 50.0 0.44 -2.009428806958921 0.010284608067007596 -1.495198403608541 0.5365588580346213 1.597149865998224 -0.5608520328187182 0.9495208354794547
1.2 20.0 0.52 -1.539928277336936 0.02453165919636459 -1.0492950934096443 0.5605553619496355 1.5028868230374193 -0.7729852048287966 1.1834534544904323
1.2 20.0 0.53 -1.5389205976364428 0.024523897643155903 -1.0484426447733248 0.5671352207352074 1.527828589632854 -0.7825107880285154 1.224479870160526
1.2 50.0 0.45 -2.008360339119034 0.010284545397737753 -1.4941330692321462 0.542905084316361 1.6291502825134034 -0.5585234637510463 0.9844531858190023
1.2 20.0 0.54 -1.5379215464927052 0.02451521000752071 -1.047617346342291 0.5737154248309543 1.5523296865986487 -0.7934032477031027 1.2666957845229458
1.2 20.0 0.55 -1.5369324964366409 0.024505813799267105 -1.0468162204512987 0.5803675551663784 1.5774577734625745 -0.8051905811543281 1.3104565950392966
1.6 10.0 0.2 -1.8435824480982776 0.06529678830921261 -1.1906145650061517 0.5913078052169805 3.3003690990832926 0.8536495861024439 0.4893439025961698
1.2 20.0 0.56 -1.5359548701553203 0.024494819341388613 -1.0460584833275481 0.586790854485095 1.5999913543424302 -0.8200664513563144 1.355232371191297
1.2 50.0 0.46 -2.00728736698401 0.010284453648920317 -1.4930646845379942 0.5493164457424776 1.6623917514490132 -0.556267375452761 1.0205831983748161
1.6 10.0 0.21 -1.8421870164630039 0.06531278886560686 -1.1890591278069351 0.5937673283251073 3.3293374280720736 0.8682392172313833 0.516830624276545
1.2 20.0 0.57 -1.5349899410914756 0.024483066582420273 -1.04532860944307 0.5932742270724838 1.6228106320484847 -0.8362176224479521 1.401646105062969
1.6 10.0 0.22 -1.8407243422040482 0.06532315002897547 -1.1874928419142936 0.5960434174613654 3.354808950868975 0.8797533443516156 0.544512233433819
1.2 20.0 0.58 -1.5340390745502248 0.024471939701115036 -1.044600280527924 0.6002585907736815 1.6506039814886848 -0.8505234813231629 1.4506539284308717
1.6 10.0 0.23 -1.8391943984257673 0.06533292252717797 -1.1858651731539875 0.598369464893862 3.3806863803250566 0.8911572064260218 0.572591709996778
1.2 20.0 0.59 -1.5331036659143358 0.024458127537837753 -1.0439411151575806 0.6067547244176156 1.6728510425515237 -0.8702781782545947 1.50044624027561
1.6 10.0 0.24 -1.8375971339322565 0.06534342327430656 -1.184162901189191 0.600804006967279 3.4080832990192302 0.9032800490679638 0.601152779988304
1.2 20.0 0.6 -1.5321852050694247 0.024443479616714503 -1.0433156127351346 0.6133815181827644 1.6957727129787463 -0.8912268440113434 1.5521997341940537
1.2 50.0 0.47 -2.006210358735506 0.010284246445428965 -1.4919980364640577 0.5556137193851937 1.6955346656265593 -0.5551599908402894 1.0578264885394189
1.6 10.0 0.25 -1.835932504044179 0.06535340693566956 -1.1823984346874834 0.6032917030794132 3.4359848612936634 0.9153460971041598 0.6301596910473759
1.2 20.0 0.61 -1.53128553040792 0.024429013836104244 -1.0427052536858352 0.6204518538304986 1.723679565824266 -0.9107983569064332 1.6070315328657265
1.2 20.0 0.62 -1.53040651280224 0.024411641830157108 -1.0421736761990978 0.6271328909716598 1.7460571347002785 -0.935980768514126 1.6628634999929308
1.6 10.0 0.26 -1.8342004285153877 0.06536270456891825 -1.1805733828262053 0.6058261272849814 3.4641798037017617 0.927195240428528 0.6596159864510408
1.6 10.0 0.27 -1.832400788358035 0.06537213365627663 -1.1786794517952688 0.6084429497709449 3.4935465604938813 0.9394570427913997 0.6896041697796701
1.2 20.0 0.63 -1.5295502555878349 0.02439380373160742 -1.0416741809556864 0.6341307988602342 1.772053731117183 -0.9610298138640085 1.7218426333381507
1.2 50.0 0.48 -2.0051296090815502 0.010284373704045576 -1.4909109238792713 0.5625239512231568 1.7340768142509224 -0.5509028213426458 1.0967876164429253
1.2 50.0 0.49 -2.0040460544712815 0.010284112334874923 -1.4898404377275354 0.5687689291082493 1.76682399461114 -0.5517303486745717 1.1360833385706801
1.2 50.0 0.5 -2.0029601875782146 0.010284023008252974 -1.488759037165566 0.5752244230253045 1.8019211402571145 -0.5519145410727335 1.1769082830806104
1.6 10.0 0.28 -1.8305334550085255 0.06538104453259969 -1.1767230096825285 0.611114931970327 3.5234674606789094 0.9516644673434107 0.7201048381339397
1.2 50.0 0.51 -2.001873075315964 0.01028404395451168 -1.48767087759038 0.581746819886652 1.8377594042274392 -0.5525581197658709 1.2190740092554888
1.2 20.0 0.64 -1.5287190266684056 0.0243731914323209 -1.0412551980219877 0.6408751884211601 1.7936989829973662 -0.9912052110958187 1.7823386842196385
1.2 50.0 0.52 -2.0007857695963445 0.010284033084034782 -1.4865841153946053 0.5882542891303985 1.8742947173557305 -0.5540153746487234 1.262709133059719
1.2 50.0 0.53 -1.9996990192402482 0.010283860470750283 -1.485505995702734 0.594789762336049 1.910801612321619 -0.5564888370092862 1.307677185656048
1.2 50.0 0.54 -1.9986135939103793 0.010283320735436712 -1.4844475571385436 0.6013650149620425 1.9484024816207146 -0.559578996526706 1.354323785192628
1.6 10.0 0.29 -1.8285982610635483 0.06538926287367645 -1.1747056323267837 0.6138358835578447 3.5537189021072573 0.963646884406936 0.7511208851330932
1.2 20.0 0.65 -1.527915342657834 0.024352242682797665 -1.0408704890018807 0.6480213940253708 1.8204086662198422 -1.0207788937717388 1.846780781644208
1.2 50.0 0.55 -1.997530154227402 0.010282278773117166 -1.4834162155715438 0.6079715856983234 1.9866663321201774 -0.563557950834166 1.4026375929915096
1.2 20.0 0.66 -1.5271419167701485 0.024328627849222854 -1.0405693597856915 0.6550309964999274 1.8440617967457515 -1.0549514610155524 1.9133602132453311
1.2 20.0 0.67 -1.5264018186404569 0.024302899025073165 -1.0403438381389936 0.6620909442354811 1.8673989670309592 -1.09230805725125 1.9830187824303398
1.2 20.0 0.68 -1.5256984808477045 0.024274693209939354 -1.0402046166489174 0.6691704063850406 1.889670921234046 -1.1335073853894593 2.0557789571123495
1.2 50.0 0.56 -1.9964495744637114 0.01028067743707803 -1.48241570260981 0.6145101174004728 2.0246249793927285 -0.5692795167057622 1.4525764936412635
1.2 20.0 0.69 -1.5250357693686778 0.02424401810274684 -1.040155407313741 0.6763263356293222 1.9118691585586935 -1.178337534575681 2.1322658271712966
1.6 10.0 0.3 -1.8265950104972857 0.0653956203282988 -1.1726388072142977 0.6165598054455993 3.57963112474959 0.9723054240304497 0.7821977102157421
1.2 20.0 0.7 -1.5244180707731942 0.024210484237871175 -1.0402083860157707 0.6835342615480868 1.9333616216400236 -1.2274759577940797 2.212616603378169
1.2 50.0 0.57 -1.9953725478691595 0.010278878584507165 -1.4814286186438013 0.6211816317889778 2.0642992017554604 -0.5752739217774594 1.504543906578745
1.2 20.0 0.71 -1.5238503785478583 0.024173649722530558 -1.0403773840972472 0.690770154647779 1.953322066100803 -1.28168737801566 2.296892697129859
1.2 50.0 0.58 -1.9942993850143758 0.010277037868704474 -1.480447491579152 0.6278905833608899 2.1048496182753054 -0.5823380513080552 1.5585560143500783
1.2 20.0 0.72 -1.5233384309110334 0.02413341702723639 -1.0406700903663055 0.6980861785057447 1.97284433587537 -1.3409343182230997 2.385967621693206
1.2 50.0 0.59 -1.9932297404308401 0.010275328157670727 -1.4794633325473039 0.6346764942699092 2.1469947625633505 -0.5901331704246298 1.6148938238006987
1.2 20.0 0.73 -1.5228888455148286 0.024089182510030057 -1.0411051953142274 0.7054448755063496 1.9906317518753394 -1.4060771128748173 2.479604568070088
1.2 50.0 0.6 -1.9921630776157313 0.010273735440418161 -1.4784763055948233 0.6415370242342858 2.1907867361099416 -0.5987522175157909 1.673713324045226
1.2 20.0 0.74 -1.5225092474660158 0.024040529057707597 -1.041698666311864 0.7128566750334091 2.006644941179467 -1.478129856281019 2.578753597945395
1.6 10.0 0.31 -1.8245234259042828 0.06540179918014144 -1.1705054341028684 0.6193572040687494 3.6124456338215354 0.984943655118596 0.8145256133979112
1.2 50.0 0.61 -1.9910992102818454 0.010272122437748407 -1.477493088394425 0.6484499135900325 2.235862279497249 -0.6085553081733497 1.735086763835152
1.2 20.0 0.75 -1.5222086160342327 0.023987105476760844 -1.0424665064990157 0.7203531032645716 2.021571276695159 -1.5572783512225574 2.68416182507262
1.2 50.0 0.62 -1.9900385361596893 0.010270364737184184 -1.4765202993004802 0.6554189675406604 2.2823856509542204 -0.619594729029914 1.7992137367938263
1.2 50.0 0.63 -1.988981909914236 0.01026830526746511 -1.4755666465409805 0.6623803781375945 2.3289396557258133 -0.6329093785664079 1.8659526033044775
1.2 20.0 0.76 -1.5219977336142285 0.023930331915204803 -1.0433910953101324 0.7282589933260211 2.040205544106869 -1.6396451406993104 2.79668849067746
1.2 50.0 0.64 -1.987930277021375 0.010265930634211102 -1.4746337453108198 0.6693649254368482 2.3761410353345473 -0.6483073619146096 1.9356371995425279
1.2 20.0 0.77 -1.521888509622972 0.023866080165724883 -1.0445669063084742 0.7360056312178929 2.05304214023629 -1.7344870742557383 2.9163917866546885
1.6 10.0 0.32 -1.8223832757615832 0.06540674758328519 -1.1683157999287315 0.6221871867816139 3.6415441553501156 0.9946900393183672 0.8469933171301596
1.2 50.0 0.65 -1.986884448138498 0.010263252154938148 -1.4737218403915906 0.6763991191841938 2.424588310002894 -0.6656304322335237 2.0086332576979524
1.2 20.0 0.78 -1.5218958482026288 0.023794854183596857 -1.0459987645306916 0.7438141360185822 2.062784295693832 -1.8400176101174104 3.0441764248090477
1.2 50.0 0.66 -1.9858451023088004 0.010260236449527187 -1.472833279832441 0.6834680485608378 2.4734781645371253 -0.685552881219796 2.084992644284533
1.2 50.0 0.67 -1.9848127971891536 0.010256861841207318 -1.4719697051287877 0.6905744981069285 2.5238254731251666 -0.7078357949756408 2.165247630627933
1.2 20.0 0.79 -1.5220373351250929 0.0237160117402999 -1.0477171003190948 0.7517281866919454 2.069865328574821 -1.9570567964079726 3.181252700417099
1.6 10.0 0.33 -1.820174265598765 0.06541182898365328 -1.1660559757622322 0.625104975069436 3.6736098621453084 1.005919478832508 0.8803378264932242
1.2 50.0 0.68 -1.9837880968645578 0.010253067155663247 -1.4711347390813954 0.6977030701081434 2.57481134543446 -0.733215855684987 2.2494863682198463
1.2 20.0 0.8 -1.522334113012183 0.02362841378181772 -1.0497658373758285 0.7597380272175798 2.0734065714085856 -2.087594398978485 3.328780840435186
1.2 50.0 0.69 -1.9827716153589199 0.01024884453759772 -1.4703293884790338 0.7048839983332219 2.627019037789732 -0.7616584929199683 2.338216303662967
1.6 10.0 0.34 -1.8178960437555571 0.06542267224672337 -1.1636693212883236 0.6283253524492111 3.7115242873942815 1.0210195736345866 0.9147716026782963
1.2 50.0 0.7 -1.9817640551414712 0.010244106000209922 -1.4695587551309752 0.7120963413743406 2.6799437580552667 -0.7938493715236794 2.431681609034408
1.2 20.0 0.81 -1.5228117756923933 0.023530835406202946 -1.0521950675683345 0.7678483956571989 2.072427154024155 -2.2336598730127113 3.487906012381572
1.2 50.0 0.71 -1.9807662262560788 0.010238787931181404 -1.4688268296970086 0.7193417064991209 2.7335322442397385 -0.8302588797478385 2.5303177758954236
1.2 20.0 0.82 -1.5235015295667542 0.023422164342287898 -1.0550582427209962 0.7761054912377295 2.0675123257688943 -2.3970497030018474 3.660908164701101
1.2 50.0 0.72 -1.9797790658758063 0.010232796417523374 -1.4681392449996378 0.7266104277157209 2.7873623284814055 -0.8715579695616521 2.6344292199356456
1.6 10.0 0.35 -1.8155482141807235 0.0654257200550905 -1.1612910136298185 0.6313290941758657 3.7444437040339906 1.03170674162617 0.9494579368427372
1.2 50.0 0.73 -1.9788036854575504 0.010226058202537639 -1.4675007753306684 0.7339132922585143 2.8415919486018404 -0.9183043865013368 2.744724783818637
1.2 20.0 0.83 -1.5244417063437552 0.023300631099438543 -1.0584290843549844 0.7845006035293528 2.057191646026464 -2.5810851105785266 3.849730940419219
1.2 50.0 0.74 -1.9778414459673423 0.010218558019240449 -1.46691354500532 0.7412985873202734 2.8965495552405987 -0.970609027743625 2.8617291775056506
1.2 20.0 0.84 -1.5256797550379482 0.023164182549760968 -1.0623961040427288 0.7930301628728391 2.039560888525465 -2.789688069975358 4.056529914178386
1.2 50.0 0.75 -1.976893894402905 0.010209976135024997 -1.4663950876516552 0.7486569330210529 2.9501832950936 -1.0309559044187022 2.985902157558157
1.6 10.0 0.36 -1.8131303002884231 0.06543219421238676 -1.1588083581645554 0.6345450380155249 3.7798987795676133 1.043886572735735 0.9849643944594761
1.2 20.0 0.85 -1.5272749098950207 0.02301101085361857 -1.0670546928226492 0.8017624501567819 2.0155031711283473 -3.0264075615665513 4.285583992651619
1.2 50.0 0.76 -1.975963663387304 0.01020152921532082 -1.4658872026212628 0.7566672955111738 3.023679748298993 -1.085352338231917 3.1228245782172745
1.2 20.0 0.86 -1.5293018374103282 0.022838392403859344 -1.0725339893331414 0.8107077447062736 1.9832054746805885 -3.2971470003678904 4.541068059602603
1.6 10.0 0.37 -1.810641901561802 0.06543256761999977 -1.1563162253618042 0.6376211614240356 3.813308616698985 1.0536649745100932 1.02106814760989
1.2 50.0 0.77 -1.975052457757196 0.010191037961401217 -1.465500559687135 0.7642991011928275 3.084033756471925 -1.1576145483707045 3.266033602696334
1.2 20.0 0.87 -1.5318556469878277 0.022643316985908882 -1.0789893072696501 0.8199067467261928 1.941574764103851 -3.608839562832047 4.82883659662098
1.2 50.0 0.78 -1.9741638778282435 0.010178992102019098 -1.4652142727272888 0.7719193965966651 3.1429063565727042 -1.2411865966511535 3.4195861573354733
1.2 15.0 0.2 -1.4303299764222226 0.03224299585823607 -0.9466850385486816 0.3614094171493018 0.7877033491927725 -0.7777949299129888 0.3131016810312925
1.2 20.0 0.88 -1.5350590614432214 0.02242250655049233 -1.0866089304333748 0.8294446078736057 1.8919908139291748 -3.970023583968665 5.158539088433058
1.6 10.0 0.38 -1.808082468079661 0.06543018553597967 -1.1537806127198644 0.6406881324929024 3.845281137955091 1.0617434638031176 1.0577443161777498
1.2 50.0 0.79 -1.9733019689285491 0.010165709691566957 -1.4650164843502012 0.7797632861697239 3.2060324470496284 -1.332055939173761 3.5850731097388255
1.2 10.0 0.2 -1.2367837156046408 0.04707933347057683 -0.7659903808988726 0.34274329024479905 0.700398972848058 -0.8206268291624685 0.3042079022409424
1.2 5.0 0.2 -0.919221664411344 0.08890104971694364 -0.4747164158266258 0.30348500411734747 0.5428295825876874 -0.8925163845541151 0.28707271691681935
1.2 20.0 0.89 -1.5390728038574923 0.02217108042091193 -1.0956511954392538 0.8393347880001983 1.8300709078983 -4.3939987348890455 5.539413569325393
1.25 15.0 0.2 -1.5121435120649054 0.03363989650825293 -1.0075450644411115 0.3897631661782562 0.9398238828486678 -0.699389880019647 0.3278376790927618
1.2 50.0 0.8 -1.9724721820619846 0.010150333459578767 -1.4649555090830462 0.7875722524057089 3.266584374959639 -1.4381704965577222 3.763801699536721
1.6 10.0 0.39 -1.8054513826430303 0.06542818073998456 -1.1511695752431845 0.6438614886905081 3.8760748233548767 1.0685809409329246 1.0949226141445614
1.25 10.0 0.2 -1.3101905740771833 0.04912403859781744 -0.8189501880990089 0.36781571794767276 0.8206591218209053 -0.7615562985631807 0.3164390940519345
1.25 5.0 0.2 -0.9788138108409681 0.09276192304638486 -0.5150041956090438 0.3227967140601416 0.6169796782348166 -0.8600747314679863 0.29540783982514107
1.2 20.0 0.9 -1.5441115261452125 0.02188392445444629 -1.1064330370562867 0.8496985991102086 1.7580571852228508 -4.896423244306212 5.989028708386259
1.2 50.0 0.81 -1.9716811849417446 0.010132948676756952 -1.4650337511038969 0.7955124944021894 3.328925834614682 -1.5572155075515726 3.9577133047034336
1.6 10.0 0.4 -1.8027480431771166 0.06542672443538777 -1.1484807988232388 0.6471470613259895 3.9134812268312182 1.0791435891889918 1.1337350550568908
1.3 15.0 0.2 -1.5945318952703103 0.03506148993086955 -1.068609546307267 0.4212420928473435 1.1388612149201156 -0.5895006570384245 0.3456699626339643
1.3 10.0 0.2 -1.3840373976813465 0.05120169190553412 -0.8720204786260053 0.39528540275626556 0.9721263636926604 -0.6820140329791048 0.3308244667188902
1.2 20.0 0.91 -1.5504688557737132 0.021553545897953445 -1.1193979378146444 0.8606025369789477 1.6740045903968608 -5.50228601203239 6.530412954180253
1.3 5.0 0.2 -1.0386586627142682 0.09667179346929307 -0.5552996953678029 0.34368294857150644 0.7054225241889226 -0.8186773136605492 0.30481731816272845
1.2 50.0 0.82 -1.9709390263952402 0.010111025091228888 -1.4653877718337958 0.8028403791180986 3.355942433798064 -1.7164453750035173 4.159388285804701
1.6 10.0 0.41 -1.7999715645645242 0.06540812598200903 -1.145890304744434 0.6499405007378369 3.933049045032707 1.0760306915563098 1.1713775249253227
1.35 15.0 0.2 -1.677641225570097 0.0365166437457983 -1.1298915693831226 0.45508687492396294 1.3986458536099324 -0.43698200740796583 0.3671244578225267
1.2 20.0 0.92 -1.5585590871871327 0.021170898891806813 -1.1351411093509964 0.8722360489325961 1.5829419794445811 -6.246052526770702 7.2027042759301
1.35 10.0 0.2 -1.4584181114628119 0.05332124054774384 -0.9252057059853734 0.42450034792228614 1.1615836407048428 -0.5765236218082986 0.3476194755515665
1.2 50.0 0.83 -1.9702563837858236 0.010087106505172272 -1.4659010585272099 0.8106627923423034 3.398424318830278 -1.8847433723368245 4.385055992770813
1.35 5.0 0.2 -1.0987954720214774 0.10063811643427656 -0.5956048898500946 0.3656394631211938 0.8096425732509305 -0.767158887670587 0.3153556496130936
1.2 20.0 0.93 -1.5689899377737415 0.02072043541286302 -1.1545812295164812 0.8845961155814086 1.4761364789139062 -7.1809460142721 8.051094817798091
1.6 10.0 0.42 -1.797121858352259 0.06541765807379143 -1.1429452776143447 0.6537920307026212 3.9834693634140566 1.0948311095635186 1.213228066617226
1.4 15.0 0.2 -1.7616626169918934 0.03801976894979125 -1.1913660827450245 0.49110088940143265 1.7427990377115707 -0.22277140517142163 0.3931097859905159
1.2 50.0 0.84 -1.969649670308633 0.010059265440658709 -1.4666863982756975 0.8185071509005383 3.4323815825342603 -2.081381078779083 4.631570060321425
1.4 10.0 0.2 -1.533449779405075 0.05549753850087703 -0.9784743943963047 0.45539297632160675 1.4011885422673451 -0.4354240742247883 0.36732421374827895
1.2 20.0 0.94 -1.5827004018177557 0.02017990941391283 -1.179102213539499 0.8977835207594178 1.3541660919293432 -8.41489845275965 9.182904232678789
1.4 5.0 0.2 -1.1592699851023076 0.10467259206969527 -0.6359070247538312 0.3884878829004052 0.9324987373039102 -0.7032990857151826 0.3271543405887873
1.6 10.0 0.43 -1.7941974218400865 0.06539641466832458 -1.1402332751568407 0.656709783567975 4.005255460022541 1.0916439814118868 1.2528529358025813
1.2 50.0 0.85 -1.9691410338858708 0.010028855206864069 -1.4676982735426674 0.8269956693169 3.490114554609789 -2.289221586524246 4.912446739259584
1.45 15.0 0.2 -1.846847144708377 0.03959403790865932 -1.2529365760784872 0.5293240620172104 2.209418144787761 0.0845053929076322 0.42497789908414213
1.2 20.0 0.95 -1.6012419149506227 0.019513563954656882 -1.210970635857485 0.9119508470232273 1.214663566190558 -10.114466085257664 10.762633440295033
1.45 10.0 0.2 -1.6092782331647313 0.05775049410170899 -1.0317732921476415 0.48777545814511675 1.7072767286332837 -0.24535425166774705 0.39053010881849265
1.45 5.0 0.2 -1.2201354908961637 0.10879320253193928 -0.6761694782364673 0.41229112397377865 1.0785337644376978 -0.6235278004555964 0.34040879120010886
1.2 50.0 0.86 -1.9687587799258375 0.009992059202519424 -1.4691558197998662 0.8352486789913083 3.5209481390055983 -2.5464154642619485 5.217951978133752
1.2 20.0 0.96 -1.6274248421401425 0.018658035800582957 -1.2542641261284833 0.9271952121381439 1.0519699212024842 -12.639140426256994 13.143391470959786
1.5 15.0 0.2 -1.9335245944553738 0.041267947349541007 -1.3145053842122587 0.5688248266375655 2.8458245760383374 0.5260280899818125 0.46395327256636143
1.6 10.0 0.44 -1.7911978925932337 0.0653925487794854 -1.1372724047983795 0.6603091848371827 4.044337711526549 1.1005903679392952 1.2952488311783916
1.5 10.0 0.2 -1.6860848862895792 0.06010825205006336 -1.0850023657889456 0.5214888194928398 2.103733383063089 0.013453351499764022 0.4180480318909947
1.2 50.0 0.87 -1.9685430468629501 0.009949012627786394 -1.4710924154736305 0.8436602113562348 3.54392162540902 -2.846828628150901 5.559915479523312
1.5 5.0 0.2 -1.281453725792705 0.11302103208894687 -0.7163485653479706 0.4369839686420242 1.2530093036945391 -0.5235929606390151 0.35531968305696376
1.2 20.0 0.97 -1.6670316346279421 0.01749094762086732 -1.3172126822105956 0.9435941147572968 0.8543430051954942 -16.80428576650769 17.128456216569898
1.6 10.0 0.45 -1.7881220831874285 0.06537694626295121 -1.1343526205579164 0.663632961120023 4.076357316582039 1.1031647406928442 1.3379366591501374
1.55 15.0 0.2 -2.0221272443868847 0.04309683615806507 -1.3756747020159086 0.6099704677397487 3.7480156188894944 1.1836492331151327 0.5128637721367958
1.55 10.0 0.2 -1.7640942608037744 0.06261569231619477 -1.1379373376418267 0.5566585440716666 2.6281143690375104 0.3727188037471537 0.4510791947745768
1.2 50.0 0.88 -1.9685495066965033 0.009897882341576533 -1.4736553896176767 0.8521448401676122 3.5487010128242815 -3.206644571223101 5.944638360518179
1.55 5.0 0.2 -1.3432958371424126 0.11737708708382291 -0.7564104017232981 0.4622691980767184 1.4611448370283344 -0.3990239238961385 0.37203227143737394
1.2 20.0 0.98 -1.7345090561868388 0.015732405465464044 -1.419860946877558 0.9611210932369405 0.5604820911697668 -24.651596823778654 24.705780093936248
1.6 10.0 0.46 -1.7849691496314852 0.06537310397382255 -1.1312381098932596 0.6674382512644281 4.120245452497953 1.1137803893683407 1.3829739290396217
1.2 50.0 0.89 -1.9688564379986695 0.00983664082026476 -1.4770243969854315 0.8606920224520778 3.525311440969994 -3.6433691164742616 6.380115580569743
1.2 20.0 0.99 -1.8797849738043482 0.012517051942490344 -1.6294439349545413 0.9801008079986289 0.26519766963522157 -43.63837291144597 43.45450640119825
1.2 50.0 0.9 -1.9695744965523154 0.009763188526545246 -1.481415070225053 0.8694023920447767 3.4747660997970096 -4.172345563983426 6.882336589652706
1.6 10.0 0.47 -1.7817380934648521 0.06533844721336228 -1.1283536213312293 0.6703952704322387 4.139458098539853 1.1048040943986406 1.4262873819463697
1.6 10.0 0.2 -1.84358246352951 0.06529795566743798 -1.19060290685513 0.5913612841335372 3.301092587023935 0.8542438443873527 0.48938363174704186
1.6 5.0 0.2 -1.4057435191550933 0.12189373190627717 -0.7962748596237075 0.48813693643235057 1.7111147437409506 -0.24292203498501821 0.3908108230603473
1.2 50.0 0.91 -1.970864652504848 0.009674287396113037 -1.4871502826991962 0.8782869649530095 3.3838381766779584 -4.826477765930655 7.4713333381799485
1.2 50.0 0.92 -1.9729634354420764 0.009566896803454364 -1.4946185952693583 0.8876050862870912 3.2569435123929984 -5.632992046948453 8.178746384540283
1.6 10.0 0.48 -1.7784279316800242 0.06532179184224794 -1.1252100132575449 0.6740332939291225 4.174227377466986 1.106788022782151 1.4723708902487205
1.2 50.0 0.93 -1.9762312961066182 0.009435232313486662 -1.504469680432285 0.8973749819466194 3.089069806540602 -6.666585104946713 9.072824878691204
1.2 50.0 0.94 -1.9812394256520294 0.009273857077368866 -1.517546571783586 0.9081595821354168 2.908871201278524 -7.974725732109894 10.230584952532272
1.2 50.0 0.95 -1.9889488027069702 0.009066952238436232 -1.5356011907851586 0.9194800726795487 2.619454683016249 -9.799371543513985 11.797880420866345
1.2 50.0 0.96 -2.001128715436511 0.008797269675632404 -1.5612652316548907 0.9321380210588637 2.2941881177139614 -12.478002177646106 14.181427573622438
1.2 50.0 0.97 -2.0214780078571666 0.008424226923277755 -1.6002666616932788 0.9463309807053563 1.8747946485162295 -16.68141812417945 17.999455113014044
1.2 50.0 0.98 -2.0594508587609472 0.0078464606161702 -1.6671278279524373 0.9622011547782051 1.3227383072058814 -24.558584126719634 25.361414826774478
1.2 50.0 0.99 -2.1490240732793944 0.006715206819168502 -1.8132637323209693 0.9801546284935304 0.4462474098664154 -43.79143435908976 43.78711334371975
1.6 10.0 0.46 -1.7849691522196829 0.0653723636808272 -1.1312455154114107 0.6674150868102102 4.120376623899562 1.1137803893683407 1.3830222001154138
1.6 10.0 0.47 -1.7817381195508406 0.06534098565288747 -1.1283282630219658 0.6704736777011576 4.140342911729693 1.105651190742156 1.4263107825405916
1.6 10.0 0.48 -1.7784279376588572 0.06532268027468047 -1.1252011349120525 0.6740602386390897 4.175272071878623 1.1075686223867034 1.4725120301163948
1.6 10.0 0.49 -1.7750373361059788 0.06530784832715622 -1.1219588528344167 0.677869337517667 4.217945898126384 1.1138903018866153 1.5209851351129502
1.6 10.0 0.5 -1.7715652824044645 0.06527973264691293 -1.1187679559353352 0.6814071853905946 4.249406253893472 1.1109063085200592 1.5692481513768333
1.6 10.0 0.51 -1.7680104975611328 0.0652470814101265 -1.1155396834598679 0.6849473105766171 4.279380279640861 1.1056095423197263 1.618621773169183
1.6 10.0 0.52 -1.76437165691019 0.06521112572017188 -1.1122603997084712 0.688533134941451 4.30921398486229 1.0989309855316642 1.66934619774502
1.6 10.0 0.53 -1.7606474290155174 0.06517037811146052 -1.108943647900912 0.6921304257690428 4.337671298903395 1.0898866192427725 1.7213253507253206
1.6 10.0 0.54 -1.756836406594496 0.06512484413486117 -1.1055879652458842 0.6957487671861098 4.364960959336105 1.0785564219444819 1.7746583427924967
1.6 10.0 0.55 -1.7529371446850468 0.06507417827815355 -1.1021953619035112 0.6993885714995569 4.390977051094658 1.0647821574908907 1.8294074758449985
1.6 10.0 0.56 -1.7489481568024419 0.06501843659630198 -1.098763790839422 0.7030617468739767 4.416014274057507 1.048695284642001 1.8856992844798601
1.6 10.0 0.57 -1.7448679558885658 0.06495616440327015 -1.0953063118558644 0.7067411917636843 4.438963488660253 1.0293846502911472 1.9434608909976696
1.6 10.0 0.58 -1.7406950091920945 0.06488799759588837 -1.0918150332332108 0.7104557982910724 4.460707488551703 1.0074017706653837 2.0029185659781303
1.6 10.0 0.59 -1.736427809188224 0.06481290632066042 -1.0882987459816198 0.7141916315219448 4.480574700935641 0.9821436347408485 2.0640758324329576
1.6 10.0 0.6 -1.7320648568935457 0.06472983724721391 -1.0847664844214067 0.7179358501219697 4.497886786340303 0.9529954492127204 2.1269363981791707
1.6 10.0 0.61 -1.7276046480260678 0.06463919660163406 -1.0812126820097272 0.72171266195194 4.513349579904223 0.9203500471155626 2.1917314064513524
1.6 10.0 0.62 -1.7230457242527473 0.06453993553108184 -1.077646368941929 0.725511103905616 4.526326408734023 0.883602722850128 2.2584903844735784
1.6 10.0 0.63 -1.7183866565985646 0.0644319055139705 -1.0740676014588595 0.7293435993038495 4.537066917857653 0.8427862897215531 2.327398517726354
1.6 10.0 0.64 -1.7136261135566746 0.0643133387084547 -1.0704927264721276 0.7331864109905977 4.544357040858824 0.7968513726389834 2.398405137514425
1.6 10.0 0.65 -1.7087628717033343 0.06418389352949803 -1.066923936408354 0.7370520178577941 4.548388553472774 0.7457621371232972 2.471708342838075
1.6 10.0 0.66 -1.7037959001920675 0.06404318088656129 -1.0633640913264546 0.7409533332715466 4.549376837794616 0.6894798045306262 2.547532814078923
1.6 10.0 0.67 -1.6987244369062484 0.06388965548966573 -1.059827882009591 0.7448790186696095 4.54649991046721 0.6271939939952385 2.62593512171758
1.6 10.0 0.68 -1.693548030026714 0.06372219129100773 -1.0563261171166367 0.7488294750093545 4.539379108571746 0.5583964685432177 2.707067459307234
1.6 10.0 0.69 -1.688266611518702 0.0635395753866084 -1.052870857652618 0.7528054077932936 4.527610413339358 0.48253706368899335 2.791098598783575
1.6 10.0 0.7 -1.682880586382653 0.06334046587208607 -1.0494759276617924 0.7568074345729826 4.510743142777345 0.39900511314585496 2.878212758473659
1.6 10.0 0.71 -1.6773909505084892 0.0631239058096812 -1.046151892411677 0.7608473779039091 4.488831154998645 0.30751098270145205 2.968729764928515
1.6 10.0 0.72 -1.6717994420632674 0.06289328818408518 -1.0428665602224156 0.7650298452367068 4.46355346403594 0.20938642319887082 3.0630224694081116
1.6 10.0 0.73 -1.6661087869294953 0.06263343744800741 -1.0397744124494213 0.76907942888165 4.426920430859649 0.09752322824182598 3.1604787704452204
1.6 10.0 0.74 -1.6603227341245956 0.062348697597057426 -1.0368357581540213 0.7731309357907097 4.38164276061403 -0.026165422963497137 3.2618197543297365
1.6 10.0 0.75 -1.6544464856469208 0.062038656917531236 -1.0340599164716084 0.7772226463480748 4.3292402917700965 -0.16100745147530443 3.36769528448599
1.6 10.0 0.76 -1.6484869536974796 0.06170052870528308 -1.0314816666446487 0.7813491280823227 4.26747122025487 -0.30909578802180276 3.478184483884679
1.6 10.0 0.77 -1.6424540043766334 0.06135727068886976 -1.0288812974879358 0.7860207301374383 4.220423923405589 -0.4543626830421643 3.5995533398266617
1.6 10.0 0.78 -1.6363583227218994 0.06097014288702608 -1.0266568938516385 0.7905273038069831 4.1515268583648295 -0.6228600261454368 3.7240106327717886
1.6 10.0 0.79 -1.630215172928544 0.06054761306422138 -1.02473904228633 0.7951072768455669 4.072917688992979 -0.8074136749714789 3.855464018366593
1.6 10.0 0.8 -1.6240433324663417 0.06008952041849606 -1.023148128281381 0.7998331530694215 3.985826136190354 -1.0080272862089188 3.9951173540188214
1.6 10.0 0.81 -1.61786651299189 0.05958485082767903 -1.0220180047150997 0.80457462703845 3.8858511406880085 -1.230001650271158 4.143823981739789
1.6 10.0 0.82 -1.6117139130832137 0.05904296796448902 -1.0212842334383234 0.8096077428163955 3.7788447130349647 -1.468673933568916 4.3028978217454075
1.6 10.0 0.83 -1.6056226002174896 0.05844902010375404 -1.0211323991799492 0.8147488230784596 3.6570053919362326 -1.7328686102812199 4.473514707508269
1.6 10.0 0.84 -1.599639807590236 0.05776786496544056 -1.0219611579358303 0.8194204435562167 3.490569039654636 -2.0472206451851727 4.651746990613218
1.6 10.0 0.85 -1.5938200661100472 0.057050708477832904 -1.0233129813317183 0.82476020565182 3.3336957140382446 -2.3764742524985127 4.853684270232774
1.6 10.0 0.86 -1.5882354637500697 0.05627678325957115 -1.0254676311543582 0.8305187639296717 3.168482343930041 -2.735609130557563 5.077576376209859
1.6 10.0 0.87 -1.5829747755023285 0.055434727939382755 -1.028627496108501 0.8366519187534096 2.991071766615748 -3.133880398958469 5.328770993004879
1.6 10.0 0.88 -1.5781496004345512 0.05453338028106869 -1.0328157976238643 0.8435850927882246 2.820132459099537 -3.5636403042476883 5.617676109773618
1.6 10.0 0.89 -1.5739057671233638 0.053521238286350775 -1.038693384259856 0.85049410349886 2.605669623191487 -4.0721704956416716 5.94319002578505
1.6 10.0 0.9 -1.5704324793610758 0.0524161047920818 -1.0462714314402577 0.8581272208537818 2.387616134691851 -4.65462674490147 6.337994284436391
1.6 10.0 0.91 -1.5679880134799338 0.05120097785098773 -1.0559782349700564 0.8666339710849988 2.166661006330162 -5.330563065028303 6.822427890453297
1.6 10.0 0.92 -1.5669403569853282 0.049847541962546156 -1.0684649373598667 0.8761130016512084 1.9389842350742368 -6.138989065267722 7.4317237384348065
1.6 10.0 0.93 -1.5678416517420768 0.04832228030103216 -1.0846188487317552 0.8869138409659708 1.7205015322534307 -7.121137929731591 8.222742365578588
1.6 10.0 0.94 -1.5715705528439101 0.046550531840920034 -1.1060652344347097 0.8988805560392408 1.4907264622624956 -8.384237937686837 9.282444756612385
1.6 10.0 0.95 -1.57963427428344 0.04443205433987521 -1.135313730884688 0.9121896051466597 1.2521754115009183 -10.108624204890358 10.792723590727467
1.6 10.0 0.96 -1.5948619587455988 0.04179409373160612 -1.1769210214295376 0.9269950983092978 1.0094521056746135 -12.660531769402777 13.123159403687954
1.6 10.0 0.97 -1.623265791670101 0.03830932135362722 -1.2401725781338289 0.9432874123777231 0.7505858674459287 -16.812718158808565 17.035992120543856
1.6 10.0 0.98 -1.6803243602083253 0.03327437436834452 -1.3475806165248803 0.9609396583562673 0.43942612298019845 -24.666495611740448 24.60179489350215
1.6 10.0 0.99 -1.820691228954379 0.024716648582538598 -1.5735247431289932 0.9801111708382846 0.18674449685723593 -43.62548023065361 43.36294344904242
1.6 11.0 0.7 -1.7436510426153844 0.058344500383743995 -1.1018615383942003 0.7652620862237566 4.995564381991729 0.7354593638785988 2.982092948383389
1.6 11.0 0.8 -1.6817772323457985 0.055504554942305884 -1.0712271279804337 0.8063050786092846 4.436166405298157 -0.7287654281888414 4.131980991059284
1.6 11.0 0.6 -1.7941061998484806 0.05950699272320797 -1.139529279893193 0.7275287703834546 4.950541969397664 1.280426907962076 2.2020869099576927
1.6 11.0 0.9 -1.6209068970670804 0.04863530555917308 -1.0859185359161765 0.861574118371151 2.69144305566282 -4.531460621047993 6.5005628866526095
1.6 11.0 0.5 -1.8340943204933753 0.05993806436804305 -1.1747756124449018 0.692000216438414 4.658655370735996 1.4121525998275306 1.6232755752988115
1.6 12.0 0.7 -1.799832094174684 0.054122189199303075 -1.150365823783047 0.7731746866459038 5.502901637666308 1.0945952517121884 3.085856084867068
1.6 12.0 0.8 -1.7353029614474926 0.05162733825975502 -1.1157749023304324 0.812730878943059 4.928040199068008 -0.4131761402882017 4.272939360908014
1.6 11.0 0.4 -1.865399639281268 0.06003551527612799 -1.20500897124386 0.6590279066434782 4.291083380980206 1.3587296228601675 1.172960998891095
1.6 11.0 0.3 -1.8892021532863936 0.05997956360490521 -1.2294269536324363 0.6294842151298681 3.9286175389213955 1.2301002163077999 0.809569654286325
1.6 12.0 0.9 -1.6678862400345853 0.04539095419000638 -1.1231947897545087 0.8646392024391798 2.9914468096854745 -4.40905635175007 6.660512838361171
1.6 13.0 0.7 -1.8521026222092023 0.050501890124990435 -1.1955780505843268 0.7805097465118108 6.0294760502664575 1.4737725954110525 3.188992971715427
1.6 13.0 0.8 -1.7852268709214265 0.04828870395451188 -1.157473719512772 0.8186960259210363 5.435807556277894 -0.07950958917289612 4.412263629903977
1.6 12.0 0.5 -1.8917327583874453 0.05544850577674015 -1.2263506890665634 0.7020823587747702 5.093801154333768 1.7371220862522287 1.678347899062032
1.6 12.0 0.4 -1.9231089263698549 0.05549821408831436 -1.2571303573100825 0.6699613138798868 4.680786444147239 1.6511817367507298 1.2118613089909522
1.6 14.0 0.8 -1.8320320086111084 0.04538052767828041 -1.1967046211151826 0.8242132141076736 5.960814519252909 0.2723225928943674 4.550823131355536
1.6 14.0 0.7 -1.901000431163081 0.04735886738247442 -1.237976287808439 0.7872522380436774 6.5667006406385005 1.8665571512041823 3.2901261110120306
1.6 13.0 0.9 -1.7118599954200684 0.04260984004687592 -1.1579320748106814 0.868292459165621 3.3562836178604374 -4.230935607926513 6.82847187049507
1.6 15.0 0.8 -1.8761096293098336 0.04282634235869919 -1.2337144939293458 0.8293959187223789 6.504124730070204 0.6438254464114586 4.688303392090274
1.6 13.0 0.5 -1.945221597726788 0.051614149271453726 -1.2742376571978895 0.7114302012021686 5.539720109618976 2.074848297615528 1.7324626757309072
1.6 16.0 0.8 -1.91778000919588 0.040585411763477026 -1.2684134209802478 0.8347128524899808 7.117853538946697 1.071836205411081 4.836778392298506
1.6 12.0 0.3 -1.9468443649431284 0.05542895413849687 -1.281696915281166 0.6415877453455617 4.291997204495274 1.5025496505992328 0.8368703922370707
1.6 15.0 0.7 -1.946959238308939 0.04461260885894907 -1.2777701054247028 0.7936913920496063 7.131358106918055 2.2854932121875953 3.3921556810156814
1.6 14.0 0.9 -1.753215329939912 0.04016227390154909 -1.1909434953182247 0.871404575778085 3.710784059513472 -4.062765346389017 6.9961684423059465
1.6 17.0 0.8 -1.9573138900242015 0.038552619343111154 -1.3019193611913118 0.8389869394965952 7.674088029085441 1.4639674850766724 4.968061373743873
1.6 18.0 0.8 -1.9949338021396457 0.03672918180472066 -1.3338085296546738 0.8430638508510128 8.250682528792868 1.876477413086799 5.099306582934036
1.6 13.0 0.4 -1.976628347625486 0.051632858428783936 -1.3054011880512948 0.6803587244622993 5.094057993638429 1.9652313075584449 1.2515050967444301
1.6 16.0 0.7 -1.9903336905714126 0.04218213163123615 -1.315419584471634 0.7995965446962736 7.70460175127677 2.7160045627815252 3.4920781668618135
1.6 19.0 0.8 -2.03083126240161 0.03509123358086803 -1.3640978243651172 0.847106948863163 8.866859572751686 2.3239088645240047 5.23425763379806
1.6 15.0 0.9 -1.792270416308654 0.0379937139125449 -1.2223647076204807 0.8741870286899396 4.057929125605423 -3.894179134095288 7.1569546182191575
1.6 14.0 0.5 -1.9951444955904667 0.04830468702682123 -1.3188788772149693 0.7202722292255599 6.009113499631078 2.43448232815116 1.7873382650419147
1.6 13.0 0.3 -2.0002793242193846 0.05154132400871789 -1.3302421121060521 0.6525319969186366 4.659878289100394 1.7817163782375864 0.8634362918233466
1.6 16.0 0.9 -1.8292857649774776 0.036091399564757216 -1.251823371941362 0.8775271190157811 4.4877827354202875 -3.664274553812696 7.3368510927792325
1.6 14.0 0.3 -2.050100912877843 0.04815633577480788 -1.3759122120305327 0.6613890040224597 4.988288103856916 2.033632522383027 0.8863927850050043
1.6 14.0 0.4 -2.0265495397024256 0.04828680772438779 -1.3505342315609965 0.6897295610280761 5.505402430118465 2.2815943658329427 1.2894676108836887
1.6 17.0 0.7 -2.031418001297583 0.04002456053780956 -1.3510004721548203 0.8052618865943526 8.317351652034018 3.1811400797564167 3.595228346091062
1.6 20.0 0.8 -2.0651705589587492 0.03361093635938069 -1.3929518317711354 0.8510688585289203 9.507246941458932 2.7951395550284603 5.3699293467365745
1.6 17.0 0.9 -1.8644834696089618 0.034338116171890434 -1.2807354946868243 0.8794855653789716 4.798418636039163 -3.5122908316629724 7.479651150362173
1.6 18.0 0.9 -1.8980462378371488 0.03281054789569256 -1.3074563757146827 0.8827033815242784 5.276213914069069 -3.2419270043833563 7.6662607194748045
1.6 19.0 0.9 -1.9301310537881258 0.03141073235354767 -1.33332713907072 0.8853704388433365 5.723374306762017 -2.9909693813422615 7.842915550679647
1.6 20.0 0.9 -1.9608737045062632 0.030138121927162104 -1.358111265963021 0.8879700990359372 6.197072338869405 -2.7179643453701994 8.023481149641142
