1.2 1.0 0.2 -1.3737084654624385 0.18764337325105046 0.22372424428035304 -1.0072522502432357 0.246195357731665
1.2 5.0 0.2 -1.0562851830000972 0.30317842447203763 0.5420380281358105 -0.8930866931329862 0.2870248241705272
1.2 10.0 0.2 -0.9579589406627678 0.34234037430311526 0.6990577051214083 -0.821519159687998 0.30411520817536336
1.2 15.0 0.2 -0.9082261379260939 0.36097112040152723 0.786048259064471 -0.7788697096587346 0.3129833964539874
1.2 20.0 0.2 -0.8759469540553446 0.3722667695625775 0.8432612521825977 -0.7498187533710684 0.3186158421375855
1.2 25.0 0.2 -0.8524778373935253 0.3799707110894427 0.8843821436508161 -0.7284872881703494 0.32257377749869964
1.2 30.0 0.2 -0.8342541415854081 0.3856022058838109 0.9155868679007032 -0.7120649539082613 0.3255302848952853
1.2 35.0 0.2 -0.8194803537174107 0.3899174698984647 0.9401839171780337 -0.6989845091516286 0.3278336230771276
1.2 40.0 0.2 -0.807132754750421 0.3933504584458062 0.960176647337482 -0.6882617653452546 0.3296876467062456
1.2 45.0 0.2 -0.7965759520453861 0.39614881542070135 0.9767724197545953 -0.6793061117806001 0.33121568573262683
1.2 50.0 0.2 -0.7873900136003114 0.398469845462611 0.9907389214846124 -0.6717290326879651 0.3324935846030707
1.2 1.0 0.4 -1.3709491575741048 0.31196915761390703 0.3210190311847338 -1.132391572557466 0.5813645989715517
1.2 5.0 0.4 -1.0398138220218311 0.4209468220041364 0.7782799814579326 -0.9487177070446107 0.6907987639426052
1.2 10.0 0.4 -0.9400021088807666 0.4571325560638732 1.0082757444431663 -0.8338294152120936 0.7368418029347699
1.2 15.0 0.4 -0.8899515347175795 0.47472070057101734 1.1406652833097315 -0.7631131760241741 0.7615113724386425
1.2 20.0 0.4 -0.8575909943116754 0.48559031108817374 1.230456819814668 -0.7135483965618694 0.7776022436941671
1.2 25.0 0.4 -0.8341131870303902 0.4931217813679086 1.2966229691998348 -0.6762781285779481 0.7891601714095683
1.2 30.0 0.4 -0.8159069640738235 0.4987133620006177 1.3479637571636622 -0.6469444508286675 0.7979629376891088
1.2 35.0 0.4 -0.8011602598052049 0.5030595368150237 1.389241660472133 -0.62311116283632 0.8049407398657953
1.2 40.0 0.4 -0.7888427319307079 0.5065469150200457 1.4232595533512058 -0.6033078135038272 0.8106272410782984
1.2 45.0 0.4 -0.7783160395135295 0.5094222296565415 1.451930422996617 -0.5865082315284635 0.8153757671545534
1.2 50.0 0.4 -0.7691591705739087 0.5118343284573231 1.4764355545644787 -0.5720747421069757 0.8194044932449807
1.6 1.0 0.2 -1.995309437216057 0.25705841825157283 0.3932583433867455 -0.9527583314555474 0.2692031944628669
1.6 5.0 0.2 -1.5884949103991135 0.4885109523141249 1.7143890706200968 -0.24070757606344972 0.39101906942929404
1.6 10.0 0.2 -1.4718160349457494 0.5912904632736284 3.3004313660826043 0.8536495861024439 0.48935602336143363
1.6 15.0 0.2 -1.4170768821099875 0.6508112548646247 5.009182325763727 2.1454682654818944 0.5727432852882172
1.6 20.0 0.2 -1.3842072749745027 0.6927407844840127 6.918760679774495 3.663065175965491 0.6511391007618008
1.6 25.0 0.2 -1.3623225454951622 0.72540549895418 9.089854092577983 5.448149919100048 0.7283408346955871
1.6 30.0 0.2 -1.3470020127367834 0.7520128130687448 11.577655915921444 7.545229838537898 0.8064852154767093
1.6 35.0 0.2 -1.336040078000357 0.774447172621717 14.436224113504492 10.00272601885297 0.8866996189303045
1.6 40.0 0.2 -1.328195253405347 0.7935814985535559 17.685672986805383 12.841209559921605 0.9688926853767555
1.6 45.0 0.2 -1.322711834186934 0.8108705630833722 21.549757027060934 16.262499574268986 1.0574514905583896
1.6 50.0 0.2 -1.3191067974685315 0.8253284752995883 25.73909598616262 20.014155552911642 1.1449880866501958
1.6 1.0 0.4 -1.970722589453392 0.3694628644855116 0.5268335137314429 -1.0590944933577393 0.6343715076872013
1.6 5.0 0.4 -1.5480887309898412 0.5604888024815247 2.0732787360474045 -0.20199486505109784 0.9101086524205885
1.6 10.0 0.4 -1.430981472502438 0.6467366859930049 3.901348232664091 1.0702427033710502 1.1324497343432787
1.6 11.0 0.4 -1.4173772291016973 0.6589408558122785 4.288600251910876 1.3568076165441378 1.1727170541466954
1.6 12.0 0.4 -1.4054745880933126 0.6698204657289826 4.678815137127716 1.6493963774363554 1.211767503876544
1.6 13.0 0.4 -1.3949562590088518 0.6799780826084681 5.077576269606769 1.9526792582189356 1.2499588045551335
1.6 14.0 0.4 -1.385586891213542 0.6896224446894136 5.499835148033184 2.2773446514238955 1.2889961986437155
1.6 15.0 0.4 -1.3771844023506359 0.6979649022187234 5.9017773358634384 2.5895934579125615 1.3248735511803509
1.6 16.0 0.4 -1.3696064646739603 0.7067445451826216 6.356931483139819 2.9471108386110236 1.3639282578115184
1.6 17.0 0.4 -1.3627384749117248 0.7144991902905639 6.801281986467156 3.299049819719904 1.400892866698901
1.6 18.0 0.4 -1.356487659733896 0.7211051255585333 7.2161372053445465 3.629972160046697 1.4344660181191398
1.6 19.0 0.4 -1.350779051047443 0.728781332373268 7.7331938517506265 4.045908217510867 1.474914253695904
1.6 20.0 0.4 -1.3455483081041981 0.7356402484138916 8.231761399247924 4.450203006617482 1.512623357052177
