1.2 15.0 0.2 -0.9966855978197167 -6.212829976836117e-5 0.06643970465687273 0.29164021007924307 0.5980886209047782 0.6687828161565619 1.9117631684507197 -0.5762609109586772 0.32604875537508754 0.6901
1.2 15.0 0.21 -0.9958123272116561 1.981221640172896e-5 0.06638937710673082 0.3007785942824661 0.603926646919732 0.6942013196331592 1.9529580686464474 -0.5719095826147937 0.34535632880968414 0.6993520470051482
1.2 15.0 0.22 -0.994923053564692 8.066134502243801e-5 0.0663358927212787 0.3081269039650994 0.6007542506379996 0.712154539535897 1.9257879344784223 -0.578847727241241 0.36429321626971484 0.6993520470051482
1.2 15.0 0.23 -0.9940227773410039 3.3449271268370117e-5 0.06627133173292 0.3175170096684956 0.6006916205677081 0.7351009342070152 1.9171255587110703 -0.587293053659013 0.38334755871234055 0.7086912292351065
1.2 15.0 0.24 -0.9931013493173146 8.407849467587855e-5 0.06621466589496379 0.32493805447644125 0.5974816868411479 0.7534130612010075 1.8900473351626936 -0.5942253703004927 0.40289990347112836 0.7086912292351065
1.2 15.0 0.25 -0.9921648621516395 4.313667551592907e-5 0.06614833209486215 0.3340065421851297 0.5967875282458385 0.7753628515284645 1.876745432608509 -0.6034225739886394 0.4224765573736999 0.7175182697392598
1.2 15.0 0.26 -0.9911691702737386 8.250603433994611e-5 0.06608561055562792 0.3410716213326932 0.5914499374416327 0.7903878064606465 1.8322235586595537 -0.6153708823594606 0.442015064832108 0.7175182697392598
1.2 15.0 0.27 -0.9902046181219244 5.406178156345108e-5 0.06601860803143768 0.3499261307345752 0.5901974210445534 0.8118741546636666 1.8156290449539867 -0.6246571014974666 0.4622192499189795 0.7256386117234719
1.2 15.0 0.28 -0.989222826274065 8.591586219534293e-5 0.06595608177462473 0.35741352067566357 0.5861889758848136 0.8298831573863238 1.7833061169359452 -0.6331633505806145 0.4828960723299406 0.7256386117234719
1.2 15.0 0.29 -0.9882427622151213 6.587208466625837e-5 0.06588883231800598 0.3663938230501673 0.5855545991129545 0.852830503301059 1.7719952885750188 -0.6409572089863654 0.5040561153360348 0.7341753106502636
1.2 15.0 0.3 -0.9872457210858727 5.827529082031013e-5 0.0658215979105656 0.37576710125464613 0.5879615344938713 0.8793804753509286 1.7828137591652924 -0.644236450585051 0.5262641062328757 0.7447552540677941
1.2 15.0 0.31 -0.98628596146751 5.458289965763847e-5 0.06575728341210846 0.38331290918464533 0.5849407063155457 0.8989576056528203 1.7583447185360555 -0.6508498268162825 0.5484400170616772 0.7447552540677941
1.2 15.0 0.32 -0.9852811633875618 6.672761863191443e-5 0.06569138400633513 0.3908204310258073 0.58104369026704 0.9176037077395749 1.7274293498163642 -0.65936217628539 0.5707742400291701 0.7447552540677941
1.2 15.0 0.33 -0.9843251588714707 7.762510604052805e-5 0.06562845664089723 0.40173558952395955 0.5763025611349126 0.9440982435015347 1.6839201229189134 -0.6763671833697302 0.5925308733978194 0.7633448682072399
1.2 15.0 0.34 -0.9833130115245758 8.016406854406405e-5 0.06556103204267903 0.41245326701407914 0.5765042355731608 0.9748779902841873 1.6769115197837632 -0.6844994254045274 0.6161455953834646 0.7823241965855342
1.2 15.0 0.35 -0.9822851606696676 9.13619170469907e-5 0.06549325667410004 0.42316924985664195 0.5770575772869806 1.0063905261842476 1.6721039247952005 -0.6923974386892857 0.6403346853981187 0.8036095135473135
1.2 15.0 0.36 -0.9812417726994862 8.074814113840498e-5 0.06542254129429734 0.43492061242951097 0.5811382912461459 1.0416941662222174 1.6865256556367796 -0.7010152363957416 0.6649588630343426 0.8380995777621462
1.2 15.0 0.37 -0.9801807381588592 8.255889590832243e-5 0.06535165792915505 0.4468013557970288 0.5855523904742285 1.0781925707806117 1.702686135933297 -0.7102838650533818 0.6901417801358222 0.8770658997326587
1.2 15.0 0.38 -0.9791023298760915 8.80195802537053e-5 0.06527983402492309 0.4592086323734902 0.5907956166610189 1.1170319618819278 1.722799670544644 -0.7210836006953202 0.7158024223374282 0.9247648660180188
1.2 15.0 0.39 -0.9780078597108324 9.95992923335996e-5 0.06520726311688169 0.4725065139388538 0.5901015330926696 1.1591624916163896 1.7048505783261243 -0.7348543534699966 0.7417987242200352 0.9852824850333081
1.2 15.0 0.4 -0.9768986347619621 5.44594162889001e-5 0.06512999840130969 0.4870715158844836 0.6192393359650243 1.2050694143390341 1.8713297806626907 -0.7548806854033 0.7677951560967944 1.060733973933086
1.2 15.0 0.41 -0.9758705535720182 -7.12108490397971e-5 0.06505276202709456 0.4736531867712904 0.5772858795316346 1.147122108610798 1.621985928328605 -0.7429778787914996 0.7944103579958797 0.9
1.2 15.0 0.42 -0.9748149587276715 -2.224026903626733e-5 0.06498601648784208 0.4810232372733729 0.5708843610125531 1.1704096022604935 1.5806962153895416 -0.7487017619255045 0.8232587706011552 0.9
1.2 15.0 0.43 -0.9737585966035458 1.1530364186215156e-5 0.06491809387462055 0.4884355799395618 0.5633460209596598 1.1937200250362046 1.5337711525016107 -0.7553817258473199 0.8527359230768923 0.9
1.2 15.0 0.44 -0.9727038418627764 2.938772148814363e-5 0.06484909965911013 0.49588984985084866 0.5513922065399828 1.216070723711738 1.4642083815269376 -0.7648230408314274 0.8825113120103608 0.9
1.2 15.0 0.45 -0.9716490650952136 -4.917916360765294e-5 0.06477296143867294 0.500078220536948 0.5572226091363359 1.2178130326061305 1.4788546627948784 -0.7790748651048985 0.9103548520617386 0.9
1.2 15.0 0.46 -0.9706031963636801 -3.402389945240253e-5 0.06470435946873035 0.5072275400584959 0.5540327155722273 1.2400458348579437 1.45488034216073 -0.7865456642880675 0.9421144413031172 0.9
1.2 15.0 0.47 -0.9695655951509918 -1.9982786813134634e-5 0.06463622613696886 0.514474591291334 0.5496137927541684 1.2627356265405345 1.4244553188109934 -0.7950336147722293 0.9747523468029493 0.9
1.2 15.0 0.48 -0.9685382378476243 -8.841896551079268e-6 0.06456856090120822 0.5218214611592447 0.5461681253049857 1.2865746334570176 1.3992172104575766 -0.8033069649728936 1.0085499982503603 0.9
1.2 15.0 0.49 -0.9675226467676843 -7.8525766385543e-7 0.06450145161727792 0.5291261205659386 0.5429652749442458 1.3104055833327684 1.3748290043119011 -0.8124371584542972 1.043349690268498 0.9
1.2 15.0 0.5 -0.9665213642906948 2.3981014321754878e-8 0.06443475939575108 0.5364954521101304 0.536539659550975 1.3337005055089208 1.333793676656164 -0.8238507368677884 1.0787867645481213 0.9
1.2 15.0 0.5 -0.9334071514193227 -5.220239552173228e-16 0.062227143427954795 0.25000022029444374 0.25000022029444374 1.3341616838495788e-16 1.3255917949427244e-16 -1.3333570065571474 0.6666786484964421 0.7
1.2 15.0 0.51 -0.9324882019142562 -7.831930234279306e-16 0.062165880127617 0.2601003050989303 0.2601003050989303 7.25312439098068e-19 2.8896859820052505e-20 -1.351567615248701 0.6892996842215046 0.7
###########
1.2 30.0 0.08 -1.0018744495845102 -1.687393368804368e-5 0.03339473676500115 0.036803793101326865 0.7041259905054125 0.07327567142168973 3.5749586948278163 0.1955634731998181 0.12421933140632385 0.5216596397578703
1.2 30.0 0.09 -1.0012235849374067 -4.4981350214372485e-5 0.03337129483189807 0.07066303984694135 0.7111055121194434 0.15814173955457883 3.6814644908782315 0.22132587799287007 0.14309355689742434 0.530816150389946
1.2 30.0 0.1 -1.0007380992670711 8.98685193003551e-6 0.033358492339850346 0.0977968012478875 0.714063932310686 0.2297539757035136 3.71619055780715 0.21906628271379716 0.1617709757062411 0.5390732713419694
1.2 30.0 0.11 -1.000279946366033 -1.4936689222800098e-5 0.03334176238862184 0.12728778833636417 0.7185032504669393 0.311956768935871 3.7684973628390703 0.21587514301879018 0.1810252307240676 0.551684234823355
1.2 30.0 0.12 -0.999827803462527 -2.5733011870101807e-5 0.03332607654882147 0.1571323071822784 0.7237058772029825 0.4008793541524032 3.836703876712056 0.217996117342372 0.2010990561961806 0.5654737307963686
1.2 30.0 0.13 -0.9993648132401294 5.1938190036756435e-5 0.03331515290607432 0.18397224180593996 0.7280969163848348 0.4852829015813088 3.8949394875984105 0.21802839197138177 0.22155249333143046 0.5785441612746718
1.2 30.0 0.14 -0.9988952631708008 4.689073844446016e-6 0.033296771736128425 0.20887638517682594 0.732305974106406 0.5649685704109122 3.9429721430265383 0.2074662628253145 0.2418707285999258 0.5943878216756234
1.2 30.0 0.15 -0.998346484441401 -2.832187476821363e-5 0.03327666401203278 0.23000698630716546 0.7347264374181073 0.6337953702168293 3.9599410933907606 0.18918262022148763 0.2621498521335953 0.608234383977435
1.2 30.0 0.16 -0.9977031766228297 -4.937218120442138e-5 0.03325411551085715 0.24740811927628886 0.736105402313517 0.6910809830583768 3.9606786976265536 0.17038696455313346 0.2824212313400512 0.6193875020380682
1.2 30.0 0.17 -0.9970072168873769 4.8092279092395394e-5 0.03323612372986422 0.2619538234660594 0.7363420969963814 0.738383794863158 3.9422153867011276 0.14799180763769504 0.302592957949608 0.6286982641642874
1.2 30.0 0.18 -0.9962676059476847 -9.20833980883244e-6 0.033208438643982506 0.2751774548315686 0.7365605350280074 0.7813287055698284 3.9244722608942313 0.1270558155149059 0.3229133319901917 0.6374040831753321
1.2 30.0 0.19 -0.9954411772320926 9.734681345452944e-5 0.033186409402193785 0.286010035587259 0.7348387156872926 0.8137590914909485 3.869817821124375 0.09648839003488012 0.3428536617549422 0.6442336162078508
1.2 30.0 0.2 -0.9945917417839776 6.888915325944616e-5 0.03315658886852074 0.29669080821683724 0.7340091185592463 0.8477334834438657 3.8369552835189396 0.07561126737223964 0.3634538476207875 0.6503623030847404
1.2 30.0 0.21 -0.9936979988221288 4.6385433249556745e-5 0.03312561998560054 0.3065080100871373 0.7331842983489372 0.8768470479924264 3.8011039054795903 0.05185563936583109 0.3838749753881282 0.6570105268217983
1.2 30.0 0.22 -0.9927767646631331 3.8495562204696585e-5 0.03309448887247689 0.3164416012476231 0.7332810498524243 0.9066580990921598 3.7823363960260385 0.03128410072767966 0.4046138041132229 0.6648455528095205
1.2 30.0 0.23 -0.9918196584776438 -7.244701126469194e-7 0.033060619377566644 0.3262213963902274 0.7330162208887299 0.9356817487873454 3.7558730822218864 0.008847708259322627 0.425547568755428 0.6725801228671502
1.2 30.0 0.24 -0.9908226548855832 5.251297437155965e-6 0.033027678931116494 0.335754883415317 0.7320158913050991 0.9622739014876021 3.713963893320911 -0.019462988814691842 0.44638397017620884 0.6808329854994661
1.2 30.0 0.25 -0.9898190114740413 -6.396401660484472e-5 0.032990867314537826 0.34486855969208374 0.7309484185906899 0.9882318576792583 3.6734888197950406 -0.04429577520380787 0.4676993838718695 0.6878440137974814
1.2 30.0 0.26 -0.9887823617557641 4.653776972241866e-5 0.03296164627583845 0.35401833864050003 0.729537220875824 1.0155250759751786 3.6310674836951486 -0.06791878198210935 0.48957467592090304 0.6943187584002651
1.2 30.0 0.27 -0.9877266770121209 -7.163647275840637e-5 0.03292083717312783 0.36366517092636846 0.7283660086205352 1.040100328638207 3.5809080984177735 -0.10259074508192749 0.5106611740909139 0.7053484662600735
1.2 30.0 0.28 -0.9866154844612594 5.2305319443210194e-5 0.032889654658345854 0.37096276847311244 0.7258120109085433 1.0639952274911155 3.5332435069170613 -0.11550517988504438 0.5339807460103764 0.7053484662600735
1.2 30.0 0.29 -0.9855135815439287 2.1786317030707833e-5 0.03285146871450861 0.380548228673826 0.7241564175743124 1.090838962153798 3.48147626682145 -0.14554976773781506 0.5562865073463673 0.7147767291917674
1.2 30.0 0.3 -0.9843823381784804 -4.49771454645244e-5 0.032810674490045 0.39023923756291024 0.7236945787462843 1.1203838175915874 3.4529861549255503 -0.16811906494207635 0.5795282501466615 0.724229101859196
1.2 30.0 0.31 -0.9832147815143459 -5.150157104602297e-6 0.032773591337089084 0.3994026084274366 0.7221574178447138 1.1489349387996568 3.4108299646576006 -0.18985842470329814 0.603352819792449 0.7314107820110847
1.2 30.0 0.32 -0.9820421340971173 4.9633813544143874e-5 0.032736974574949125 0.40880764249080714 0.719527160818113 1.177143938596878 3.3494227371571816 -0.21737859625754635 0.627216120459392 0.7396644202364233
1.2 30.0 0.33 -0.9808400378408559 1.879354339019299e-5 0.032695501119800095 0.4191133588093531 0.7191360894762944 1.210038613670296 3.320548056796831 -0.2412772987068178 0.6517530162241332 0.7518694587737672
1.2 30.0 0.34 -0.9796020390244995 -6.8890204890582e-5 0.032650397888034824 0.4293390205556533 0.7193384331906394 1.2432669141166401 3.3006456925309795 -0.26305887709268705 0.6768369681730778 0.7645769429066851
1.2 30.0 0.35 -0.9782959177869153 1.4185874260376437e-5 0.032610476067071466 0.4385431751075979 0.7164947637689074 1.273509164181543 3.241785598128649 -0.2860182002576136 0.7025749105094266 0.77247333245999
1.2 30.0 0.36 -0.9769651300619402 -1.7229698871205048e-5 0.032564775574128645 0.4492195354191373 0.7162368164934088 1.3093932508336845 3.214891932473014 -0.3108251505456002 0.72865004210126 0.7880815293730393
1.2 30.0 0.37 -0.9755972382704576 3.922576894488831e-5 0.032521540769201836 0.4597628628674011 0.7158118220399258 1.3495272712465942 3.1923599811927357 -0.32781762511732165 0.7564644145599531 0.8007742087854739
1.2 30.0 0.38 -0.9741805772893941 5.842893345442627e-5 0.032475070735834694 0.47069543219383736 0.7153949467806291 1.3906578136371122 3.165799538201675 -0.3483205599230145 0.7844731604218829 0.8166763367337786
1.2 30.0 0.39 -0.9726728634943727 6.158448993727463e-5 0.03242489209744675 0.4813971533050685 0.7144706461584001 1.4312561454178847 3.1337781783505565 -0.36981962107325167 0.813058142167057 0.8333554229814469
1.2 30.0 0.4 -0.9711254892958601 -6.315893579838261e-5 0.03236838357304826 0.49293206917640187 0.7173027458845331 1.4795654022274745 3.15187521041665 -0.38386516575517243 0.843231613564233 0.853705585967498
1.2 30.0 0.41 -0.9695221320096783 9.985769907177101e-5 0.03232122308857631 0.5037522026137354 0.7182138004962687 1.5274563840062223 3.150606816837826 -0.3974541859645527 0.8746197396564565 0.8716579484680143
1.2 30.0 0.42 -0.9678371085211741 -1.730490518374565e-5 0.032260591458238626 0.5148011096678207 0.7180383479443874 1.5743869246754327 3.1289077405198116 -0.4172034404086056 0.9059116836111311 0.8936280469831274
1.2 30.0 0.43 -0.9661160417466998 9.238910839480763e-7 0.03220390163221256 0.5256392971431211 0.7174670180029143 1.620930619735703 3.101837658847433 -0.43763468319499166 0.9378679821260918 0.9172687003003266
1.2 30.0 0.44 -0.9643304482142041 5.528320862766877e-5 0.032146323295685786 0.5359545746003767 0.7131324430507889 1.6734890036153836 3.038458535231045 -0.44604169816966677 0.9728132373258644 0.9330395984631871
1.2 30.0 0.45 -0.9624662689205075 1.2696351123364804e-5 0.03208265296997557 0.545880410292889 0.7070752081947436 1.7207996814081175 2.952103447340262 -0.46013586318666405 1.0073700742439708 0.9531667218853724
1.2 30.0 0.46 -0.9605709059431651 4.9070436373086865e-5 0.03202071178196082 0.5548939492293804 0.6881234645502133 1.7614819767148329 2.7292648059210043 -0.4772947479551427 1.0419905607683628 0.9727027333524072
1.2 30.0 0.461 -0.9603718751747472 8.564404974045879e-5 0.03201533075602454 0.555451207003586 0.6882737433233208 1.7644106112497702 2.7309878523054607 -0.4774567875172052 1.0456450848326606 0.9727027333524072
