#1=α 2=ρ 3=q0 4=δq 5=qh0 6=qh1 7=δqh 8=ρh 9=m 10=ϕ 11=Σ 12=E 
#3.0 0.01 0.22484814060342445 0.6350796682249376 0.46469911827648114 1.3519146326612754 1.5746055955999527 0.010194069083404166 0.6257856426390951 -0.189066951414382 -2.0911491317072255e-11 0.18906695138096563
#3.0 0.02 0.22801704769444314 0.6512056446684023 0.4528722545874711 1.309856198066076 1.5356132295119385 0.02015659616171746 0.6158525381894934 -0.17993293041795622 -1.8788420014004067e-11 0.17993293038744823
#3.0 0.03 0.23135879991956587 0.6680634966099475 0.441207593070204 1.2683755872646516 1.4968637146180717 0.02988990451173894 0.6051077339482452 -0.17100457667544777 -1.8529040979349877e-11 0.1710045766448267
#3.0 0.04 0.23483366909437906 0.6856806405046114 0.42964811382957213 1.227414330397492 1.458404907591897 0.039393889138984714 0.5935952643937804 -0.16227694628743516 -1.597557739735239e-11 0.16227694626052191
#3.0 0.05 0.2384401908405976 0.7041116419425681 0.4181845159183589 1.1869587679631026 1.420229344678207 0.048668212975200624 0.5812604942981738 -0.15374839350287528 -1.3416498353452972e-11 0.15374839347979355
#3.0 0.06 0.24218346114558081 0.723420830657962 0.40681502939857533 1.147000282194024 1.3823212949802886 0.05771219700931495 0.568026468166175 -0.14541825734195046 -1.111765658932145e-11 0.14541825732237804
#3.0 0.07 0.2460635253782405 0.7436786345509643 0.39553105072502887 1.1075244168588383 1.3446668759241123 0.06652430761043557 0.5538154640814833 -0.1372852489264602 -1.0985633914311128e-11 0.13728524890662394
#3.0 0.08 0.25007824083757246 0.764957858890742 0.38432575602016816 1.0685175054159228 1.3072615972462538 0.07510209273002022 0.5385605605056581 -0.1293484728657709 -1.0467437659320821e-11 0.12934847284633494
#3.0 0.09 0.25424518029140963 0.7873628048228689 0.37320374732379663 1.0299708664503981 1.270062579318239 0.08344361074045833 0.5221105117366025 -0.12160792679905119 -8.589374223155957e-12 0.12160792678259993
#3.0 0.1 0.2585559229028514 0.810982896257598 0.36215234153509407 0.9918733122473373 1.2330716730572333 0.09154483933450563 0.504378935913313 -0.11406266636420015 -5.5818959343859505e-12 0.11406266635313328
#3.0 0.11 0.2630036768107444 0.835923248462108 0.3511597113565465 0.9542214691107873 1.1962821136677257 0.09940141527626647 0.4852368714637588 -0.10671201863351043 -4.6911568128558554e-12 0.10671201862384266
#3.0 0.12 0.26759950378258435 0.8623223778497549 0.3402259317537166 0.9169913753487429 1.1596591535614886 0.10700787763660899 0.46452433922170777 -0.09955624126799112 -4.569528809434708e-12 0.09955624125815411
#3.0 0.13 0.27234713399056143 0.8903274605698944 0.3293470668976441 0.8801786460533172 1.1231822910825928 0.11435850735589954 0.44205263680657425 -0.09259546743613761 -3.585021807957726e-12 0.09259546742802767
#3.0 0.14 0.27724037350796044 0.9201010263497653 0.3185112387599849 0.8437741405460473 1.0868372170851757 0.12144578811866416 0.4176238328391282 -0.0858296470940571 -3.2459600884273338e-12 0.08582964708628465
#3.0 0.15 0.2822898322963508 0.9518471573170294 0.30771770323991926 0.807760417833332 1.0505888931572163 0.1282613005288874 0.3909851487490689 -0.07925947824465396 -2.0827681019045164e-12 0.07925947823932698
#3.0 0.16 0.28747716821880376 0.9857629122001996 0.29695124624661945 0.7721522211144752 1.0144427463264445 0.13479629916015068 0.36187130151483704 -0.07288537129036465 -1.8069360662293845e-12 0.07288537128537134
#3.0 0.17 0.2927937866335023 1.0220995455255717 0.2862003023824673 0.7369348093062394 0.9783783039813283 0.14103896390372472 0.3299800852934616 -0.06670817554695208 -1.2564528026622384e-12 0.06670817554314441
#3.0 0.18 0.29825794110471276 1.0611843191547095 0.27546682627765456 0.7020893565587071 0.9423433885463819 0.146977146036077 0.29487399580446433 -0.060729411776703046 -9.009139222462276e-13 0.060729411773647796
#3.0 0.19 0.3038473817744003 1.103339547663195 0.26473602459538714 0.6676252203719645 0.906339314349992 0.15259703536710265 0.25613273194151476 -0.05495052022262786 -7.218502860846932e-13 0.0549505202198096
#3.0 0.2 0.3095801355122357 1.1490145476889944 0.25400822924715355 0.6335276747126535 0.8703110132980054 0.1578833754501432 0.21314326064507233 -0.04937350129361817 -1.5274002271206122e-13 0.049373501292901564
#3.0 0.21 0.3153839064994282 1.1986259007131843 0.24324652353277534 0.5997903797354727 0.834288667171086 0.16281275798320038 0.1654397181539324 -0.04400007393836247 -2.2075207579661593e-13 0.044000073937028136
#3.0 0.22 0.32132603104223323 1.2528197242222197 0.23248206826397952 0.5664423121775776 0.7981994005984732 0.167374523920694 0.11200894917436713 -0.03883387830025392 8.386184535631873e-16 0.03883387830026141
#3.0 0.23 0.3272379528453295 1.3121335010367403 0.22163997409302594 0.5334409027732134 0.7621175677341592 0.17152743754582772 0.0524273717045521 -0.03387726149612552 -3.778665643544445e-15 0.03387726149605345

# results above are wrong
3.0 0.19 0.814781396311691 0.3593278767221135 0.6991886286282489 1.1876494427909279 2.783052880267505 0.18004077747559227 3.7576603643603446 -0.06579473622989018 0.0002216940050946253 0.06585373411250812
3.0 0.18 0.8150331517977794 0.3381067475951469 0.7332161692263528 1.2627399800790862 2.957684914762323 0.1742245701724733 3.7576603643603446 -0.07272253298116793 -0.0006639811165501589 0.07254583230783201
3.0 0.17 0.8101859675641855 0.3253837755391151 0.7634006599677985 1.34002895413321 3.0732568957383024 0.16804290273517725 3.6154473404875347 -0.07988077204105071 2.4593798896719418e-5 0.07988757446315248
3.0 0.16 0.8106213515514158 0.30847223842816485 0.7958704072870275 1.414039970115688 3.241845829777489 0.16110181246052263 3.6154473404875347 -0.0872593919231216 -0.001079824141225652 0.08696072234242179
3.0 0.15 0.8025434194004647 0.30198930279422154 0.8225160186992477 1.4939193250795846 3.31132627999522 0.15402955215530414 3.4025191375297688 -0.09486299992461611 0.0010147519405025347 0.09516123540823465
3.0 0.14 0.8030734684041291 0.28775158586545846 0.8540367373199573 1.568569353571636 3.4752725165305263 0.14616862614829654 3.4025191375297688 -0.10268824268909094 -3.430418617086192e-5 0.10267816069255123
3.0 0.13 0.8036073292992274 0.2740390975847804 0.8860606807437097 1.6466336767440026 3.649132333368149 0.137964860668544 3.4025191375297688 -0.11072582635871209 -0.000936348691442532 0.11045063358136233
3.0 0.12 0.7990317772551103 0.26676933747006926 0.9134052693855989 1.726208876506874 3.7485280455954775 0.12947325187175013 3.2844149024540954 -0.11898304966479145 0.00023699562723117777 0.11905520730451416
3.0 0.11 0.7997027675386064 0.2554395053738485 0.9442381321314728 1.8028180718276943 3.914864754652927 0.12044252063431703 3.2844149024540954 -0.12745080975001477 -0.0008720834623831157 0.1271852880396695
3.0 0.1 0.795798562227534 0.24891526498651873 0.9713413651445272 1.8834262306421934 4.017415723670574 0.11118093627295478 3.1856754462816603 -0.13613418187522153 0.0002801679505769774 0.13622212804403291
3.0 0.09 0.7965304706410244 0.23887672898397394 1.0019657843052925 1.9621892703991506 4.186273980327943 0.1014582237962184 3.1856754462816603 -0.14502729325560593 -0.0007620428553083471 0.14478808406177615
3.0 0.08 0.7931376029134688 0.2329501281911699 1.0288388687145957 2.04432876826921 4.292751864338984 0.09148475186719474 3.1011558730227256 -0.15413374728932183 0.0003563759852473102 0.15424866443629515
3.0 0.07 0.7939696734339549 0.22420753981349284 1.059139513166121 2.1237716465449807 4.460151203960834 0.08109927076469885 3.1011558730227256 -0.16344954832963599 -0.0006927451478125446 0.16322616544397106
3.0 0.06 0.7915126864622936 0.21855881080680728 1.0861363789580125 2.2061266107265 4.575425863533363 0.07044568294847452 3.036929297458857 -0.17297794915995557 5.182661403331413e-5 0.17299501462607514
