#1=α 2=ρ 3=δq 4=qh0 5=δqh 6=ρh 7=ϕ 
3.0 0.0 0.8511764900903223 1.3802595497340535 1.1748444789562802 0.0 -0.19503205684160752
3.0 0.01 0.8633764391402157 1.341393453582844 1.1582433277839264 0.011582433277839263 -0.18595649351433519
3.0 0.02 0.875912032633066 1.3028825355685232 1.141667156910626 0.02283334313821252 -0.1770768851030895
3.0 0.03 0.8888105217009961 1.264708928861302 1.1250991922172688 0.03375297576651806 -0.1683913653722715
3.0 0.04 0.9021021792162335 1.2268546360870007 1.108521875946273 0.04434087503785092 -0.15989809745935768
3.0 0.05 0.9158208811865983 1.1893011022361495 1.091916575110554 0.0545958287555277 -0.15159543325726998
3.0 0.06 0.9300045005016269 1.1520295480567766 1.0752636137358678 0.06451581682415207 -0.14348187695056447
3.0 0.07 0.9446956204678628 1.1150206796659012 1.0585420090174098 0.07409794063121869 -0.13555603524911697
3.0 0.08 0.959942365285026 1.078254464048239 1.0417292080895713 0.08333833664716571 -0.12781667773535121
3.0 0.09 0.9757992781218803 1.0417101720877322 1.024800922096088 0.09223208298864792 -0.12026275515004015
3.0 0.1 0.9923285730184745 1.005366016593013 1.007730732733202 0.10077307327332019 -0.11289334036097087
3.0 0.11 1.0096015350231926 0.9691990517095508 0.9904897777092107 0.10895387554801317 -0.1057077092899783
3.0 0.13 1.0467202341620447 0.8972974970086786 0.9553651179778264 0.12419746533711744 -0.09188583588958488
3.0 0.14 1.0667726037746257 0.8615085540118645 0.9374069004599854 0.13123696606439797 -0.08524913489135255
3.0 0.15 1.0879885112675054 0.8257871986878476 0.9191273525811418 0.13786910288717125 -0.0787953336169801
3.0 0.17 1.1345642873047315 0.7544070428597911 0.8813956257830025 0.14983725638311043 -0.06643832444804054
3.0 0.18 1.1603370024470647 0.718666786597856 0.8618185905397089 0.15512734629714758 -0.060536866964058966
3.0 0.19 1.188118956773786 0.6828292676401871 0.8416665640243604 0.15991664716462847 -0.05482191266690323
3.0 0.2 1.2182555453825452 0.6468363780261303 0.8208458428859352 0.16416916857718705 -0.04929538212225654
3.0 0.21 1.2511833154876801 0.6106193597170044 0.7992433943304502 0.16784111280939454 -0.04395976651280442
3.0 0.23 1.327843133871212 0.5371582966795927 0.7531010060537696 0.17321323139236702 -0.03387482476401221
3.0 0.24 1.3733219940753887 0.4996783368285594 0.7281613520456768 0.1747587244909624 -0.029134632837296504
3.0 0.25 1.4253093394658372 0.4614801333264797 0.7016020819556054 0.17540052048890134 -0.024604183076771757
3.0 0.26 1.4858594384983037 0.4223250130627716 0.6730111705658096 0.1749829043471105 -0.02029194195442824
3.0 0.27 1.558139333237066 0.3818686382895328 0.6417911278335293 0.17328360451505292 -0.01620908615786537
3.0 0.28 1.6474006531112888 0.33958147576189257 0.6070168772310459 0.16996472562469286 -0.012370947576557323
3.0 0.3 1.926928573525473 0.24508128598300105 0.5189605954985754 0.15568817864957263 -0.0055296916788213635
3.0 0.302 1.96922753108573 0.2343552036759433 0.5078133350332817 0.15335962718005108 -0.004916561954843551
3.0 0.304 2.0162993905484408 0.2232424524825946 0.49595809267590785 0.15077126017347597 -0.004318520105563967
3.0 0.306 2.069307476121452 0.21166672247675433 0.4832534611406913 0.14787555910905154 -0.003736427031987649
3.0 0.308 2.1298967178061345 0.1995247342335143 0.4695063341052677 0.14460795090442244 -0.003171339607045215
3.0 0.31 2.2005023954963394 0.1866709279271369 0.45444167752175646 0.1408769200317445 -0.0026245770008094527
3.0 0.312 2.2849542337675572 0.17288895651589123 0.4376455270839913 0.13654540445020527 -0.002097853833189972
3.0 0.314 2.389799541862037 0.1578325324671048 0.41844513838212544 0.13139177345198738 -0.001593486491922369
3.0 0.316 2.5276914242636113 0.14088471301841846 0.39561791063611673 0.12501525976101288 -0.001114848748484859
3.0 0.318 2.728586469458574 0.12073253877106216 0.3664901263687741 0.11654386018527016 -0.0006674189711803058
3.0 0.32 3.100932434209314 0.09334654056927014 0.3224836468437866 0.10319476699001172 -0.00026227513696289173

2.5 0.0 1.1604071479323057 0.7426414909442464 0.8617664944428081 0.0 -0.07801347869489478
2.5 0.01 1.1865605303496085 0.7101936298913616 0.8427720073457692 0.008427720073457693 -0.07192276649334145
2.5 0.02 1.2143182977028595 0.6778930308900467 0.8235073142616001 0.016470146285232003 -0.0660190963915478
2.5 0.03 1.243905530677241 0.6457050177814054 0.8039195705284409 0.024117587115853226 -0.06030237207482364
2.5 0.04 1.275596575869621 0.6135894484328306 0.7839469146569817 0.03135787658627927 -0.05477286166582446
2.5 0.05 1.3097285238108436 0.5815008213195919 0.7635170051045053 0.03817585025522527 -0.049431216186772375
2.5 0.06 1.346722816479787 0.5493856133119486 0.7425432967816722 0.04455259780690033 -0.044278560095828035
2.5 0.07 1.3871147241290027 0.5171802864090608 0.7209209033722284 0.05046446323605599 -0.03931656586758159
2.5 0.08 1.4315983710679088 0.4848073452736338 0.6985199342285117 0.055881594738280936 -0.034547585969260275
2.5 0.09 1.4810955044862446 0.45217001788706546 0.6751759065981875 0.060765831593836875 -0.02997480981558731
2.5 0.1 1.5368664095850475 0.4191437132803897 0.6506746414413462 0.06506746414413463 -0.0256025272313552
2.5 0.11 1.600697537397803 0.385562183288679 0.6247276431908957 0.06872004075099852 -0.021436424068095206
2.5 0.12 1.6752394490023501 0.3511938571712872 0.5969295915252752 0.07163155098303303 -0.017484185256507856
2.5 0.13 1.7646692592992768 0.31569743553536933 0.5666784269801837 0.07366819550742389 -0.013756344990882852
2.5 0.14 1.8761383102900282 0.2785310378685545 0.5330097437461379 0.07462136412445931 -0.010267879339463937
2.5 0.15 2.023485545204775 0.23873525157455533 0.49419675982849726 0.07412951397427459 -0.00704132948430175
2.5 0.16 2.2394931461090093 0.1942843407091138 0.4465296094955426 0.07144473751928682 -0.004114215695016549
2.5 0.17 2.64275319991695 0.13904351463480927 0.37839326049493593 0.06432685428413912 -0.0015632642184305046

2.1 0.0 1.9808780969163138 0.2548499191667825 0.5048266228783724 0.0 -0.010247212258907401
2.1 0.001 1.994548264133077 0.251368275688559 0.5013666592994912 0.0005013666592994912 -0.00991747383190672
2.1 0.002 2.008594197156844 0.2478642291197109 0.49786064373555167 0.0009957212874711033 -0.0095903565801565
2.1 0.003 2.0230366077106243 0.24433664606848246 0.49430642836050953 0.0014829192850815286 -0.009265863017590442
2.1 0.004 2.0378988356272525 0.2407841020343911 0.4907014923987658 0.0019628059695950633 -0.00894405458949532
2.1 0.005 2.0532051516295993 0.23720533468627467 0.487043391258937 0.002435216956294685 -0.008624929793031727
2.1 0.006 2.0689824568845814 0.2335988759149501 0.48332937607686305 0.0028999762564611785 -0.008308536280729723
2.1 0.007 2.085260424027976 0.2299630803104294 0.4795564086275412 0.0033568948603927883 -0.007994900166653024
2.1 0.008 2.102071523812548 0.2262961817687281 0.4757212058066845 0.003805769646453476 -0.007684058901617774
2.1 0.009 2.119451473444429 0.22259626131251514 0.47182019146437393 0.004246381723179365 -0.007376048047017442
2.1 0.01 2.137438885959036 0.21886139148576744 0.4678496337692085 0.004678496337692085 -0.007070908410062637
2.1 0.011 2.1560780357623903 0.21508914658429662 0.46380510510900846 0.005101856156199093 -0.006768680602163485
2.1 0.012 2.17541669053739 0.21127715714162246 0.4596820482024395 0.0055161845784292745 -0.006469409251586317
2.1 0.013 2.1955091960965802 0.20742260153275968 0.45547520446642215 0.005921177658063488 -0.006173145430603599

4.0 0.0 0.5914935021582508 2.8582488925213894 1.6906356474774182 0.0 -0.49602535508487755
4.0 0.01 0.5971224476721985 2.80433422616395 1.674698387070132 0.01674698387070132 -0.48121266782685757
4.0 0.02 0.6027954022592712 2.7509733625634407 1.658937669816342 0.033178753396326845 -0.46663282815585727
4.0 0.03 0.608515487276221 2.6981474969833994 1.6433435482079588 0.04930030644623876 -0.45228342459181237
4.0 0.04 0.6142861347388817 2.645837372907907 1.6279058625099458 0.06511623450039783 -0.4381615099885321
4.0 0.05 0.6201109530980339 2.5940246545091172 1.6126146377580741 0.0806307318879037 -0.42426142326872307
4.0 0.06 0.6259938959925287 2.5426906250530337 1.597459665983604 0.09584757995901624 -0.4105889092125806
4.0 0.07 0.6319392996890139 2.491816156023563 1.5824304652236598 0.1107701325656562 -0.39713286978120965
4.0 0.08 0.6379515245601596 2.4413847270492117 1.5675172195715927 0.12540137756572742 -0.38389363050686687
4.0 0.09 0.6440357151252766 2.391376660135729 1.5527089205068108 0.13974380284561297 -0.37086875845181955
4.0 0.1 0.6501971730074836 2.3417743264574886 1.537994998308752 0.1537994998308752 -0.35805596059733946
4.0 0.11 0.6564417300479934 2.29255953370735 1.5233644575382015 0.16757009032920217 -0.3454530418597609
4.0 0.12 0.6627756540323292 2.243714529975471 1.5088061758394364 0.18105674110073236 -0.3330578860042044
4.0 0.13 0.669205830242003 2.195221074925773 1.4943085592042331 0.1942601126965503 -0.32086852238919106
4.0 0.14 0.6757397478098718 2.1470609406263774 1.4798596697043238 0.20718035375860536 -0.30888304396366584
4.0 0.15 0.682385537795296 2.099216045527351 1.465447235635851 0.21981708534537764 -0.29709967495561007
4.0 0.16 0.6891521488982726 2.0516678122317646 1.451058378906125 0.23216934062498001 -0.28551668531125574
4.0 0.17 0.6960493245790972 2.0043978128789144 1.436679793640634 0.24423556491890777 -0.2741326667585795
4.0 0.18 0.7030878333982213 1.9573869693685582 1.4222974036781701 0.2560135326620706 -0.2629455980394808
4.0 0.19 0.7102795125014342 1.910615967729615 1.4078964441452628 0.26750032438759996 -0.2519553820574031
4.0 0.2 0.7176373465198579 1.8640654963044625 1.3934614814145947 0.27869229628291897 -0.24115958601504084
4.0 0.21 0.7251758209800535 1.8177151586666374 1.378975927035915 0.28958494467754214 -0.23055750268060737
4.0 0.22 0.7329108939216373 1.7715445473543834 1.3644223442350958 0.30017291573172106 -0.22014813421692248
4.0 0.23 0.7408603245358606 1.7255325621583084 1.3497820937117764 0.31044988155370856 -0.20993060848491296
4.0 0.24 0.7490440254986742 1.6796569327670499 1.3350350125738637 0.3204084030177273 -0.19990414640812348
4.0 0.25 0.7574840960816741 1.6338953466243866 1.3201597303135684 0.3300399325783921 -0.19006827939051496
4.0 0.26 0.7662055344949253 1.5882237730236313 1.3051328331362022 0.3393345366154126 -0.1804224315697881
4.0 0.27 0.7752363977522599 1.542617551448003 1.289929114395848 0.348280860886879 -0.17096632651940835
4.0 0.28 0.7846084768223229 1.4970505702216133 1.274521024868373 0.3568658869631445 -0.16169984096431056
4.0 0.29 0.7943578847571241 1.4514952995077677 1.2588784214129771 0.3650747422097633 -0.1526230029424921
4.0 0.3 0.8045258414561237 1.405922533483157 1.2429681539999817 0.3728904461999945 -0.14373602002974184
4.0 0.31 0.8151596833012369 1.360300942436559 1.2267535066874211 0.38029358707310057 -0.13503933380921473
4.0 0.32 0.8263139451819833 1.3145971164807337 1.2101937838889611 0.3872620108444676 -0.1265335718293369
4.0 0.33 0.8380519666857136 1.268774784559377 1.193243426126366 0.3937703306217008 -0.11821961495992317
4.0 0.34 0.8504478083769417 1.222794272761291 1.1758511106148595 0.39978937760905225 -0.1100986059922382
4.0 0.35 0.8635884838762597 1.1766124377947005 1.1579589337637417 0.40528562681730956 -0.1021718104891941
4.0 0.36 0.8775773254013846 1.130181225986509 1.1395007266654502 0.41022026159956204 -0.09444153236249064
4.0 0.37 0.8925379855188895 1.0834470583738969 1.1204004941242203 0.4145481828259615 -0.0869093842207686
4.0 0.38 0.9086198980236356 1.0363495958130453 1.1005702188287179 0.4182166831549128 -0.07957810464949439
4.0 0.39 0.9260060190050797 0.9888194707862739 1.0799065875127043 0.4211635691299547 -0.07245076658119803
4.0 0.4 0.9449226250497903 0.940777196728386 1.058287708951098 0.42331508358043923 -0.0655310090079127
4.0 0.41 0.9656546474080124 0.8921285660818113 1.0355669106798964 0.4245824333787575 -0.05882315744947919
4.0 0.42 0.9885662564025526 0.8427616476052999 1.0115659861171626 0.4248577141692083 -0.052332382004393385
4.0 0.43 1.014132973279196 0.79253978951622 0.9860639840616788 0.4240075131465219 -0.046064826210873766
4.0 0.44 1.0429906623501306 0.7412926013424239 0.9587813545202204 0.42186379598889695 -0.040027943813842115
4.0 0.45 1.0760148294947238 0.6888016245411756 0.9293552213119415 0.41820984959037366 -0.03423076291448529
4.0 0.46 1.114455559356891 0.6347768620299363 0.8972991265592153 0.41275759821723906 -0.02868455709922596
4.0 0.47 1.160181686752042 0.5788168596663229 0.8619339638083112 0.40510896298990623 -0.023403454327592443
4.0 0.48 1.216162266656197 0.5203337374824084 0.8222586964069121 0.39468417427531777 -0.018405929594960846
4.0 0.481 1.222481346277765 0.5143250487236742 0.8180083917393255 0.39346203642661554 -0.017922661760671976
4.0 0.482 1.228970049142844 0.5082707560318317 0.8136894798188604 0.3921983292726907 -0.0174425023840053
4.0 0.483 1.2356218937262582 0.502180974251159 0.8093090654005048 0.39089627858844384 -0.016965479734559696
4.0 0.484 1.2424456365727374 0.4960535411276706 0.8048641892763058 0.389554267609732 -0.016491630676089386
4.0 0.485 1.249450675448778 0.48988619718711435 0.8003517222805292 0.38817058530605664 -0.016020982279998153
4.0 0.486 1.2566437203684877 0.48367912141402525 0.7957704986635101 0.3867444623504659 -0.015553570408464168
4.0 0.487 1.264035320369073 0.47742993504520265 0.7911171340592128 0.38527404428683665 -0.015089432897318789
4.0 0.488 1.2716368893620147 0.4711361137328309 0.7863880077446511 0.38375734777938975 -0.014628607575828734
4.0 0.489 1.2794583375097748 0.4647967104808082 0.7815807445096744 0.3821929840652308 -0.014171130976681212
4.0 0.49 1.2875104187917037 0.4584106198421181 0.7766927439223947 0.3805794445219734 -0.013717043853240851
4.0 0.491 1.295808216893752 0.4519742559544819 0.7717191378807206 0.37891409669943377 -0.013266390204758893
4.0 0.492 1.3043646433477143 0.44548617601672424 0.7666567819819557 0.3771951367351222 -0.012819212175748551
4.0 0.493 1.3131947660459202 0.43894409586441174 0.7615016643807059 0.375420320539688 -0.012375560043692502
4.0 0.494 1.3223156152812532 0.43234515611045465 0.7562491045583717 0.3735870576518356 -0.011935477489800228
4.0 0.495 1.3317437750947776 0.4256875450030726 0.7508951937311154 0.3716931208969021 -0.011499019514116804
4.0 0.496 1.3415007043564777 0.41896721682787286 0.7454338240394016 0.3697351767235432 -0.011066238133877193
4.0 0.497 1.3516076444629885 0.41218125027786795 0.7398596805046284 0.3677102612108003 -0.01063719254581419
4.0 0.498 1.36208825712184 0.40532628126538206 0.7341668168500693 0.36561507479133454 -0.010211937811127558
4.0 0.499 1.3729671243593744 0.3983995126262547 0.7283495593287417 0.3634464301050421 -0.00979053892466708
4.0 0.5 1.38427579466105 0.3913954102885952 0.7223993974732884 0.3611996987366442 -0.009373063211629007
