#1=α 2=ρ 3=Δ 4=ϕ 5=q0 6=δq 7=qh0 8=δqh 9=ρh
2.0 0.01 0.01 -0.010087881821795736 2.093547566424364 7.850953940702449 0.03396387460773974 0.12737305651681444 0.0012737305651681443
2.0 0.02 0.01 -0.01009214971843489 2.093362853995685 7.851763374050671 0.03394901003722857 0.12735992570852359 0.002547198514170472
2.0 0.03 0.01 -0.010099255716474104 2.093065382699045 7.851737917371776 0.033936294667135644 0.12736033863121243 0.0038208101589363727
2.0 0.04 0.01 -0.010109198869224761 2.092656220896162 7.850733983563071 0.03392697867916594 0.1273766251784458 0.005095065007137832
2.0 0.05 0.01 -0.010121979665452946 2.0921361660145377 7.848621632083287 0.03392219060465218 0.1274109068925223 0.006370545344626115
2.0 0.06 0.01 -0.010137620393408958 2.0915465364647416 7.84003377200262 0.03396905827456329 0.12755047096494393 0.0076530282578966356
2.0 0.07 0.01 -0.010156142754632391 2.0908871478708546 7.824936825075562 0.0340682596429424 0.12779655891858827 0.00894575912430118
2.0 0.01 0.02 -0.011787796604368628 2.1013570162676896 7.633046790894645 0.03606478332575158 0.13100928467946588 0.0013100928467946588
2.0 0.02 0.02 -0.011792260747097022 2.101208403684919 7.629560591472822 0.03609004247827784 0.13106914716918952 0.0026213829433837906
2.0 0.08 0.01 -0.010177545768672164 2.0901228704409225 7.807919848074612 0.03417978019974823 0.12807508522857008 0.010246006818285606
2.0 0.01 0.001 -0.008636230930708866 2.085493437946847 8.12491800207481 0.0315900293359861 0.12307816518820695 0.0012307816518820696
2.0 0.03 0.02 -0.011770450174149988 2.101034114150371 7.624151355092459 0.03612967133341047 0.13116213902706197 0.003934864170811859
2.0 0.02 0.001 -0.008640291316120291 2.085305202528913 8.125463720942594 0.03157839129548509 0.1230698990658954 0.002461397981317908
2.0 0.01 0.002 -0.008793537802821244 2.086468186707237 8.08794488561324 0.031894410945547895 0.12364080296575594 0.0012364080296575594
2.0 0.03 0.001 -0.008647055396780567 2.085006261868519 8.125184083891497 0.031568463194259225 0.12307413465038164 0.003692224039511449
2.0 0.02 0.002 -0.008797626420621873 2.0862774444365284 8.088801566004117 0.03188015505357221 0.12362770823836663 0.0024725541647673327
2.0 0.04 0.001 -0.008656520214854996 2.0845938762081984 8.12392027453565 0.031561431126766445 0.1230932808553637 0.004923731234214548
2.0 0.03 0.002 -0.00880443361215133 2.0859766901921573 8.08880702390619 0.03186787347207143 0.1236276248208833 0.003708828744626499
2.0 0.05 0.001 -0.00866868693642553 2.084069062945154 8.121535159174961 0.03155837024854668 0.12312943063114025 0.006156471531557013
2.0 0.04 0.02 -0.011810129576183048 2.1006088858937924 7.616238686395186 0.036185383948070596 0.13129840609988896 0.005251936243995559
2.0 0.04 0.002 -0.008813958332518745 2.085563838155167 8.087807180815494 0.03185874039368862 0.12364290810147258 0.004945716324058903
2.0 0.09 0.01 -0.010201846196513015 2.0892607363246025 7.788102291240327 0.03431170740074203 0.1284009842968743 0.011556088586718687
2.0 0.01 0.1 -0.027371480851379387 2.152935373554156 6.426185740340983 0.05213198631361668 0.15561330475127824 0.0015561330475127825
2.0 0.05 0.002 -0.008826208989824919 2.085035559115288 8.085660148066479 0.03185381540488 0.1236757397278353 0.006183786986391765
2.0 0.01 0.05 -0.01729008813096028 2.1226692447440123 7.068737017431827 0.042479384738176126 0.14146798749676986 0.0014146798749676986
2.0 0.02 0.1 -0.027377304023261634 2.152801241358331 6.42325252057313 0.05216908766971841 0.1556843665724001 0.003113687331448002
2.0 0.02 0.05 -0.017295109319586915 2.122526675453249 7.065536581282285 0.04250901149753037 0.14153206745106336 0.0028306413490212672
2.0 0.06 0.001 -0.008683585031386665 2.0834878870119606 8.11045378908116 0.03161910824428957 0.12329766323880269 0.007397859794328161
2.0 0.05 0.02 -0.011823544276682502 2.100154306609413 7.606834278642862 0.036251502247403894 0.13146073167488675 0.0065730365837443384
2.0 0.06 0.002 -0.008841181967781497 2.0844393077431973 8.076945214566324 0.03189659095791829 0.12380918446698824 0.0074285510680192944
2.0 0.03 0.1 -0.027387009100035997 2.1525690134189897 6.419250114921847 0.05221639325300045 0.155781435852679 0.00467344307558037
2.0 0.03 0.05 -0.017303477797972727 2.122280888016461 7.061133109652158 0.04254708931298191 0.1416203298353147 0.004248609895059441
2.0 0.04 0.1 -0.027400609978189105 2.1522536697431445 6.412636938259378 0.05229945639425889 0.15594208897649464 0.006237683559059785
2.0 0.1 0.01 -0.010229057171383255 2.088293509126687 7.766280910799703 0.034457256110802414 0.1287617601636597 0.01287617601636597
2.0 0.07 0.001 -0.008701221701369666 2.0828194570680427 8.094906247455228 0.03171064408340835 0.12353447580870588 0.008647413306609413
2.0 0.06 0.02 -0.011839959710506276 2.0996033054208434 7.594729645982194 0.03633852757985449 0.13167025642960517 0.00790021538577631
2.0 0.04 0.05 -0.017315205862316912 2.12194680571035 7.053805216427047 0.042614752896099 0.141767453072163 0.0056706981228865205
2.0 0.07 0.002 -0.008858923347725756 2.083771988753473 8.061434096180463 0.03198918177073929 0.12404740745493456 0.00868331852184542
2.0 0.05 0.1 -0.027418108435618593 2.1518413064088517 6.40482728189616 0.052395083855366634 0.1561322352636414 0.00780661176318207
2.0 0.05 0.05 -0.017330294778041294 2.121511024734501 7.045088172082548 0.042693361484518376 0.1419428650960939 0.007097143254804696
2.0 0.06 0.1 -0.02743951714896209 2.151334582668387 6.395536210701686 0.05250814619813305 0.15635905529339267 0.009381543317603559
2.0 0.07 0.02 -0.01185938596651187 2.098954595445324 7.580069247268194 0.03644531045104887 0.13192491616885865 0.009234744131820107
2.0 0.01 0.005 -0.009271584249838566 2.0892096857636577 7.993925973289543 0.032691962958320574 0.12509497878030695 0.0012509497878030696
2.0 0.08 0.001 -0.008721604588032034 2.082051850595639 8.076410648390201 0.03182128590355418 0.12381737922146407 0.009905390337717127
2.0 0.11 0.01 -0.010259196501196138 2.0872215441361006 7.74239566606164 0.034617270047439815 0.1291589894305511 0.01420748883736062
2.0 0.02 0.005 -0.009275741334379278 2.089023997895905 7.994714598834848 0.03267791467556193 0.12508263899073274 0.0025016527798146547
2.0 0.03 0.005 -0.009282663014305498 2.0887248359079975 7.994659098820367 0.03266586479061787 0.1250835073314824 0.003752505219944472
2.0 0.08 0.002 -0.008879427027048692 2.0830053363007357 8.043025881981675 0.032100739198446554 0.12433131692889886 0.00994650535431191
2.0 0.06 0.05 -0.01734875822819021 2.1209819802821044 7.033990804950717 0.04279525516987104 0.14216680512237412 0.008530008307342447
2.0 0.04 0.005 -0.009292348323351851 2.0883131412011005 7.993612611791731 0.03265702027962859 0.1250998826894433 0.005003995307577732
2.0 0.07 0.1 -0.02746485407836685 2.150741395925803 6.383943994230874 0.052652558878003144 0.15664297821279338 0.010965008474895538
2.0 0.05 0.005 -0.009304814065540207 2.0877452806839085 7.991363831812591 0.032652417400780426 0.1251350859560578 0.00625675429780289
2.0 0.08 0.02 -0.011881832735196746 2.098201500114627 7.563656626116513 0.03656426610466119 0.13221118427654488 0.01057689474212359
2.0 0.09 0.001 -0.008744744084371092 2.0811773828584275 8.055964784109355 0.031943345246117874 0.12413162505036414 0.011171846254532772
2.0 0.06 0.005 -0.009320032982655851 2.0871955187905025 7.982657024207913 0.0326977955815953 0.12527157273166525 0.007516294363899915
2.0 0.08 0.1 -0.027494131434469576 2.1500534043696162 6.370882317220883 0.05281477114137079 0.15696412995998044 0.012557130396798436
2.0 0.07 0.05 -0.017370604853978566 2.120352730002303 7.021289581719365 0.04291109086227482 0.14242397900858567 0.009969678530600998
2.0 0.12 0.01 -0.01029228401169982 2.0860453566758617 7.716335323371379 0.0347931081065406 0.12959519747297418 0.015551423696756902
2.0 0.09 0.002 -0.008902703475970886 2.082131796244129 8.022696244068722 0.032223648508643704 0.12464637443294854 0.011218173698965368
2.0 0.09 0.02 -0.011907315253883194 2.097345663924326 7.545258245022471 0.036697906710672495 0.13253356843812333 0.011928021159431099
2.0 0.09 0.1 -0.02752736905747913 2.1492722215260924 6.356174571783186 0.05299805936806066 0.1573273340287531 0.014159460062587777
2.0 0.07 0.005 -0.009338075641607047 2.0865319281174433 7.967197156811477 0.03279388064723063 0.12551465469196527 0.00878602582843757
2.0 0.08 0.05 -0.01739585240998648 2.1196312064601206 7.006061054824531 0.043052579759516554 0.14273355487123218 0.011418684389698576
2.0 0.1 0.002 -0.008928768726238268 2.0811531010604445 8.000171498159723 0.03236037975280413 0.12499732039869765 0.012499732039869767
2.0 0.1 0.001 -0.008703685448159526 2.080251570269048 8.032959456882956 0.03208277847899519 0.12448712151076036 0.012448712151076036
2.0 0.13 0.01 -0.010328341212214903 2.0847649970709163 7.68804853897127 0.03498565012946249 0.13007201956789533 0.016909362543826394
2.0 0.1 0.1 -0.027564591955424878 2.1484043537008892 6.339136460920436 0.053214456185442155 0.1577501929742022 0.01577501929742022
2.0 0.08 0.005 -0.009358924503429872 2.085762370605217 7.949750491567039 0.032902067119400746 0.1257901114079974 0.010063208912639792
2.0 0.1 0.02 -0.011935852914376238 2.096393798653494 7.5240146624285895 0.03685505102330712 0.13290776864026227 0.013290776864026228
2.0 0.09 0.05 -0.017424513127374835 2.1188087658444767 6.989268997616865 0.043208063508163225 0.14307647914838742 0.012876883123354867
2.0 0.11 0.002 -0.008957637484842962 2.0800666534379753 7.9761623155644035 0.03250540374428011 0.12537357697054824 0.013791093466760307
2.0 0.11 0.001 -0.008799358791279077 2.0791151571063367 8.008085164634757 0.03223192879524847 0.12487379684923834 0.013736117653416218
2.0 0.11 0.1 -0.027605819825652217 2.1474406637907815 6.32064486953096 0.05344959155880977 0.15821170476141744 0.017403287523755917
2.0 0.09 0.005 -0.009382596335646337 2.0848953254790863 7.929315070221668 0.03303104760920995 0.12611429753314676 0.011350286777983208
2.0 0.14 0.01 -0.010367391227575046 2.083379842224885 7.6575627087698255 0.03519510313869589 0.13058985450484784 0.0182825796306787
2.0 0.11 0.02 -0.011967457748095489 2.095330997730343 7.501719561843912 0.03701824108351871 0.1333027703523219 0.01466330473875541
2.0 0.1 0.05 -0.01745660487656736 2.1178836325912433 6.971025533349847 0.04337637798179547 0.1434509162555687 0.01434509162555687
2.0 0.12 0.1 -0.027651076587613677 2.146375596458372 6.301292115007754 0.05369365933955766 0.15869761022795711 0.019043713227354854
2.0 0.1 0.005 -0.009409103064633717 2.0839211653338805 7.906977166258942 0.03317197080720928 0.12647058148431883 0.012647058148431884
2.0 0.12 0.001 -0.008811931915456483 2.078100189255212 7.9803341728459145 0.03240443464346213 0.1253080357715627 0.015036964292587522
2.0 0.12 0.002 -0.008989344083087408 2.0788941755396113 7.945983217802009 0.032697788098206504 0.12584974981568317 0.01510196997788198
2.0 0.11 0.05 -0.01749215264325127 2.1168663100483833 6.950261774072237 0.04357140449362247 0.1438794728179121 0.01582674200997033
2.0 0.12 0.02 -0.012002157302169775 2.0941738152850053 7.476308951683325 0.03720845405681972 0.13375584214919922 0.016050701057903904
2.0 0.15 0.01 -0.010409459055418846 2.0818892182782065 7.624905429724073 0.0354217090551331 0.1311491675820283 0.019672375137304243
2.0 0.13 0.1 -0.027700397630959744 2.1452203751305503 6.279865601432767 0.05396799755107616 0.15923907667257203 0.020701079967434366
2.0 0.13 0.001 -0.008865210176431743 2.076633798547562 7.950778110814101 0.032583057038538574 0.12577385333391067 0.01635060093340839
2.0 0.11 0.005 -0.009438462904975992 2.0828388609802038 7.882418737867232 0.03332777568074702 0.126864612659562 0.01395510739255182
2.0 0.13 0.002 -0.009023881443084275 2.0775951449288703 7.917773339538828 0.03287059894873663 0.12629813422497457 0.016418757449246695
2.0 0.12 0.05 -0.017531176242031266 2.115748885362253 6.927694374500322 0.043784533227821415 0.14434816923807028 0.017321780308568433
2.0 0.14 0.1 -0.027754791041709165 2.1440018754145087 6.256054675514779 0.05427947080429506 0.15984515031715496 0.022378321044401697
2.0 0.13 0.02 -0.012039969153682717 2.09291109812662 7.449098022798669 0.037412979198008005 0.13424444099666905 0.017451777329566976
2.0 0.16 0.01 -0.01045457139191136 2.0802919903324657 7.5901577586409275 0.03566523768677587 0.13174956724207235 0.021079930758731574
2.0 0.12 0.005 -0.009470694550715197 2.0816577875558226 7.855774082501545 0.03349782934515999 0.12729490302266508 0.015275388362719808
2.0 0.14 0.001 -0.008902900380461043 2.075412957851689 7.919430275958555 0.032779001488650886 0.126271709599585 0.017678039343941902
2.0 0.15 0.1 -0.02781136071533702 2.1426320854110883 6.231451180457939 0.05459897940116547 0.16047626323961856 0.024071439485942783
2.0 0.13 0.05 -0.01757370097823388 2.114532030690115 6.9032577064683 0.04401707029545421 0.14485914368559755 0.01883168867912768
2.0 0.14 0.002 -0.009061290313381154 2.076193165512367 7.886348978845782 0.03306712262925461 0.12680138840956495 0.017752194377339096
2.0 0.14 0.02 -0.012080915659436892 2.0915380808534954 7.420606992719106 0.037626854150812745 0.13475986546399402 0.018866381164959162
2.0 0.17 0.01 -0.010502754929243519 2.0785823948892324 7.553950266734028 0.03592016545634742 0.13238106747985684 0.022504781471575665
2.0 0.13 0.005 -0.009505819855112396 2.0803692570027725 7.826714602077851 0.03368519046892035 0.12776753092983845 0.016609779020878998
2.0 0.16 0.1 -0.02787307263342642 2.1411934150588077 6.204950522617663 0.054948464504609176 0.16116163962225005 0.025785862339560008
2.0 0.15 0.001 -0.008942470365918831 2.0737315950165027 7.8838636731436 0.033001713180597164 0.12684136122324163 0.019026204183486245
2.0 0.14 0.05 -0.017619754303559276 2.1132156620026437 6.876910943584353 0.044270064838688825 0.14541412680833474 0.020357977753166865
2.0 0.15 0.02 -0.01212502992242448 2.0900704446834846 7.388898997789951 0.03787048397823841 0.13533816070555355 0.020300724105833032
2.0 0.15 0.002 -0.009101591995004238 2.074686517523358 7.852408834786768 0.033282123210945654 0.12734945684054605 0.019102418526081907
2.0 0.18 0.01 -0.010554044160843823 2.0767688772062933 7.515183233325677 0.03619762803665011 0.13306395452416298 0.023951511814349336
2.0 0.14 0.005 -0.009543860989045166 2.0789751598553874 7.795407828184192 0.033888924653732125 0.12828065215324763 0.01795929130145467
2.0 0.16 0.001 -0.00893385240512759 2.072169150426111 7.851177311130541 0.033201434804374735 0.12736943268142847 0.020379109229028556
2.0 0.17 0.1 -0.027938990420568632 2.1396583912349394 6.177155442757314 0.0553173623994795 0.16188681169946845 0.027520757988909638
2.0 0.15 0.05 -0.017669364725670628 2.1117972427338536 6.8489034423653585 0.04454081344071588 0.1460087747498798 0.02190131621248197
2.0 0.16 0.02 -0.01217233218790495 2.0884892461146967 7.356180850714962 0.038121599670225534 0.13594010537449036 0.021750416859918457
2.0 0.15 0.005 -0.009584842393000281 2.0774748708707076 7.761875694721894 0.03410932686929918 0.12883483829559444 0.019325225744339165
2.0 0.18 0.1 -0.028009162783315583 2.138031801862895 6.147458156378805 0.05571745469159235 0.16266885834145403 0.029280394501461724
2.0 0.17 0.001 -0.009031333851025114 2.070389842742104 7.809218589914505 0.03347588479289529 0.12805378521373262 0.021769143486334547
2.0 0.19 0.01 -0.010608469080901767 2.0748502081941855 7.47463296917801 0.0364908747374352 0.13378583324740434 0.025419308317006825
2.0 0.16 0.002 -0.00914481269645176 2.073075236056581 7.81590564916518 0.033516606572807944 0.12794422615718376 0.0204710761851494
2.0 0.16 0.05 -0.017722565387204764 2.110278972875944 6.818925034756787 0.04483398621771652 0.14665068099486261 0.02346410895917802
2.0 0.17 0.02 -0.012222857569275103 2.086805566057325 7.321069723551736 0.038395148876986626 0.13659206069066926 0.023220650317413775
2.0 0.19 0.1 -0.028083635352830982 2.136309528013016 6.116069588618647 0.0561458664193641 0.16350369882332494 0.03106570277643174
2.0 0.16 0.005 -0.009628789132231252 2.0758648084873235 7.726502662020058 0.03434345947414383 0.12942466258577004 0.020707946013723208
2.0 0.18 0.001 -0.009080190111511344 2.0685599757504227 7.768098989345222 0.033742899158415884 0.12873162421998058 0.023171692359596503
2.0 0.17 0.05 -0.01777938822532807 2.1086557455731127 6.787495107322396 0.045143296945166625 0.14732975629274386 0.02504605856976646
2.0 0.17 0.002 -0.009190978182593013 2.0713536627427502 7.777478304394863 0.03376560968011935 0.12857637924041837 0.021857984470871124
2.0 0.2 0.01 -0.010666068143616342 2.0728179960652344 7.431141087410229 0.036811836377946744 0.1345688351542929 0.026913767030858585
2.0 0.2 0.1 -0.028162457192501766 2.1344904184321294 6.083059963692992 0.05660231356004851 0.16439094895801515 0.03287818979160303
2.0 0.18 0.02 -0.012276636448729616 2.085014688566395 7.284055723447429 0.03868663120126592 0.13728615457745508 0.024711507823941912
2.0 0.17 0.005 -0.009675732390865277 2.074151713167562 7.688380907167958 0.03460007036699149 0.13006639656311636 0.022111287415729784
2.0 0.19 0.001 -0.009132026698392498 2.0665729692595156 7.727513404530997 0.03400303465968098 0.12940773411194006 0.024587469481268612
2.0 0.18 0.05 -0.017839872094450843 2.106932117947132 6.754055413222625 0.045476907472511485 0.14805919389442213 0.026650654900995982
2.0 0.18 0.002 -0.009240119138770958 2.069523823899875 7.73679532588063 0.03403260648104052 0.1292524821814614 0.023265446792663052
2.0 0.21 0.1 -0.02824567721305274 2.132566872153058 6.049087455542517 0.05707525544679652 0.16531419116510596 0.03471598014467225
2.0 0.21 0.01 -0.010726870465088967 2.0706703050482043 7.38682915545508 0.03714031351078044 0.1353760834256621 0.02842897751938904
2.0 0.19 0.02 -0.012328243504310804 2.0832026765186935 7.2464606043442314 0.03898412178846025 0.13799840426932053 0.026219696811170902
2.0 0.18 0.005 -0.009725699446044983 2.07231706285483 7.64831477099624 0.034872333071630034 0.13074775685124473 0.023534596233224053
2.0 0.19 0.05 -0.01790403509110247 2.105107787229401 6.718581170575445 0.045836029294504206 0.1488409493926454 0.028279780384602625
2.0 0.2 0.001 -0.009186901553817794 2.064561622362018 7.680390334303006 0.03432135420491597 0.13020171585989448 0.026040343171978897
2.0 0.22 0.1 -0.0283333558505639 2.130548644496959 6.013192141468119 0.05758396536669434 0.16630102223140508 0.03658622489090912
2.0 0.19 0.002 -0.009292264245901793 2.067578269977439 7.694699237621946 0.03431064502596497 0.12995959544600094 0.02469232313474018
2.0 0.2 0.02 -0.012394095063802762 2.081113713880736 7.203992148869797 0.03932970953461575 0.13881192251949992 0.027762384503899985
2.0 0.19 0.005 -0.009778720093849419 2.070389190502554 7.606965252651537 0.03515522051702916 0.1314584682309983 0.024977108963889678
2.0 0.2 0.05 -0.01797197666217229 2.1031731237963593 6.682048094262158 0.04620792614855446 0.1496547145266277 0.029930942905325542
2.0 0.23 0.1 -0.02842554650906426 2.128425120003309 5.97629477010714 0.05811175261859097 0.16732775715848308 0.03848538414645111
2.0 0.21 0.001 -0.009244826314707216 2.062392740203802 7.633333141447855 0.03463823263300367 0.1310043701053934 0.027510917722132613
2.0 0.2 0.002 -0.009347450683757863 2.0655259735596676 7.649984176284802 0.034611206852451004 0.13071922463578844 0.02614384492715769
2.0 0.22 0.01 -0.010790921117535629 2.068420308447395 7.339743466387649 0.037496779907913086 0.1362445437745201 0.029973799630394423
2.0 0.2 0.005 -0.009834832112742414 2.0683434485806136 7.563047776113768 0.03546074095124926 0.13222182770790913 0.02644436554158183
2.0 0.21 0.02 -0.012457847499688368 2.078997092710819 7.161373269817013 0.039678005154192536 0.13963802225121996 0.029323984672756192
2.0 0.24 0.1 -0.028522315430763473 2.126205431054129 5.937506729177232 0.058677206649001085 0.1684208617543026 0.04042100682103262
2.0 0.21 0.05 -0.01804207081001946 2.1011481621032586 6.644021311483387 0.04659962548932986 0.1505112571315238 0.03160736399762
2.0 0.22 0.001 -0.009305844583850115 2.060114758185846 7.584427936014703 0.03497202205051959 0.1318491003456561 0.029006802076044346
2.0 0.21 0.002 -0.009405712097638241 2.063362975381992 7.603088010561148 0.03493114703031355 0.1315255062957235 0.02762035632210193
2.0 0.23 0.01 -0.010858251805995894 2.0660411726814787 7.292300017030684 0.037856911103177376 0.13713094602040043 0.0315401175846921
2.0 0.25 0.1 -0.02862372182564263 2.1238786705171186 5.897783267055649 0.059262526164816295 0.16955523028217856 0.04238880757054464
2.0 0.21 0.005 -0.009894069606617484 2.066187013359545 7.517000482817618 0.03578579615090352 0.133031786054265 0.027936675071395647
2.0 0.22 0.02 -0.012525002033936833 2.0767690345945153 7.117094528298729 0.040044373523245275 0.14050677506443632 0.03091149051417599
2.0 0.22 0.05 -0.018119230628386968 2.0989957453272834 6.603019872087701 0.04703215119713821 0.1514458564977522 0.03331808842950548
2.0 0.23 0.001 -0.00936999452506071 2.0577175424409813 7.533763094177038 0.03532245944627947 0.1327357905338058 0.030529231822775334
2.0 0.26 0.1 -0.028729837331802732 2.1214508253638007 5.856394972521295 0.05988363830786954 0.17075351042613848 0.04439591271079601
2.0 0.22 0.002 -0.009467084973882572 2.0610872952795156 7.554163435491036 0.035269845071035234 0.13237733185673364 0.029123013008481403
2.0 0.24 0.01 -0.010928913187211897 2.063556575686157 7.24206981541235 0.03824688877616046 0.13808207121558408 0.03313969709174018
2.0 0.22 0.005 -0.0099564670121568 2.0639118660573303 7.46967544676857 0.0361228405920854 0.13387462509266135 0.029452417520385497
2.0 0.23 0.05 -0.018198627854560973 2.096743369615167 6.5614380402815184 0.04747331360224211 0.1524056150284237 0.035053291456537454
2.0 0.23 0.02 -0.012595601907072512 2.0744309462971335 7.070834897227141 0.04043328255427471 0.14142601468352123 0.032527983377209885
2.0 0.24 0.001 -0.00943731861404526 2.0552081715601296 7.480711008242272 0.03569641078701458 0.1336771329487527 0.032082511907700645
2.0 0.27 0.1 -0.028840729960538436 2.1189177899566345 5.813830274483644 0.06053195595280802 0.1720036452369286 0.04644098421397073
2.0 0.23 0.002 -0.009531605435181861 2.0586922664800245 7.503997641576252 0.035620546214673865 0.13326230201079128 0.030650329462481998
2.0 0.23 0.005 -0.010022067536077567 2.061527124531581 7.419888138835444 0.03648418146726584 0.13477292127438334 0.03099777189310817
2.0 0.25 0.01 -0.011002946468766012 2.060959061600676 7.189843211021181 0.03865951635388942 0.13908509137822617 0.03477127284455654
2.0 0.24 0.05 -0.018281968144988864 2.0943871377492007 6.517781979190413 0.04794529393275003 0.15342642684163732 0.03682234244199296
2.0 0.24 0.02 -0.012669691631633812 2.0719823495823926 7.0225497951754825 0.04084625579004114 0.14239842068289835 0.0341756209638956
2.0 0.25 0.001 -0.009507854915221686 2.0525757420201387 7.426451353120401 0.03608335613996809 0.13465381410999563 0.03366345352749891
2.0 0.28 0.1 -0.028956476351519045 2.116282680612778 5.769616070513336 0.06121887563566039 0.17332175794342375 0.048530092224158654
2.0 0.24 0.005 -0.010090908098038698 2.059021817860563 7.368809318077587 0.03685903771628288 0.13570713487547337 0.03256971237011361
2.0 0.26 0.01 -0.011080394172955949 2.058235811481744 7.136509413973974 0.039085900913328836 0.1401245261502638 0.03643237679906859
2.0 0.24 0.002 -0.009599317930328172 2.056183693062462 7.451363477681586 0.035995718097487486 0.13420362635579544 0.0322088703253909
2.0 0.25 0.05 -0.018369286752832475 2.09191589285483 6.47311896662506 0.048433279796258936 0.15448503343688394 0.038621258359220985
2.0 0.25 0.02 -0.012747313838153085 2.0694135152790616 6.973198202725488 0.0412728670550897 0.14340622063619934 0.035851555159049836
2.0 0.26 0.001 -0.009581651364065746 2.0498292886472074 7.369805311076333 0.036495713480530295 0.13568879472257778 0.03527908662787022
2.0 0.29 0.1 -0.02907714877984338 2.1135351015072046 5.724606042958044 0.06192755852040606 0.17468450972798744 0.050658507821116354
2.0 0.25 0.005 -0.010163035443239182 2.056404535263097 7.31532538338433 0.03725950362219073 0.13669931924987927 0.03417482981246982
2.0 0.26 0.05 -0.018460643939027882 2.0893388325658866 6.426434108233737 0.04895363381936875 0.1556072906308602 0.040457895564023655
2.0 0.27 0.01 -0.011161308227612937 2.055399549014277 7.080939176133382 0.039539517870938165 0.14122420418050532 0.03813053512873644
2.0 0.25 0.002 -0.009670261525683538 2.0535559546385276 7.397245981676607 0.03638675645745629 0.1351854463778893 0.03379636159447232
2.0 0.26 0.02 -0.012828520502931318 2.066731906010209 6.921849887665197 0.041725072240644145 0.1444700500919573 0.0375622130239089
2.0 0.3 0.1 -0.029202829647527517 2.110678172554116 5.678445476506104 0.06266690265436065 0.17610453497130185 0.052831360491390554
2.0 0.27 0.001 -0.009658713848133438 2.046957454485223 7.311984911804068 0.036922339850331526 0.1367617701707309 0.03692567794609735
2.0 0.26 0.005 -0.01023849139419411 2.0536673566473485 7.260222569365728 0.03767854329852927 0.13773682424275357 0.035811574303115934
2.0 0.27 0.05 -0.018556093042326638 2.0866444917381552 6.378764323039869 0.049491572448480806 0.15677017512436314 0.042327947283578055
2.0 0.31 0.1 -0.0293336062111636 2.107717667955636 5.630555991303813 0.0634516439061995 0.17760235428694135 0.055056729828951816
2.0 0.28 0.01 -0.011245733250208556 2.0524358037899324 7.024446377471768 0.04000652429705709 0.142359973478781 0.03986079257405868
2.0 0.27 0.02 -0.01291336037835436 2.063932542137647 6.868925405820267 0.042198863832730964 0.1455831794523008 0.03930745845212121
2.0 0.26 0.002 -0.009744481832901275 2.05081026608208 7.341170538569396 0.03679917953083993 0.13621805878860213 0.035416695285036555
2.0 0.28 0.001 -0.009739216134285189 2.043965628881473 7.251837527888051 0.03737587926724048 0.13789608442747744 0.03861090363969369
2.0 0.32 0.1 -0.02946955953338587 2.104640551407026 5.581946010696123 0.06426063157957201 0.17914899178239996 0.05732767737036799
2.0 0.28 0.05 -0.018655699143778265 2.0838417652431547 6.329137920507331 0.050063468601519806 0.15799940095472623 0.04423983226732335
2.0 0.27 0.005 -0.01031732225873988 2.050809067849499 7.203571763912142 0.038116283401189444 0.13882002328479842 0.03748140628689558
2.0 0.29 0.01 -0.011333726485950685 2.0493573825613183 6.965495800340229 0.040505627729199925 0.14356479835235203 0.041633791522182086
2.0 0.28 0.02 -0.01300188735334415 2.0610176966946705 6.814059979953721 0.0426999212617184 0.1467553856205991 0.041091507973767746
2.0 0.27 0.002 -0.009822023660890772 2.0479434282356115 7.283428480123753 0.03723101957044701 0.13729797755671913 0.03707045394031417
2.0 0.29 0.001 -0.009823048886219155 2.0408485835477364 7.1906116410772976 0.03784455135827285 0.13907022794658674 0.04033036610451015
2.0 0.33 0.1 -0.0296107852780135 2.101456050811791 5.531755382019818 0.06511553495732998 0.18077444336211204 0.05965556630949698
2.0 0.29 0.05 -0.01875952040763737 2.080918702226404 6.278601087859653 0.050653895926168035 0.15927114750666466 0.04618863277693275
2.0 0.28 0.005 -0.010399576623196627 2.0478285912650023 7.145393187554488 0.03857340484024872 0.13995031116576667 0.03918608712641467
2.0 0.3 0.01 -0.011425335163307154 2.0461482981324792 6.905651698394653 0.041019695878867383 0.14480892516378557 0.04344267754913567
2.0 0.28 0.002 -0.009902934353246323 2.044953423977676 7.224077733071546 0.037682605885693665 0.13842597449111588 0.03875927285751245
2.0 0.34 0.1 -0.029757371751415712 2.098151432699276 5.480913413703005 0.06599614688031119 0.18245134059222104 0.06203345580135516
2.0 0.3 0.001 -0.009910350719383176 2.0376110327326047 7.126958281614682 0.038343680110814 0.1403123128389409 0.042093693851682275
2.0 0.29 0.02 -0.013094153138006881 2.057979791231366 6.757924204916908 0.0432209260324152 0.1479744326330892 0.042912585463595866
2.0 0.3 0.05 -0.01886762405911782 2.0778777534691875 6.226780302590768 0.051269913846880025 0.16059664086493164 0.04817899225947949
2.0 0.29 0.005 -0.010485306747173018 2.044728555195814 7.0851038824986565 0.03905735948063015 0.14114119095277636 0.04093094537630514
2.0 0.35 0.1 -0.029909416080687395 2.094903395891983 5.429837659400995 0.06689937354337942 0.1841675686691372 0.06445864903419801
2.0 0.31 0.01 -0.011520616130864803 2.0428115048983733 6.844421446480949 0.041555461388184944 0.14610438702808823 0.04529235997870735
2.0 0.29 0.002 -0.009987264031247112 2.0418410450714006 7.162886118560692 0.038157433256664125 0.13960852978086152 0.04048647363644984
2.0 0.31 0.001 -0.01000115149235939 2.034236106422376 7.06273894928755 0.038854199316280966 0.1415881299281031 0.04389232027771196
2.0 0.3 0.02 -0.013190212332350987 2.0548129316749804 6.700945819216933 0.04375714670166879 0.14923266460865955 0.04476979938259786
2.0 0.31 0.05 -0.01898008131192061 2.074724795089523 6.173039411340444 0.051923666009707097 0.1619947538586758 0.05021837369618949
2.0 0.3 0.005 -0.010574560510561437 2.0414982136267845 7.023745877082064 0.03955765857564403 0.14237417148916537 0.04271225144674961
2.0 0.36 0.1 -0.03006702878660933 2.091194843552389 5.375791513482317 0.0678772871409883 0.18601911876456356 0.06696688275524287
2.0 0.32 0.01 -0.011619630145136117 2.0393549861830205 6.780818774463812 0.04212648787356514 0.1474748158387516 0.047191941068400516
2.0 0.3 0.002 -0.0100750628010082 2.0386027121233696 7.100109531217197 0.038653889934368545 0.14084289764873056 0.04225286929461917
2.0 0.32 0.001 -0.010095511104101479 2.030736715506154 6.996355285201779 0.03939482352521033 0.14293156354068137 0.04573810033301804
2.0 0.32 0.05 -0.01909695306927628 2.071406561299973 6.119695938488325 0.0525759918510615 0.16340681139249835 0.052290179645599476
2.0 0.31 0.02 -0.013290129303560105 2.0515299616927525 6.641685285468866 0.04432876986232022 0.15056419523337977 0.046674900522347726
2.0 0.37 0.1 -0.03023030276471647 2.08753601419203 5.321812011748199 0.0688742970572903 0.1879059233570152 0.06952519164209563
2.0 0.31 0.005 -0.010667395473450636 2.03814616161435 6.96025575673941 0.0400875165574425 0.14367288142130835 0.044538593240605585
2.0 0.33 0.01 -0.011722436438697692 2.035860065248265 6.7178706181342305 0.04269818785612217 0.1488566923722226 0.04912270848283346
2.0 0.31 0.002 -0.01016638153726579 2.0352317004319618 7.03621394227286 0.039167805000404614 0.14212188660042036 0.04405778484613031
2.0 0.33 0.001 -0.010193480682415629 2.02709978350394 6.9290275743786065 0.03995298740572477 0.14432039550509074 0.04762573051667995
2.0 0.32 0.02 -0.013393958709855297 2.0481222995990485 6.581509326471428 0.044918976715809876 0.15194083156243648 0.048621066099979675
2.0 0.33 0.05 -0.019218328495005044 2.0680486583661706 6.062387148160901 0.05330648625883902 0.16495152413737915 0.05443400296533512
2.0 0.38 0.1 -0.030399350216645 2.083755496231771 5.266818964074976 0.06991343556997823 0.1898679272671056 0.07214981236150013
2.0 0.32 0.005 -0.010650926571349695 2.0347256865370964 6.898143629831251 0.040608398421008315 0.14496653790672998 0.046389292130153595
2.0 0.34 0.01 -0.01182907382652637 2.0320630911565427 6.650584955744877 0.04332920976690896 0.1503627134536767 0.05112332257425008
2.0 0.32 0.002 -0.0102612776643137 2.031734763171372 6.97037587964255 0.03970957081594135 0.1434642861829829 0.04590857157855453
2.0 0.34 0.001 -0.010295122274158769 2.0233261310449717 6.859452474697947 0.04054498327049154 0.14578423040157218 0.049566638336534546
2.0 0.39 0.1 -0.030574279918462538 2.079845906875068 5.211234478681463 0.0709853226107675 0.1918931117167881 0.07483831356954736
2.0 0.34 0.05 -0.019344268306583007 2.064525436995176 6.005199620763933 0.05404310921690732 0.16652235781510757 0.05661760165713658
2.0 0.33 0.02 -0.013501764412132466 2.0445776235878435 6.520058866432966 0.04553339115055123 0.1533728483876536 0.050613039967925696
2.0 0.33 0.005 -0.010864020258513407 2.031041915010896 6.829788158050359 0.041206998586642105 0.14641742567392624 0.048317750472395664
2.0 0.35 0.01 -0.011941964321156184 2.028095522936362 6.58521021439205 0.0439431755007629 0.15185544082017138 0.053149404287059984
2.0 0.4 0.1 -0.030755209721303495 2.075811091056228 5.154655312830029 0.07210301475805145 0.19399939264823043 0.07759975705929217
2.0 0.33 0.002 -0.01035980506727388 2.0281048818051803 6.903140097728035 0.04027429667197673 0.14486161164962022 0.04780433184437467
2.0 0.35 0.001 -0.010400488150833914 2.019425907911006 6.789365253393625 0.041152101800973284 0.14728917397692748 0.05155121089192462
2.0 0.35 0.05 -0.019474853972919287 2.060873379979521 5.947051530701447 0.05480674800037408 0.16815055239349022 0.05885269333772157
2.0 0.34 0.02 -0.01361361230345115 2.040902805827128 6.456784553507945 0.04618133178892455 0.15487585062083326 0.052657789211083314
2.0 0.34 0.005 -0.010967927529572818 2.0272913903081458 6.7622446190114465 0.041805751070926905 0.14787989141779778 0.05027916308205125
2.0 0.36 0.01 -0.012054159785575919 2.0241686223062274 6.515779418527741 0.04462493465968212 0.15347358094359076 0.055250489139692674
2.0 0.41 0.1 -0.030942260524377402 2.071652738544369 5.096722378332492 0.07327957766928495 0.19620452631504182 0.08044385578916714
2.0 0.36 0.001 -0.010509640013127708 2.0153725611813007 6.718251329926658 0.041780806476563084 0.14884825691850334 0.0535853724906612
2.0 0.36 0.05 -0.019610169570233565 2.0570987049503686 5.887241692457759 0.055612236867274095 0.16985883241062044 0.06114917966782336
2.0 0.34 0.002 -0.010462020041236586 2.0243395648704 6.8348115654799395 0.040859550487666 0.1463098127021707 0.04974533631873804
2.0 0.35 0.02 -0.013729565653807757 2.0370976620664445 6.392498021423862 0.04685288302140306 0.15643336871573416 0.05475167905050695
2.0 0.35 0.005 -0.011075641963735727 2.0234006578071195 6.693711451666704 0.04242535125740582 0.14939395090760965 0.052287882817663375
2.0 0.42 0.1 -0.03113554971278326 2.0673589994575754 5.038392236047573 0.0744900325881505 0.19847601241630644 0.0833599252148487
2.0 0.37 0.01 -0.012172730276642701 2.020030553498048 6.4464473667253985 0.04531474574028464 0.1551242014573323 0.05739595453921295
2.0 0.37 0.05 -0.01975029141156409 2.0531847743489253 5.827031600750872 0.056437179623063306 0.17161396548306687 0.06349716722873475
2.0 0.37 0.001 -0.010622645888409277 2.0111841973482942 6.644453831371214 0.04245382910361314 0.1505014596201401 0.05568554005945184
2.0 0.36 0.02 -0.01384970485607978 2.0331596015885247 6.32657243632947 0.04755864905773828 0.15806347118664726 0.05690284962719301
2.0 0.35 0.002 -0.010567984886353687 2.0204375266006944 6.764513890876453 0.04147713278461805 0.1478302825793198 0.051740598902761926
2.0 0.36 0.005 -0.011187227647716097 2.0193737378564527 6.623532534071672 0.04307551332621092 0.15097683824393807 0.0543516617678177
2.0 0.43 0.1 -0.031335209788725116 2.0629308637475785 4.979332247895012 0.07574614132192325 0.2008301415160125 0.08635696085188538
2.0 0.38 0.01 -0.0122944332623387 2.015754004391469 6.375326007944693 0.04604167929490087 0.15685472378257007 0.059604795037376625
2.0 0.38 0.05 -0.01989530993545824 2.0491409889098335 5.765432105745849 0.05730231968589092 0.1734475372632342 0.065910064160029
2.0 0.37 0.02 -0.013974064733902919 2.0290804212510785 6.260009138391766 0.048285041615887675 0.1597441757500223 0.059105345027508256
2.0 0.36 0.002 -0.010677756009264544 2.0163941408335537 6.693275113898358 0.04211600480439594 0.14940368996988246 0.053785328389157686
2.0 0.38 0.001 -0.01073955734436613 2.0068477827717963 6.57079658053772 0.04313681346252312 0.15218854940083462 0.057831648772317154
2.0 0.37 0.005 -0.01130274525632452 2.015203112114349 6.552236572131049 0.04375085444494731 0.15261964200947037 0.05646926754350404
2.0 0.44 0.1 -0.03154137123827397 2.058364668450254 4.919539684529658 0.07705043510788945 0.20327105057098588 0.08943926225123379
2.0 0.39 0.01 -0.012422272522851996 2.0113265518798324 6.303594373870573 0.04679029620719696 0.15863964917304374 0.06186946317748706
2.0 0.39 0.05 -0.020045313203491066 2.0451283498897768 5.702688492585173 0.05821002956889226 0.17535588719254674 0.06838879600509323
2.0 0.38 0.02 -0.014102748114576874 2.024856286886671 6.192482828179743 0.04903809835341409 0.16148611594841455 0.06136472406039753
2.0 0.37 0.002 -0.010791393782306175 2.0122013317956697 6.621402007568219 0.04277314162538995 0.15102541710305561 0.05587940432813058
2.0 0.39 0.001 -0.010860443910759715 2.0023576244536003 6.495759750914229 0.04385027230864372 0.15394658028404723 0.06003916631077842
2.0 0.38 0.005 -0.011422258157338855 2.0108842468422843 6.479999093079568 0.0444502736172299 0.15432100925260436 0.058641983515989655
2.0 0.45 0.1 -0.03175416916446194 2.053660456187016 4.858834345721647 0.07841152113893643 0.20581067985586518 0.09261480593513934
2.0 0.4 0.01 -0.01255337842998444 2.0067457281999164 6.230861393385413 0.047567565218131186 0.16049145324618916 0.06419658129847566
2.0 0.4 0.05 -0.020200382167394615 2.0406378262707703 5.639528235189658 0.0591315980813031 0.17731979667380277 0.07092791866952111
2.0 0.4 0.001 -0.010985370025589719 1.9977144972801415 6.4196649645133945 0.044591626610173934 0.15577136899321026 0.0623085475972841
2.0 0.38 0.002 -0.010908915356977744 2.007873327177672 6.547317824224105 0.04347067004861589 0.15273429927292492 0.05803903372371147
2.0 0.39 0.02 -0.014235821825338307 2.0204959511784426 6.123127533620356 0.04983360520841275 0.16331523302581624 0.06369294088006834
2.0 0.39 0.005 -0.011545833948741313 2.0064200942073063 6.40628042201602 0.045182766027805986 0.156096819702642 0.060877759684030384
2.0 0.46 0.1 -0.03197373946842055 2.048812431558272 4.7974141118450735 0.079826108641842 0.20844562855871587 0.09588498913700931
2.0 0.41 0.01 -0.012688804840846973 2.0020190299634093 6.156529654069996 0.04838471705463751 0.16242916970909316 0.06659595958072818
2.0 0.39 0.002 -0.011030479032091006 2.0034743751934116 6.48237540732846 0.04405811293283789 0.15426443813628554 0.060163130873151366
2.0 0.41 0.05 -0.020360620536063717 2.036178725839559 5.574789647043223 0.060108820351554626 0.17937896554184488 0.0735453758721564
2.0 0.41 0.001 -0.011114367183262974 1.9929128434548329 6.342524901418814 0.04536218516170851 0.15766591626251264 0.06464302566763018
2.0 0.4 0.02 -0.01437335944969878 2.0159933002615653 6.053187406341087 0.0506533489979037 0.1652022203958923 0.06608088815835693
2.0 0.4 0.005 -0.011673536878664292 2.0018023331140458 6.331585325543322 0.04594286676552304 0.15793832801490182 0.06317533120596074
2.0 0.47 0.1 -0.03220022075132989 2.0438127505086965 4.735588327885814 0.08128642053858298 0.21116700413155343 0.09924849194183011
2.0 0.42 0.01 -0.012828230019296727 1.997253865126021 6.092361489101865 0.04905731377754946 0.16413996473925907 0.06893878519048881
2.0 0.42 0.05 -0.02052611535424753 2.031569895458448 5.5094825942704935 0.06111700411763352 0.18150524716058375 0.07623220380744518
2.0 0.4 0.002 -0.011156163216811538 1.9987526372548963 6.396708048131471 0.04493763883869881 0.15633041127961247 0.062532164511845
2.0 0.42 0.001 -0.011247600591372253 1.9879566319787723 6.263798147717604 0.046171757625301464 0.15964754553343627 0.06705196912404324
2.0 0.41 0.02 -0.014515448057822039 2.0113419731791393 5.9822721788949025 0.051505073867090995 0.16716056543330476 0.06853583182765495
2.0 0.48 0.1 -0.03243375829695419 2.0386599651980255 4.673221436157918 0.08279958248236381 0.2139851521399655 0.10271287302718343
2.0 0.41 0.005 -0.011805432902852547 1.9970337597365313 6.256121405624344 0.04672912408789792 0.15984344534953965 0.06553581259331125
2.0 0.43 0.01 -0.012972891863330338 1.9920731620026533 6.0061727498257875 0.05009612452973479 0.16649537761447264 0.07159301237422323
2.0 0.43 0.05 -0.020696964153995634 2.02681069526852 5.443418867616528 0.06216201175059338 0.18370807470817746 0.07899447212451631
2.0 0.41 0.002 -0.011285915787515532 1.9939542259709075 6.320237499618132 0.04570874574283379 0.15822190227193517 0.06487097993149342
2.0 0.49 0.1 -0.032674500144865004 2.0333511860449685 4.610269606080282 0.08437008368363907 0.216907054346918 0.10628445662998982
2.0 0.42 0.005 -0.01194160626919713 1.992158836695541 6.181825987429943 0.04751433053756443 0.16176450162676675 0.06794109068324203
2.0 0.43 0.001 -0.011385037213829108 1.9828293340254377 6.184663249327349 0.04700461534364746 0.16169029091580067 0.06952682509379429
2.0 0.42 0.02 -0.014662166242694896 2.0065369672179036 5.910380606730294 0.0523905184265574 0.16919384157109538 0.07106141345986006
2.0 0.44 0.01 -0.01312170034141985 1.9868533422975831 5.929592037907238 0.0510025652332923 0.1686456662797556 0.07420409316309247
2.0 0.44 0.05 -0.020873265719242112 2.0218983859166335 5.376556710103237 0.06324680828068432 0.1859926443481703 0.08183676351319494
2.0 0.5 0.1 -0.032922596783533736 2.0278814380070123 4.546798510322548 0.08599859927906543 0.21993497132756396 0.10996748566378198
2.0 0.42 0.002 -0.011419863852735551 1.989002173675599 6.242120854885467 0.04651983339921631 0.1602019607193825 0.06728482350214064
2.0 0.43 0.005 -0.012082093925846887 1.9869998467373233 6.101875081712614 0.048400764870108096 0.1638840498385506 0.07047014143057675
2.0 0.44 0.001 -0.011526777111161374 1.9775314154687982 6.104680036096518 0.04786877802153319 0.16380874903960152 0.07207584957742467
2.0 0.43 0.02 -0.014813592999945446 2.0015733732491476 5.837641371413593 0.053309183235155905 0.17130206129086833 0.07365988635507338
2.0 0.45 0.01 -0.013275115628177264 1.9814622319020643 5.85224828006492 0.051942307935923235 0.17087450021667686 0.07689352509750459
2.0 0.45 0.05 -0.021055123490083538 2.0168359883799636 5.308429642148928 0.0643851310406919 0.18837962776411324 0.08477083249385096
2.0 0.51 0.1 -0.033178202124634876 2.0222460602822303 4.482835131966304 0.08768723372406395 0.22307311568725266 0.11376728900049886
2.0 0.44 0.005 -0.012226997883169777 1.9817328339921596 6.023557847620133 0.049282599441794556 0.1660148412777497 0.07304653016220987
2.0 0.45 0.001 -0.011672887093102463 1.972057919237683 6.023879436587941 0.04876545039093637 0.16600597846068815 0.07470269030730967
2.0 0.43 0.002 -0.011558070860337805 1.9838835718410754 6.163208230723327 0.04736019863858913 0.16225315818716673 0.06976885802048169
2.0 0.44 0.02 -0.014969812851384295 1.9964649378338235 5.763488497947066 0.054274062579794266 0.17350602857213931 0.0763426525717413
2.0 0.46 0.01 -0.013433213912153241 1.9759000186538538 5.773586578548969 0.052927462519310034 0.17320256419387103 0.07967317952918068
2.0 0.52 0.1 -0.033441472999749394 2.016439961755327 4.41841179112493 0.08943794271126373 0.22632566797161283 0.11768934734523867
2.0 0.46 0.05 -0.02124263361072437 2.0116064601317154 5.240022794546128 0.06555528523259478 0.19083886448753823 0.08778587766426758
2.0 0.45 0.005 -0.012376371012480514 1.9762974376342726 5.944166433144345 0.05020212507366452 0.16823216699048918 0.07570447514572014
2.0 0.44 0.002 -0.0117006028322299 1.9785898039285836 6.083803522158225 0.04822645950089542 0.16437085720435146 0.07232317716991464
2.0 0.46 0.001 -0.011823435269872534 1.9664084559920447 5.94195630932835 0.04970165039749786 0.16829474131778582 0.07741558100618148
2.0 0.45 0.02 -0.015130899163668637 1.9911638693608693 5.688977028850075 0.05526629795599912 0.17577852660131627 0.07910033697059232
2.0 0.53 0.1 -0.033712548791467956 2.0104918921222854 4.355631576826299 0.091167777048742 0.22958782954012907 0.12168154965626841
2.0 0.47 0.01 -0.013596061238247942 1.9701461471439103 5.6950409005705085 0.05393332943219989 0.17559136404091913 0.08252794109923199
2.0 0.47 0.05 -0.021435901760155557 2.0062105032373627 5.170980110935292 0.066767947410729 0.19338693604434049 0.09089185994084002
2.0 0.46 0.005 -0.012530288573680742 1.970679645392827 5.864208798573437 0.051152475131809885 0.17052598813385805 0.07844195454157471
2.0 0.45 0.002 -0.011847529327994794 1.9731231548686343 6.00344324705469 0.049127574219770036 0.16657107577232505 0.07495698409754628
2.0 0.47 0.001 -0.011978484316171073 1.9605684827816894 5.8596315284125575 0.05066708060174565 0.17065919506220414 0.08020982167923595
2.0 0.54 0.1 -0.033991654930207976 2.0042989999977534 4.2880002493077 0.09314755082967735 0.2332089416649289 0.12593282849906162
2.0 0.48 0.01 -0.01376373742669268 1.9642127173115906 5.6151853729416485 0.05498876778528209 0.17808851063382192 0.08548248510423452
2.0 0.46 0.02 -0.015227655968864745 1.9856643648150845 5.6135042453077295 0.0562990752804444 0.17814184443449735 0.08194524843986878
2.0 0.48 0.05 -0.021635032755021905 2.000643690988404 5.101309632431056 0.0680251778903938 0.19602809318662057 0.09409348472957788
2.0 0.47 0.005 -0.01268881347175993 1.9649093078916757 5.786092299540285 0.05209284588464336 0.17282821431650022 0.0812292607287551
2.0 0.46 0.002 -0.011998916772355733 1.967475779941676 5.922348155467607 0.05006173756605534 0.16885194415272325 0.0776718943102527
2.0 0.48 0.001 -0.01213810163652218 1.9545394413114432 5.776397757068953 0.05167234908160052 0.17311827233092375 0.0830967707188434
2.0 0.55 0.1 -0.03427888732005854 1.9979413851532808 4.222659400857135 0.09508470742910063 0.23681758462380728 0.13024967154309403
2.0 0.49 0.05 -0.021840132123919942 1.994901404827937 5.031075890159969 0.06932761128247854 0.19876464236125918 0.09739467475701699
2.0 0.47 0.02 -0.015467908578032569 1.9800625983171025 5.537834361079868 0.05736223436118447 0.18057600404736585 0.08487072190226194
2.0 0.49 0.01 -0.013936309243562817 1.9580817516822164 5.534979783905543 0.05607721908628104 0.18066913322931577 0.08852787528236472
2.0 0.48 0.005 -0.012852025491517927 1.9588841968603588 5.702208448098435 0.0531592977137616 0.17537064965302673 0.08417791183345283
2.0 0.47 0.002 -0.012154831868137622 1.9616430078050577 5.840492364054646 0.05103119501246793 0.17121844147156282 0.08047266749163452
2.0 0.56 0.1 -0.034574439385479466 1.9913927989804812 4.156750475696891 0.09710250097944731 0.2405725351681946 0.134720619694189
2.0 0.49 0.001 -0.012302348698275567 1.9483096463745795 5.692695034371828 0.052711494861785946 0.1756637223603437 0.08607522395656841
2.0 0.5 0.05 -0.022051318054610802 1.9890006404715534 4.95998965353841 0.07068678035314452 0.2016133237871997 0.10080666189359985
2.0 0.48 0.02 -0.015644203120875083 1.974239884471693 5.461252248220387 0.058468524399637845 0.18310818738062531 0.08789192994270015
2.0 0.5 0.01 -0.014113848020486042 1.9517498208139132 5.454210346379369 0.057204731011357396 0.1833445973831616 0.0916722986915808
2.0 0.49 0.005 -0.013019979518341995 1.9526946039622117 5.620227437927255 0.05421841152865148 0.17792874239424034 0.08718508377317777
2.0 0.48 0.002 -0.012315324548614615 1.9557001369213243 5.760805931687293 0.051987408213449465 0.17358682306923473 0.08332167507323267
2.0 0.57 0.1 -0.034878477046044576 1.9846423747325923 4.090500465133188 0.09919454491452909 0.24446886353487787 0.13934725221488037
2.0 0.5 0.001 -0.012470543576311804 1.941874186768472 5.608444639201539 0.05378772672418515 0.17830255344062157 0.08915127672031078
2.0 0.51 0.05 -0.022268725762145447 1.9829248163194801 4.888366490843888 0.07209640373983733 0.2045673134109403 0.10432932983957956
2.0 0.49 0.02 -0.015825592735274868 1.9682307398875596 5.38402300427387 0.05961599294457385 0.18573471903931205 0.0910100123292629
2.0 0.51 0.01 -0.014296421965570155 1.9452101837675833 5.372892541103334 0.0583729973115923 0.18611948635671915 0.09492093804192676
2.0 0.5 0.005 -0.013192744336601725 1.9463014303974604 5.537655990371248 0.055316040024350144 0.18058182049205973 0.09029091024602987
2.0 0.49 0.002 -0.012480482157513545 1.9492937081392445 5.678294843040243 0.053009707366780234 0.17610920666186913 0.08629351126431588
2.0 0.58 0.1 -0.03519116849775031 1.9776815556540948 4.02397287271338 0.10136149336965015 0.24851062162496543 0.14413616054247994
2.0 0.51 0.001 -0.012644976871556246 1.9352238177854642 5.523655679021145 0.054902701723519125 0.1810395249287536 0.09233015771366435
2.0 0.52 0.05 -0.0224924682557123 1.9766585389555842 4.816211737033147 0.07355864054718378 0.20763206740076046 0.10796867504839544
2.0 0.5 0.02 -0.016012264821350902 1.9620331959965644 5.305786753916892 0.060815264365633045 0.1884734623497203 0.09423673117486014
2.0 0.52 0.01 -0.014484096603004731 1.9384547986228184 5.291064476158861 0.0595832524583383 0.18899788587077795 0.09827890065280454
2.0 0.51 0.005 -0.013370384526714879 1.9397022688251373 5.454167803078948 0.05646111650456631 0.1833460274976298 0.0935064740237912
2.0 0.59 0.1 -0.035512682654695954 1.9705019209626489 3.9571879959441127 0.10360604271000409 0.2527046986458419 0.1490957722010467
2.0 0.5 0.002 -0.012650392190059229 1.9429759717751598 5.590422910302146 0.05417032835094637 0.17887734363659313 0.08943867181829657
2.0 0.52 0.001 -0.012823472718823947 1.9283532825368646 5.438347656483888 0.05605809748694905 0.18387938086447023 0.09561727804952452
2.0 0.53 0.05 -0.022722659329792394 1.9702016126479718 4.743156241517752 0.07508831092521676 0.21083007792296807 0.11173994129917308
2.0 0.51 0.02 -0.01620430109067253 1.9556570545102634 5.2262396727508476 0.062077434930448615 0.19134216236081014 0.09758450280401318
2.0 0.53 0.01 -0.014676934203512154 1.9314755699632704 5.208763379236466 0.06083677095638659 0.19198414809669978 0.10175159849125089
2.0 0.6 0.1 -0.03584318788765323 1.9630940094214557 3.8901811694552233 0.10593008886128698 0.25705743677229276 0.15423446206337565
2.0 0.52 0.005 -0.013552953553139263 1.932802699323784 5.3708398227245935 0.05763042663201538 0.18619062064910105 0.09681912273753256
2.0 0.51 0.002 -0.012825073113718055 1.936581941753114 5.506164650314489 0.05529686268660367 0.1816146198866182 0.09262345614217528
2.0 0.53 0.001 -0.013006756761651167 1.9212528118490937 5.352609356180207 0.05725404429179995 0.18682476778272344 0.09901712692484343
2.0 0.54 0.05 -0.02295940018644821 1.9635803209725993 4.670595620398342 0.07664549370465785 0.21410545490870664 0.11561694565070159
2.0 0.52 0.02 -0.01640176170496674 1.9490135434213003 5.148775195494533 0.0633202852155341 0.19422094809558904 0.10099489300970631
2.0 0.54 0.01 -0.014874992985077634 1.924263366531803 5.1260232620019845 0.06213488556741724 0.19508300077620927 0.10534482041915301
2.0 0.61 0.1 -0.03618285129340415 1.9554474530474961 3.8229902942775325 0.10833526173732247 0.26157534365097823 0.1595609596270967
2.0 0.53 0.005 -0.013740516849371304 1.9258304248684863 5.286294559867001 0.0588633284073964 0.1891684219778247 0.10025926364824711
2.0 0.52 0.002 -0.013004556543839751 1.9294770428062618 5.421109509337645 0.05645341170272033 0.1844640840177716 0.09592132368924124
2.0 0.55 0.05 -0.023202811614991492 1.9566500529908801 4.59670523503107 0.07828554735211177 0.21754712318272912 0.11965091775050102
2.0 0.54 0.001 -0.013195083694845428 1.9139075443814317 5.266663375933926 0.05848736638852596 0.18987353635880938 0.10253170963375707
2.0 0.53 0.02 -0.016604746764693173 1.9421904637912168 5.06908622622631 0.06465263274755689 0.19727421380725885 0.1045553333178472
2.0 0.62 0.1 -0.03653183836807333 1.9475522446494198 3.75559258768485 0.11082668222456629 0.26626956376449074 0.16508712953398424
2.0 0.55 0.01 -0.01507833065674044 1.9168185591973967 5.042554618000076 0.06348746959439044 0.19831218018548885 0.10907169910201887
2.0 0.54 0.005 -0.013933117844096538 1.9185435910828186 5.2017032577057005 0.06012863554738913 0.19224472263361425 0.1038121502221517
2.0 0.56 0.05 -0.023452996442920537 1.9495543276992462 4.52284050135831 0.07997396528574943 0.221099992294594 0.12381599568497266
2.0 0.53 0.002 -0.013188944111320627 1.922385416118194 5.335891441411637 0.05765315227378105 0.18741010962836324 0.09932735810303252
2.0 0.55 0.001 -0.013388314580327021 1.9064243210332374 5.180535259581276 0.05976330477700985 0.19303024685538503 0.10616663577046177
2.0 0.63 0.1 -0.03689031024881953 1.9393954543677645 3.688054207488103 0.11340424233911602 0.271145689228112 0.17082178421371055
2.0 0.54 0.02 -0.016813317625639507 1.9351382072586616 4.989270236117307 0.06602459556795982 0.20043011355869322 0.10823226132169435
2.0 0.56 0.01 -0.015286992372346098 1.9091110277801162 4.959288101896879 0.06487257442266003 0.20164184444487301 0.1129194328891289
2.0 0.55 0.005 -0.014130805238027871 1.9110116076737007 5.11693959042892 0.06143326814774368 0.19542931518489481 0.10748612335169215
2.0 0.57 0.05 -0.023710067615117875 1.9422282368695447 4.448747147540424 0.08171893985082096 0.22478238632934427 0.12812596020772624
2.0 0.56 0.001 -0.013586473479997668 1.8984659041457688 5.09305442842644 0.06109925116200452 0.19634583019937646 0.10995366491165083
2.0 0.54 0.002 -0.013378270904674444 1.915060650376598 5.249967455416916 0.058901796938799725 0.19047737123935887 0.1028577804692538
2.0 0.64 0.1 -0.03725843708361562 1.930987119395374 3.6204081774934713 0.11607124978732533 0.2762119493090785 0.17677564755781025
2.0 0.55 0.02 -0.017028072420876922 1.92786747955763 4.909588883419144 0.06743126581086772 0.20368304225578626 0.11202567324068245
2.0 0.56 0.005 -0.014333637720568976 1.9032393281839952 5.031381861520238 0.06279485172284902 0.19875255496863617 0.11130143078243626
2.0 0.57 0.01 -0.015501041680069633 1.901174764936923 4.875186558095857 0.06632075230777032 0.20512035551529303 0.11691860264371702
2.0 0.65 0.1 -0.03765652830595906 1.922284254936168 3.5567180771765656 0.11855773821636847 0.281158072779789 0.18275274730686286
2.0 0.58 0.05 -0.023974129756960588 1.9346655535997817 4.374171238225123 0.08353286523428659 0.22861473534944715 0.13259654650267935
2.0 0.57 0.001 -0.01378966399752396 1.8903412623880445 5.005711311432593 0.06247484366509956 0.19977180819758628 0.11386993067262417
2.0 0.55 0.002 -0.01357257667455522 1.907481082217246 5.1640118199638945 0.06018599745945971 0.19364789138050265 0.10650634025927647
2.0 0.56 0.02 -0.01724749356147573 1.9203206885405493 4.8285960050599375 0.06891260137149169 0.20709953761964955 0.11597574106700376
2.0 0.58 0.01 -0.015720534470869296 1.892965621721065 4.790870684018762 0.0678169942770111 0.20873032606281133 0.12106358911643056
2.0 0.57 0.005 -0.014541649256038763 1.8951954675121154 4.945657633217291 0.064199741549692 0.2021975790001201 0.11525262003006843
2.0 0.66 0.1 -0.03802439456908571 1.9132366307610487 3.484787662527134 0.12167882513376863 0.28696153018253334 0.18939460992047202
2.0 0.59 0.05 -0.024245279177214252 1.9268519121723857 4.299349680181028 0.08540992712054761 0.23259331628914956 0.13723005661059823
2.0 0.58 0.001 -0.013997873866424537 1.8819248984011756 4.9183442789332865 0.06389077477938265 0.2033204556832863 0.11792586429630604
2.0 0.56 0.002 -0.013771901364664108 1.8996484462313385 5.0772385201504395 0.06152637330509909 0.19695745945974777 0.11029617729745876
2.0 0.57 0.02 -0.017473221501151187 1.9125340714141248 4.747818289869268 0.07043073688507141 0.21062305651708824 0.12005514221474028
2.0 0.67 0.1 -0.0384225165795494 1.9040169500952129 3.4166148287372344 0.12465389600032244 0.2926873675045178 0.19610053622802692
2.0 0.58 0.005 -0.014754864473876694 1.8868684014611 4.859710542139027 0.0656511163344271 0.20577357258810003 0.11934867210109801
2.0 0.59 0.01 -0.01594550059834743 1.8844758460562863 4.705835944165318 0.06937834019136344 0.21250209566695205 0.1253762364435017
2.0 0.6 0.05 -0.024523607725833008 1.9187746371381553 4.224413604649891 0.08734749721689725 0.2367192452224094 0.14203154713344562
2.0 0.59 0.001 -0.014211110251598214 1.8732108362493531 4.83048460897793 0.06536119765781925 0.20701856665507262 0.12214095432649284
2.0 0.57 0.002 -0.013976266889986877 1.8915354831679616 4.990566761249397 0.06290254532010943 0.20037804278359123 0.11421548438664698
2.0 0.58 0.02 -0.017704782029722588 1.9044843470912252 4.666538321196962 0.07200783383164851 0.21429160786222815 0.12428913256009232
2.0 0.68 0.1 -0.03883083685249575 1.8943762614512953 3.348526189039248 0.12771103327387903 0.2986388469271366 0.20307441591045292
2.0 0.59 0.005 -0.014973297939071067 1.8782475757179378 4.773446875618789 0.0671535740019055 0.20949222355603747 0.1236004118980621
2.0 0.6 0.01 -0.016175946225017973 1.8756683150974662 4.621338654450584 0.07096898299835398 0.21638751772431764 0.1298325106345906
2.0 0.61 0.05 -0.024809205204034568 1.9104245930656936 4.149212340151626 0.08935454782075741 0.24100959845392164 0.1470158550568922
2.0 0.6 0.001 -0.014429361392318457 1.8641760940691925 4.74252068089687 0.06687752853206684 0.21085833194740805 0.12651499916844483
2.0 0.58 0.002 -0.014185693473685035 1.8831381571288859 4.903496718015924 0.06432873652436391 0.2039361006046772 0.11828293835071277
2.0 0.59 0.02 -0.017942215983071857 1.8961534935550508 4.585080204981547 0.07363632227618905 0.2180986929985502 0.12867822886914462
2.0 0.69 0.1 -0.03924965427789637 1.884373700119186 3.280389247764553 0.1308688570048419 0.3048418722508184 0.21034089185306468
2.0 0.6 0.005 -0.01519695297483653 1.8693168458399851 4.686902890220713 0.06870819012642251 0.21336051192494593 0.12801630715496756
2.0 0.62 0.05 -0.02510214841521749 1.9017853607177124 4.073817254270054 0.0914308596879739 0.2454700192925517 0.15219141196138206
2.0 0.61 0.01 -0.016411879257866635 1.866544137796213 4.536251014703095 0.07262489693532197 0.2204463546569086 0.13447227634071424
2.0 0.61 0.001 -0.014652601899702133 1.854806153505071 4.654300277230459 0.06844571936609375 0.21485506745066518 0.13106159114490576
2.0 0.59 0.002 -0.014400187765121836 1.8744557572930474 4.815893191081594 0.06581154346963386 0.2076458011676566 0.12251102268891739
2.0 0.6 0.02 -0.018185556584055795 1.8875292234481118 4.503358360732202 0.07532107535095961 0.2220565009259911 0.13323390055559467
2.0 0.7 0.1 -0.039678869114400245 1.8739929859887543 3.2123052033898425 0.13412208209880405 0.3113029231919595 0.21791204623437166
2.0 0.61 0.005 -0.015425814229800133 1.8600555781635406 4.600201108957008 0.07031311350794242 0.21738180055930806 0.13260289834117792
2.0 0.63 0.05 -0.025402503159662332 1.892841294073589 3.998254793020604 0.09357796952894051 0.25010912304678795 0.15756874751947642
2.0 0.62 0.01 -0.01665328045768935 1.857085980351186 4.450996992133738 0.07433537743022177 0.22466876561977092 0.13929463468425798
2.0 0.62 0.001 -0.014880784429489424 1.8450770331901847 4.566065993216778 0.07005995154972257 0.21900690911729537 0.13578428365272313
2.0 0.6 0.002 -0.014619737087113449 1.8654269171578575 4.728592507597151 0.06732802847519231 0.2114794198048064 0.12688765188288384
2.0 0.71 0.1 -0.04011863741527061 1.8632211135634722 3.1438848360619116 0.13750702978524154 0.3180778088718474 0.22583524429901164
2.0 0.61 0.02 -0.018434822705279075 1.8785924594692396 4.421576301716153 0.07705710955742423 0.22616368728316832 0.13795984924273266
2.0 0.64 0.05 -0.025710318897283313 1.8835672741265461 3.9229050128037444 0.09577943178006917 0.25491313114545405 0.1631444039330906
2.0 0.62 0.005 -0.01565984944379986 1.8504441204457747 4.513372857631081 0.07196885858362359 0.22156379088185207 0.13736955034674828
2.0 0.63 0.01 -0.016900114158662716 1.8472654246732652 4.365575378299035 0.07610171698258031 0.22906487996311525 0.1443108743767626
2.0 0.63 0.001 -0.01511384280836256 1.834967920495698 4.477637945794564 0.07172679900210771 0.22333203624451337 0.14069918283404342
2.0 0.61 0.002 -0.01484433141220648 1.8560835354946024 4.640840094951876 0.06890264177128108 0.21547822798026606 0.1314417190679623
2.0 0.72 0.1 -0.04056899416726975 1.8520045424315457 3.0755794096928226 0.14098508698537704 0.3251419868556983 0.23410223053610277
2.0 0.62 0.02 -0.01869002158507435 1.869330686701337 4.339499850800407 0.07885456252511651 0.23044130300305304 0.14287360786189288
2.0 0.65 0.05 -0.026025638737098344 1.8739594902636467 3.847081026624505 0.09807137231478194 0.2599373377059898 0.1689592695088934
2.0 0.63 0.005 -0.015899003382768728 1.8404607005448954 4.426444713080033 0.07367581724688732 0.22591494185955266 0.1423264133715182
2.0 0.64 0.01 -0.01715232096231445 1.8370622313980096 4.280012485737326 0.07792459510480619 0.23364417821966427 0.14953227406058514
2.0 0.64 0.001 -0.015351685663436754 1.8244592191499964 4.388998275435292 0.07344841167463564 0.22784242263135135 0.14581915048406488
2.0 0.73 0.1 -0.04102993863837662 1.8403133206435969 3.0072761997995427 0.14456603541383517 0.3325268227995345 0.24274458064366017
2.0 0.62 0.002 -0.015073927350740784 1.8463820942493891 4.553197975688061 0.07051946119498925 0.2196258553525523 0.13616803031858243
2.0 0.63 0.02 -0.01895114039855364 1.8597225060375975 4.257265400362749 0.08071052701255638 0.2348925674013166 0.14798231746282944
2.0 0.66 0.05 -0.026348477563841205 1.8639900639668319 3.77111154285459 0.10044031452181514 0.2651738058225235 0.17501471184286552
2.0 0.64 0.005 -0.016143297649488658 1.8301032192406277 4.341132645987911 0.07537652467936065 0.23035462897550557 0.14742696254432358
2.0 0.65 0.01 -0.01740981379919626 1.826449796478446 4.1943612442483245 0.07980312800498428 0.23841532518718733 0.15496996137167177
2.0 0.74 0.1 -0.04150146522869347 1.8281871102755816 2.93862401525977 0.14829314617192596 0.3402953201250557 0.2518185368925412
2.0 0.65 0.001 -0.01559418283229505 1.8135089313083868 4.300671256583907 0.07520685466699105 0.23252184143791454 0.15113919693464445
2.0 0.63 0.002 -0.015308466851748387 1.8363149583337333 4.464768830233592 0.07220845559841169 0.2239757617972084 0.1411047299322413
2.0 0.64 0.02 -0.01921818222043692 1.849806617318542 4.1746491540209085 0.0826389589162263 0.23954108791078338 0.15330629626290138
2.0 0.67 0.05 -0.026678829728560505 1.8536348641727804 3.6950273972827996 0.10288665208295554 0.2706339879199182 0.18132477190634522
2.0 0.65 0.005 -0.01639235409240522 1.8193365208784098 4.251755079982744 0.07726967805728495 0.23519699069873481 0.15287804395417764
2.0 0.66 0.01 -0.017672474206132716 1.815401999483748 4.108513890899275 0.08174237476865985 0.24339701083038548 0.16064202714805442
2.0 0.75 0.1 -0.04198366111611693 1.8155784055604405 2.869720660394261 0.15215947354076442 0.34846597224644627 0.2613494791848347
2.0 0.66 0.001 -0.01584117964953058 1.8021028938060457 4.21182588122111 0.07703174531364398 0.2374267190053156 0.1567016345435083
2.0 0.65 0.02 -0.01949115402821222 1.839510964310836 4.092172470932588 0.08461850570995917 0.24436897689507803 0.1588398349818007
2.0 0.64 0.002 -0.015547850085565973 1.8258326333525998 4.376898773046568 0.0739267462964423 0.22847227040253065 0.14622225305761963
2.0 0.68 0.05 -0.027016665358639086 1.8428783666327513 3.6185350579173106 0.10542995860658677 0.2763549292722789 0.18792135190514966
2.0 0.66 0.005 -0.016646372495186385 1.8081454931932572 4.16424226002124 0.07915070248557363 0.24013972712406492 0.15849221990188286
2.0 0.67 0.01 -0.017940143577703044 1.803884701346009 4.022547644679867 0.08373981522137855 0.24859867137250147 0.166561109819576
2.0 0.76 0.1 -0.042476404682560864 1.802374792403937 2.8007093185468936 0.15614215414524613 0.35705240575228103 0.2713598283717336
2.0 0.67 0.001 -0.016092465165451375 1.7902115997496544 4.1227833549989015 0.07891301787143815 0.2425545836133964 0.1625115710209756
2.0 0.66 0.02 -0.019769987520127902 1.8288120524854647 4.0092011539911026 0.08667653258458663 0.24942624767143806 0.16462132346314912
2.0 0.65 0.002 -0.01579196282997003 1.8149290495148274 4.288442441545818 0.07571360138027294 0.2331848948961382 0.15157018168248984
2.0 0.69 0.05 -0.02736190747920228 1.8316570962467222 3.5425487307020305 0.10801551702304493 0.28228263773292656 0.1947750200357193
2.0 0.67 0.005 -0.01690507691720808 1.796471018826737 4.076537971957453 0.08109025727753623 0.24530619041917684 0.1643551475808485
2.0 0.77 0.1 -0.04297954129808279 1.7886273978427008 2.7315530522133797 0.16025548423790895 0.36609210250911994 0.28189091893202234
2.0 0.68 0.01 -0.018212617267315934 1.7918593782401215 3.9365252601598235 0.08579243350286059 0.25403114013280836 0.1727411752903097
2.0 0.67 0.02 -0.020054571963627893 1.81767354959116 3.926084271600972 0.08879987810841264 0.25470670796177836 0.1706534943343915
2.0 0.66 0.002 -0.01604066074309432 1.8035913833709458 4.1999071231678675 0.07755396188315582 0.2381005033382093 0.15714633220321816
2.0 0.7 0.05 -0.027714459063788693 1.8199697050771724 3.46618224758605 0.11069779268840926 0.2885018526352528 0.20195129684467694
2.0 0.68 0.001 -0.01634779863599617 1.7777804250116764 4.033601004428679 0.08084729645382856 0.24791743132304195 0.16858385329966855
2.0 0.68 0.005 -0.017165106118293416 1.7842799671568643 3.98861508023997 0.08308981024594778 0.2507135885220181 0.1704852401949723
2.0 0.78 0.1 -0.04349300743004819 1.7741203945653121 2.6623743128861364 0.16445843974170032 0.37560458541081476 0.29297157662043555
2.0 0.69 0.01 -0.018489689560161338 1.7793661738983666 3.8503481495106056 0.08790895606010175 0.25971677395642884 0.1792045740299359
2.0 0.68 0.02 -0.02034475930666646 1.8060613150999167 3.842860957677275 0.09098723583421178 0.26022279000290083 0.17695149720197256
2.0 0.71 0.05 -0.02807417102560794 1.8077994316042685 3.3895996413962712 0.11346989842275829 0.2950200925759102 0.20946426572889626
2.0 0.67 0.002 -0.01629377594075554 1.7918099405035435 4.110293896164792 0.07948792066200369 0.24329160523851445 0.1630053755098047
2.0 0.69 0.001 -0.016606853464486454 1.7648087630267495 3.944383265927447 0.08283169841351692 0.25352505894603244 0.17493229067276236
2.0 0.7 0.01 -0.01877114805871849 1.766235666769114 3.766693232453229 0.08995190682547258 0.2654848532352354 0.18583939726466478
2.0 0.69 0.005 -0.017435579250215355 1.7715246590851723 3.900623533777723 0.08514204682669538 0.2563692679748327 0.17689479490263457
2.0 0.79 0.1 -0.04401642864228636 1.7590578381299384 2.5929030752005833 0.16881349561627665 0.385668099037077 0.30467779823929086
2.0 0.69 0.02 -0.02064035479712556 1.793938690922636 3.7594791621930974 0.09324099300128462 0.26599429252233137 0.18353606184040863
2.0 0.72 0.05 -0.028440850194432127 1.795038490987785 3.3131315884602808 0.11630290536290783 0.3018292432099663 0.21731705511117572
2.0 0.68 0.002 -0.01655103979590017 1.7794062587189687 4.022167416308492 0.08140808746990598 0.24862217220132293 0.1690630770968996
2.0 0.7 0.001 -0.016869255838350167 1.7511385846587122 3.854687646249193 0.08487590718420793 0.2594243922651037 0.1815970745855726
2.0 0.7 0.005 -0.017706722851600992 1.7579972351914006 3.8137549056425835 0.08717917362747993 0.2622087744863901 0.18354614214047305
2.0 0.8 0.1 -0.04454924400382115 1.7430033668323148 2.5230464989319947 0.17327117843865353 0.3963462426963989 0.31707699415711915
2.0 0.71 0.01 -0.019056575448371166 1.7526168533402278 3.676512693556646 0.09236815514558294 0.27199688491558105 0.19311778829006254
2.0 0.7 0.02 -0.020941104281695044 1.7812565902067805 3.676156590447724 0.09554864799574347 0.2720232327965683 0.1904162629575978
2.0 0.73 0.05 -0.028814218755249393 1.7816832102827367 3.2365399730201667 0.11921340724436028 0.3089719293863234 0.22554950845201607
2.0 0.69 0.002 -0.016812158077317174 1.76646471221612 3.9331683102059345 0.08341178499392263 0.2542479551167851 0.17543108903058172
2.0 0.81 0.1 -0.04509070302208468 1.725949031387324 2.452803149132859 0.17782675668233255 0.40769680206645637 0.33023440967382967
2.0 0.71 0.001 -0.017134555607113966 1.7368235857037777 3.7647724701077707 0.08697375832475271 0.26562030187480995 0.18859041433111506
2.0 0.71 0.005 -0.017981276028837145 1.7441121342582828 3.723943239556325 0.08941694532456206 0.2685325569353042 0.19065811542406597
2.0 0.72 0.01 -0.01934552121393565 1.7382094352084863 3.5894963089524903 0.09467274426270264 0.2785906193874389 0.200585245958956
2.0 0.74 0.05 -0.029193910488544722 1.7676645144469079 3.1595647620464016 0.12221605827184473 0.31649928876669564 0.23420947368735476
2.0 0.71 0.02 -0.02124669368511714 1.7679837708942625 3.5923278600089437 0.09793889603952914 0.2783710281938215 0.19764343001761325
2.0 0.82 0.1 -0.0456397999612356 1.7077397923780893 2.382247917048851 0.18243535003321945 0.4197715917152772 0.3442127052065273
2.0 0.7 0.002 -0.017076750554567893 1.7529207717641133 3.843966144599417 0.08547064833892658 0.26014797279235946 0.18210358095465162
2.0 0.72 0.005 -0.01825873463721145 1.7294382463377336 3.6351330872295837 0.09164678361295472 0.2750930917806155 0.19806702608204313
2.0 0.72 0.001 -0.017402156905192506 1.721729450116794 3.6749028819686353 0.08910309982922404 0.27211603465948 0.19592354495482558
2.0 0.73 0.01 -0.019637386560443615 1.723027214984596 3.5019811796330345 0.09704334791441063 0.28555264825974536 0.2084534332296141
2.0 0.75 0.05 -0.029579449735962604 1.7529175777018458 3.0823098987757764 0.12529874728330942 0.32443201132928823 0.24332400849696617
2.0 0.72 0.02 -0.021556732632491554 1.7540575606261408 3.5083765005914334 0.10038891121164975 0.28503212235956504 0.20522312809888682
2.0 0.83 0.1 -0.04619521340854077 1.6882116568748855 2.310780205755578 0.18714734747708087 0.4327542695359987 0.3591860437148789
2.0 0.73 0.005 -0.018538582785055185 1.7140234305610271 3.54621607531411 0.09392147331349143 0.28199071313256735 0.20585322058677416
2.0 0.71 0.002 -0.017344429997928734 1.7387306901828783 3.7544709810036254 0.08758698249501526 0.266349108851731 0.189107867284729
2.0 0.73 0.001 -0.017671423133867437 1.7058725978836013 3.5841227906215467 0.09131079133565656 0.2790082981020255 0.2036760576144786
2.0 0.74 0.01 -0.019931434899650102 1.7069704503509433 3.414181199360117 0.0994601463635349 0.29289599514736336 0.21674303640904888
2.0 0.76 0.05 -0.029970405619864277 1.7375145830260366 3.004440272697207 0.1284987369934637 0.33284069884413436 0.2529589311215421
2.0 0.84 0.1 -0.04675517006124194 1.6671122336173332 2.238362176193428 0.19190844977868177 0.44675522604684376 0.37527438987934875
2.0 0.73 0.02 -0.02187072719966579 1.7394485390144285 3.423963496556327 0.10291686446247451 0.29205918842468864 0.2132032075500227
2.0 0.72 0.002 -0.017607182493452972 1.7237729815066283 3.6657653427670076 0.08969993546804816 0.27279432983159146 0.19641191747874584
2.0 0.74 0.005 -0.018819986723669163 1.6976042047077804 3.455907452078059 0.0962886772757389 0.2893596005873056 0.21412610443460614
2.0 0.74 0.001 -0.01794152302615612 1.6890596631228916 3.492838479120794 0.09356287607852036 0.28630009832338904 0.21186207275930788
2.0 0.75 0.01 -0.020226763911857792 1.6899326987674395 3.3260343106014822 0.1019147812093055 0.30065835364733784 0.22549376523550338
2.0 0.85 0.1 -0.047317326564434214 1.6442738959963659 2.164914985144568 0.1966720804708265 0.46191190271299376 0.3926251173060447
2.0 0.77 0.05 -0.03036575532430094 1.721201459859592 2.9264253767167023 0.13174988406610072 0.3417138219058052 0.26311964286746997
2.0 0.74 0.02 -0.022188043002972363 1.7239333314922727 3.339796108103741 0.10546066229563376 0.29941947580979034 0.22157041209924486
2.0 0.73 0.002 -0.017886697495671344 1.7079945216327392 3.574238131406123 0.09198263236698438 0.2797799036424568 0.20423932965899347
2.0 0.75 0.005 -0.019102006684980605 1.6802038875589338 3.365694771131199 0.09866822271013692 0.29711547481291756 0.22283660610968817
2.0 0.75 0.001 -0.018211428726105705 1.6712457467327206 3.401010858187283 0.09585525566683716 0.2940302285694535 0.22052267142709012
2.0 0.76 0.01 -0.020522257071397265 1.6717951822674006 3.2369728334727728 0.1044279347439366 0.3089306124720096 0.2347872654787273
2.0 0.86 0.1 -0.047879551721986435 1.6197572103533782 2.08980961940864 0.20153329397325503 0.47851248779444944 0.4115207395032265
2.0 0.78 0.05 -0.03076576069231879 1.703878242297882 2.8476527874389914 0.13509201713687197 0.35116640779065633 0.27390979807671195
2.0 0.75 0.02 -0.02250791132114746 1.7075638513431861 3.254839099914077 0.1080863013135414 0.3072348491900563 0.2304261368925422
2.0 0.74 0.002 -0.018159780452137564 1.6913656020441332 3.483107132167884 0.09427648158877536 0.28709998345000676 0.212453987753005
2.0 0.76 0.005 -0.01938346348130593 1.66172837290952 3.2755936623286845 0.10104170505828056 0.30528817157653193 0.23201901039816428
2.0 0.77 0.01 -0.02081662576082083 1.652563559748427 3.146757716057304 0.10701419484273125 0.317787414930991 0.24469630949686308
2.0 0.76 0.001 -0.01848000359533461 1.6523236859362997 3.307699833289344 0.09823011165587306 0.30232489355164655 0.22976691909925137
2.0 0.87 0.1 -0.04843821585555086 1.592531097781735 2.01241130088447 0.20633889421425594 0.49691631107442724 0.4323171906347517
2.0 0.79 0.05 -0.031168157828882465 1.6854919833053104 2.7682763025827355 0.13850228328163178 0.36123561765385337 0.28537613794654415
2.0 0.76 0.02 -0.02282936131178992 1.6901985275781886 3.169403786730333 0.110760099166018 0.31551675560772735 0.23979273426187278
2.0 0.75 0.002 -0.01843298362543641 1.6737487280710108 3.3934099574285117 0.09650251172905489 0.29468882703396937 0.22101662027547703
2.0 0.77 0.005 -0.01966275131956144 1.6418810642670887 3.1822635468231653 0.10358463991879313 0.31424172928678207 0.2419661315508222
2.0 0.88 0.1 -0.04898753021234212 1.5616631028073256 1.931901428543161 0.2109356425796946 0.5176247531190532 0.45550978274476683
2.0 0.78 0.01 -0.021108345482727636 1.6319018430264838 3.0556046553566527 0.10962113717369062 0.32726746840332954 0.25526862535459705
2.0 0.77 0.001 -0.018745662099312277 1.6320709121227353 3.213640704199509 0.10062186036330101 0.31117355424743776 0.23960363677052707
2.0 0.8 0.05 -0.03157193810747494 1.665767735697625 2.6879931546618194 0.14196873674345084 0.37202475693276515 0.29761980554621215
2.0 0.77 0.02 -0.023151396519297485 1.6718528022717072 3.0830400643524896 0.11351261022593756 0.32435517512809986 0.2497534848486369
2.0 0.78 0.005 -0.019938359550580875 1.620651050604458 3.0908717558253223 0.10595617310160227 0.3235333197229274 0.25235598938388343
2.0 0.76 0.002 -0.018705099300670547 1.6548806988005473 3.2988842723840106 0.09899077355873903 0.3031327920082896 0.23038092192630008
2.0 0.89 0.1 -0.04951880781806561 1.5258360666244128 1.8460770471595742 0.2152981122991345 0.5416892006423177 0.4821033885716628
2.0 0.78 0.001 -0.019006632798538398 1.6102607970011873 3.1184570761753108 0.10302149353671738 0.3206714011361248 0.25012369288617736
2.0 0.79 0.01 -0.021395229002204502 1.6095216625400832 2.9628327309586155 0.1122555540362565 0.33751483489128764 0.2666367195641173
2.0 0.81 0.05 -0.031975177857446246 1.6444512098084945 2.606900765647859 0.14543277768231583 0.383597263531235 0.3107137834603004
2.0 0.78 0.02 -0.02347265026087586 1.6521992790532551 2.9955064828435813 0.11632591167944048 0.3338333619798137 0.26039002234425473
2.0 0.79 0.005 -0.020207952554162883 1.5975916898552514 2.993183669812413 0.1086589525661501 0.33409242810103645 0.2639330181998188
2.0 0.77 0.002 -0.018974511757114843 1.634765659520171 3.205292643576627 0.10140896496090362 0.3119839937248755 0.24022767516815416
2.0 0.9 0.1 -0.05001984117161645 1.4839077835644485 1.752649372922242 0.21938674712633194 0.5705647777870548 0.5135083000083493
2.0 0.8 0.01 -0.02167442979552406 1.5850559208781545 2.8678283630961228 0.11490824615579803 0.34869590274935236 0.2789567221994819
2.0 0.79 0.001 -0.019260484268960293 1.586776200427931 3.0198363856937114 0.1055634093431572 0.3311437681648709 0.26160357685024804
2.0 0.82 0.05 -0.03237537611112609 1.6212892147589784 2.524038997865985 0.14894412894664577 0.39619039200482886 0.32487612144395966
2.0 0.8 0.005 -0.020468331019131758 1.5722697996689954 2.8957081295757527 0.11118137608057024 0.34533867201129453 0.27627093760903565
2.0 0.79 0.02 -0.02371408573497691 1.6310731768837714 2.907172037617509 0.1191451687530152 0.34397689130895803 0.27174174413407687
2.0 0.78 0.002 -0.01923805129737463 1.613114717729375 3.1102375119106305 0.1038617543655661 0.32151885384010315 0.25078470599528047
2.0 0.91 0.1 -0.05047332514422603 1.4330899981412832 1.6475266424495685 0.2228862626715558 0.6069704575539879 0.552343116374129
2.0 0.81 0.01 -0.021942166977616195 1.5579715233172395 2.7704370611974 0.11750276807761363 0.3609538776411668 0.29237264088934517
2.0 0.83 0.05 -0.03276917792932055 1.595617646054654 2.4396598386042037 0.152339846594586 0.4098932089533135 0.3402113634312502
2.0 0.8 0.001 -0.019504193020395688 1.560984541429534 2.919490506878091 0.1080533425126647 0.34252551862870534 0.2740204149029643
2.0 0.8 0.02 -0.02410474767060347 1.607801397642653 2.8185642081301268 0.12182330558400098 0.3547905692960649 0.2838324554368519
2.0 0.81 0.005 -0.020715498781810365 1.544401746453471 2.7947486673510293 0.11372998987620447 0.3578139285590352 0.28982928213281856
2.0 0.79 0.002 -0.019497601110069568 1.5896068937806176 3.0131594631970855 0.10634354822854508 0.3318775565030863 0.2621832696374382
2.0 0.84 0.05 -0.033152255248830975 1.5674818773400327 2.351799496450709 0.15582859784458836 0.4252063160610336 0.3571733054912682
2.0 0.82 0.01 -0.022193409955552884 1.5277306631721126 2.668789285125436 0.12008962008810059 0.3747017441854721 0.30725543023208707
2.0 0.81 0.001 -0.01973325929756123 1.5325125811570681 2.815252636812808 0.11057930487203428 0.35520790813719505 0.287718405591128
2.0 0.81 0.02 -0.024410098820896703 1.5826763026749968 2.7244586591394064 0.12483050982328521 0.3670453932730537 0.2973067685511735
2.0 0.82 0.005 -0.020944279344313116 1.51303071620227 2.689358803214963 0.116227195623308 0.37183584384670487 0.304905391954298
2.0 0.92 0.1 -0.05083936335287084 1.358046252008896 1.510240172110482 0.22432504349785515 0.6621463383552777 0.6091746312868556
2.0 0.8 0.002 -0.01974569676354357 1.5640131752012034 2.913417985673512 0.1088610627531882 0.3432394544543268 0.2745915635634614
2.0 0.85 0.05 -0.03351901641268032 1.5356649884731124 2.260211185843498 0.1591771159182631 0.4424365325963139 0.3760710527068668
2.0 0.83 0.01 -0.022386533273073328 1.4932952814601397 2.5614573844445574 0.12260134785411607 0.3904027473081877 0.3240342802657958
2.0 0.82 0.001 -0.019942885946785616 1.5003211563075354 2.706198080537221 0.1130498048927253 0.36952210083656734 0.3030081226859852
2.0 0.82 0.02 -0.02470295770410752 1.5545269326815983 2.629341375321334 0.1275960208509985 0.3803233803666095 0.3118651719006198
2.0 0.83 0.005 -0.021146672089518176 1.4767329176920239 2.5770058844238464 0.11863239612508794 0.38804723188421236 0.32207920246389626
2.0 0.86 0.05 -0.033860562597969546 1.4986411550469942 2.1623721137275695 0.16233211979968762 0.4624550944084117 0.39771138119123406
2.0 0.84 0.01 -0.022615556702126755 1.4524655574996501 2.4444188746666113 0.12499457809907985 0.40909518837535064 0.34363995823529453
2.0 0.81 0.002 -0.01997975744928865 1.5356417772557915 2.8098940659797926 0.1113977908829233 0.35588530261951573 0.28826709512180776
2.0 0.83 0.001 -0.020123729062080542 1.4629516090794707 2.5892238225524524 0.11545978101418175 0.3862161282813325 0.32055938647350596
2.0 0.83 0.02 -0.024977513071963053 1.522720357170823 2.529750858507907 0.1302917718103372 0.3952958437139609 0.3280955502825876
2.0 0.84 0.005 -0.021310614949318463 1.4334970866280667 2.4534443563047064 0.12092540643181558 0.40759025059209647 0.34237581049736104
2.0 0.87 0.05 -0.03416351864185302 1.4545340337099641 2.0543137089894774 0.16530809861168663 0.4867805708661228 0.42349909665352686
2.0 0.85 0.01 -0.02275800053046373 1.4012130329238157 2.3108685904795943 0.12709711410008545 0.43273771780872294 0.3678270601374145
2.0 0.82 0.002 -0.0201939640749845 1.5035621293279489 2.70189118706387 0.1138544572980319 0.370111129858895 0.3034911264842939
2.0 0.84 0.001 -0.02026272003867219 1.4177019346172828 2.459182106948638 0.1177499645858111 0.4066392631820193 0.3415769810728962
2.0 0.84 0.02 -0.025225059150235152 1.4862713141831092 2.4232820885373103 0.13294140885687789 0.412663471879825 0.346637316379053
2.0 0.85 0.005 -0.021415298755624756 1.3777742396225299 2.308303887136334 0.12298074774950449 0.43321852273124795 0.36823574432156075
2.0 0.88 0.05 -0.03440651096303962 1.3988972646632596 1.928926463099349 0.1678414404120669 0.5184230809883887 0.45621231126978207
2.0 0.86 0.01 -0.022813655773038177 1.3290181204325813 2.1392557155597185 0.12879472650544027 0.4674522978840603 0.40200897618029185
2.0 0.83 0.002 -0.02038012951309448 1.4663552906674442 2.586194119370943 0.11623935290741227 0.3866685770066002 0.32093491891547815
2.0 0.85 0.02 -0.02541824061181014 1.4425970446995586 2.306237745492269 0.13538884301015455 0.4336066400589367 0.3685656440500962
2.0 0.85 0.001 -0.02033547191622384 1.3578729191752634 2.3029808575083144 0.1197975797623771 0.4342198489143932 0.3690868715772342
2.0 0.84 0.002 -0.02052525413441947 1.4215967287327345 2.4578192119371227 0.11852532881668025 0.40686475032142544 0.34176639026999733
2.0 0.86 0.005 -0.021412492096132524 1.2902715146449717 2.1022266129995826 0.12460444992080563 0.47568611005886763 0.40909005465062614
2.0 0.86 0.02 -0.025583856060330395 1.3866946026877152 2.170911360155708 0.13730412818396998 0.46063603441103884 0.39614698959349337
2.0 0.89 0.05 -0.034535361795052955 1.3091198786326197 1.7498003363605021 0.16886134728161856 0.571493775158342 0.5086294598909243
2.0 0.85 0.002 -0.020605941952535733 1.3629158895188411 2.3046887933755484 0.12056951631323073 0.433898061583992 0.36881335234639323
2.0 0.86 0.001 -0.02027758352447334 1.2496082361507106 2.0498481284269188 0.1213762786763395 0.48784101911365185 0.4195432764377406
2.0 0.87 0.02 -0.02562049219230192 1.2968974201336247 1.9723652996357672 0.13880879318187256 0.5070054721529871 0.4410947607730988
2.0 0.87 0.005 -0.01924324805511987 0.8523826767630548 0.901992634117266 0.11735959537704624 1.1086565035851415 0.9645311581190731
2.0 0.86 0.002 -0.020562829885968997 1.2613493688427533 2.06660124128942 0.12216549542656813 0.4838862863433041 0.4161422062552415
2.0 0.88 0.005 -0.017093294735344905 0.8506600209424843 0.8532249864553852 0.10475380089312626 1.1720238106884011 1.031380953405793
2.0 0.87 0.01 -0.021455578170547107 0.8627438171701689 0.9260646601841569 0.12341924102652488 1.079838204603489 0.9394592380050353
2.0 0.93 0.1 -0.05094973458446686 1.1521881532862996 1.1616147625460196 0.21290873141410882 0.8608706020644974 0.8006096599199826
2.0 0.89 0.005 -0.014999793807976405 0.8542029800543836 0.82133010544684 0.09206126891909688 1.2175372525227912 1.0836081547452843
2.0 0.87 0.001 -0.017451129957064604 0.8454143645288844 0.8865453437159706 0.11261904738991409 1.1279738899856855 0.9813372842875464
2.0 0.88 0.01 -0.01936968100608924 0.8578530256135269 0.8669588040639894 0.11103123339945377 1.1534573445847272 1.0150424632345598
2.0 0.9 0.005 -0.01300743560424028 0.8606925075527816 0.7974411663829845 0.07971617859524344 1.2540110069007062 1.1286099062106356
2.0 0.9 0.05 -0.03346820547795665 0.9325272205186278 0.9225686746304768 0.14395779080585053 1.0839301479649062 0.9755371331684156
2.0 0.89 0.01 -0.017318132299382283 0.8599641857905529 0.8305097994348584 0.09839003624986917 1.2040797118594815 1.0716309435549385
2.0 0.88 0.001 -0.015256589493024657 0.8455313186107162 0.8442053803225272 0.09980783341423821 1.1845458739174959 1.0424003690473964
2.0 0.91 0.005 -0.01114387809094216 0.8691645132851286 0.778155010918815 0.06781635489284377 1.2850909985392744 1.1694328086707397
2.0 0.9 0.01 -0.015356665840222647 0.8657089339396943 0.8040596324469801 0.08616845967306408 1.2436888504857757 1.1193199654371981
2.0 0.89 0.001 -0.013133392071947358 0.8500025121271871 0.815037128956742 0.08716509730580382 1.2269379694149798 1.091974792779332
2.0 0.92 0.005 -0.009428310988660357 0.8792074136611324 0.7616420021380135 0.056554897886639616 1.312952800912882 1.2079165768398514
2.0 0.88 0.02 -0.023844685966688428 0.8759464622217912 0.904821083977766 0.12403360708969978 1.105190868899528 0.9725679646315847
2.0 0.91 0.05 -0.03196588877289275 0.9257458061098114 0.8609351750874024 0.13173849294233322 1.1615276375465549 1.0569901501673649
2.0 0.91 0.01 -0.013517381994186076 0.8737393511507592 0.7832899479992027 0.07438653939579863 1.2766664535327572 1.1617664727148092
2.0 0.87 0.002 -0.01790077636522558 0.8470847475706511 0.8902892184374337 0.11378129332149384 1.1232304955406762 0.9772105311203884
2.0 0.9 0.001 -0.011118567299890775 0.8568844068943934 0.7926879581002683 0.07461461541147994 1.2615304544256853 1.1353774089831168
2.0 0.93 0.005 -0.007875601190134883 0.8906162947369469 0.7469576526666237 0.04609103202949532 1.3387639800328976 1.2450505014305948
2.0 0.92 0.05 -0.030517852347331106 0.9281040910227594 0.8229745270998265 0.12063435782216625 1.215104437708435 1.1178960826917603
2.0 0.89 0.02 -0.021898671822298182 0.8734646851520713 0.8537588477317136 0.11162603877423391 1.171290936142944 1.0424489331672202
2.0 0.92 0.01 -0.01182191378474945 0.883494351318668 0.7658732421570141 0.06324030964997429 1.3056990960848673 1.201243168398078
2.0 0.91 0.001 -0.009236955229256397 0.8656477716948401 0.774386384136589 0.06261361117529882 1.2913450190823816 1.1751239673649674
2.0 0.88 0.002 -0.01571696265068037 0.8467722916703438 0.8462414330214009 0.10106103800013441 1.1816958624084655 1.0398923589194495
2.0 0.94 0.005 -0.006498269889576979 0.9032808502100851 0.7335943224874386 0.03657058713232968 1.3631512258835987 1.2813621523305827
2.0 0.9 0.02 -0.020010709400737146 0.8768763366591303 0.8203374547161625 0.09937734586828752 1.219010535543572 1.0971094819892149
2.0 0.93 0.05 -0.029177760109279915 0.9348308603860798 0.7951298081680127 0.1106095949627946 1.257656284203469 1.1696203443092263
2.0 0.94 0.1 -0.05036990775511874 1.0467773131649352 0.923078598599233 0.19150601258703526 1.0833313669253029 1.0183314849097846
2.0 0.93 0.01 -0.010286465219318527 0.8946963456562402 0.7505851079315106 0.05288872734032782 1.3322939523218573 1.2390333756593275
2.0 0.92 0.001 -0.00750622535210925 0.8758874961611367 0.758487834471246 0.05125552171794978 1.3184127082237462 1.2129396915658466
2.0 0.89 0.002 -0.013600938958092654 0.8509551164732075 0.8163543230893925 0.08831344565416227 1.2249582953338485 1.0902128828471251
2.0 0.95 0.005 -0.005307490951201791 0.9171355342549682 0.7212431083284158 0.02813489040457204 1.3864950506322942 1.3171702981006794
2.0 0.91 0.02 -0.01822727314193545 0.8836512813727679 0.7954609019274382 0.08779229546026505 1.2571328114014833 1.1439908583753498
2.0 0.94 0.01 -0.008924308007540203 0.9072031464025357 0.7367857616633726 0.0434797913230691 1.3572466407906596 1.2758118423432199
2.0 0.94 0.05 -0.02797734168758048 0.9444811677091899 0.7734359838475777 0.10177338663639096 1.2929318274349537 1.2153559177888564
2.0 0.9 0.002 -0.011591537425264364 0.8578228944833676 0.7938465655510334 0.07588618458027524 1.2596892691799568 1.1337203422619613
2.0 0.93 0.001 -0.005940358991521566 0.8874420645745438 0.7442306593398493 0.04069851612154052 1.343669449048262 1.2496125876148836
2.0 0.96 0.005 -0.004313590493858089 0.9323170815110188 0.709974465187166 0.021261361678439346 1.4085013603079042 1.352161305895588
2.0 0.95 0.01 -0.00774707008685533 0.9209286153687204 0.7240271728245864 0.035154665872705444 1.381163632434932 1.3121054508131853
2.0 0.95 0.05 -0.026938261079801518 0.9561596635861912 0.7552709542509913 0.09406810152285042 1.3240281442991655 1.2578267370842071
2.0 0.92 0.02 -0.01657677937733182 0.8926216547908747 0.77551753296992 0.07685325180338412 1.289461498272518 1.1863045784107167
2.0 0.91 0.002 -0.00971433754581627 0.866516176740447 0.7753042535361852 0.0639101456784999 1.289816217877009 1.173732758268078
2.0 0.94 0.001 -0.004551384900733403 0.9002197160881994 0.7311796978614519 0.031086752263891872 1.3676528532244419 1.2855936820309752
2.0 0.95 0.1 -0.04972376307757992 1.0355882908218192 0.8574660702544356 0.18101141337985677 1.1662269035359853 1.107915558359186
2.0 0.97 0.005 -0.003526333594743485 0.9484550778225114 0.699090064005079 0.015458689813438833 1.430430857894062 1.3875179321572402
2.0 0.96 0.05 -0.026077138929567624 0.969567539998803 0.739611772207734 0.08768792962302588 1.3520606858582167 1.297978258423888
2.0 0.93 0.02 -0.015079132717001092 0.9032923636981718 0.7586902952162041 0.06669845797879302 1.318060882425061 1.2257966206553068
2.0 0.96 0.01 -0.00676537320145202 0.9360158121800214 0.7125717816051095 0.02839107751523805 1.4033673881211541 1.3472326925963078
2.0 0.92 0.002 -0.00798732961066758 0.8767089878479672 0.7592566088836546 0.05257681475187373 1.3170777683059138 1.2117115468414408
2.0 0.94 0.02 -0.01374973204783081 0.9154096806326139 0.7437965561206763 0.05749776750798523 1.3444536570800636 1.2637864376552597
2.0 0.98 0.005 -0.0029550966803386838 0.9656893140743914 0.6887473334928683 0.011150118804540986 1.4519112472329514 1.4228730222882924
2.0 0.97 0.05 -0.025407991933381266 0.9844810349233252 0.7256193393627491 0.0827713123474519 1.3781330592404228 1.3367890674632101
2.0 0.95 0.001 -0.0033501674090655777 0.9143232607700409 0.719336471553052 0.022849310940992715 1.3901700241070687 1.3206615229017151
2.0 0.97 0.01 -0.0059891905790364994 0.9520664441894386 0.7014730353192713 0.02269305349445308 1.4255715468020178 1.3828044003979572
2.0 0.96 0.1 -0.04915837471656413 1.037963768855662 0.818334457874509 0.1737625182260273 1.221994247434402 1.173114477537026
2.0 0.93 0.002 -0.006424700526185812 0.8882965610025236 0.7448487678041433 0.04217118638491256 1.3425544126870976 1.2485756037990008
2.0 0.99 0.005 -0.002608991947292536 0.9840180897723051 0.6789130944018483 0.008500530152396454 1.4729425728355454 1.45821314710719
2.0 0.98 0.05 -0.02494281258435592 1.0007034308283882 0.712810579359136 0.07932201600836092 1.4028972478201238 1.3748393028637214
2.0 0.95 0.02 -0.012601435807511684 0.9288780121910633 0.7303398436474058 0.049452935506161755 1.369225585456051 1.3007643061832486
2.0 0.98 0.01 -0.005428062445832795 0.9692252443304794 0.6909475556327159 0.018485728417249603 1.4472878467371926 1.4183420898024488
2.0 0.97 0.1 -0.048728094109830075 1.0456617448777492 0.7890664884943421 0.16825792335857492 1.2673203267168915 1.2293007169153847
2.0 0.96 0.001 -0.0023462336559434104 0.9294180730079126 0.7079801305102735 0.015597592971194337 1.4124690184161728 1.3559702576795258
2.0 0.94 0.002 -0.005038599471572029 0.9009795340382125 0.7317736334270426 0.03245522421161248 1.3665428136796889 1.2845502448589075
2.0 0.99 0.05 -0.02469267711349936 1.0182135451873393 0.7009953787981721 0.07756200680117645 1.426542927735785 1.4122774984584272
2.0 0.96 0.02 -0.011645656143022737 0.9435391721837282 0.7179098622090675 0.042567720829473576 1.3929325290544388 1.337215227892261
2.0 0.99 0.01 -0.005091214260103498 0.9874822656181623 0.6809438533074477 0.015920879647536662 1.4685498593501478 1.4538643607566464
2.0 0.98 0.1 -0.048461981093424394 1.0569705391261477 0.7655627172323948 0.16477188326623496 1.3062287092756102 1.280104135090098
2.0 0.97 0.001 -0.0015509713385750516 0.9456207275348993 0.6972478355702291 0.009710343328366837 1.4342102606631566 1.391183952843262
2.0 0.95 0.002 -0.003839960404224657 0.9150617564976112 0.7198675587322402 0.024240700516836383 1.3891444167328522 1.3196871958962095
2.0 0.97 0.02 -0.010892868534034948 0.9593826426596832 0.7063187133976504 0.037047818604991345 1.4157914565078356 1.3733177128126004
2.0 0.98 0.001 -0.0009718733674144702 0.9629109365004505 0.6870504425216222 0.005319348968567382 1.4554972067695437 1.426387262634153
2.0 0.99 0.1 -0.04838154069600746 1.0712755111784413 0.7466747879640467 0.16353670090068378 1.339271147384919 1.3258784359110698
2.0 0.98 0.02 -0.010353001544066938 0.9765278884087276 0.6956596694335849 0.03332605123943622 1.4374845113763932 1.4087348211488653
2.0 0.96 0.002 -0.00283895380436789 0.9301380167574594 0.7084716688101509 0.017010302118134736 1.4114890461032252 1.3550294842590962
2.0 0.99 0.02 -0.01003555969552887 0.9946307651415341 0.6853465417005358 0.030936275889251255 1.4591158474641475 1.444524688989506
2.0 0.99 0.001 -0.0006185581846776423 0.9812930326263678 0.6773377737529066 0.002600409408358203 1.4763682740729602 1.4616045913322306
2.0 0.97 0.002 -0.002045228155376954 0.9463249989430708 0.697706568318893 0.011144331826404095 1.4332672865750364 1.3902692679777853
2.0 0.98 0.002 -0.0014680772484740165 0.963601452349977 0.6874663813992405 0.006773983150744933 1.454616584980696 1.4255242532810821
2.0 0.99 0.002 -0.0011165579035670409 0.9819473666069128 0.6776878867132998 0.004022477681760268 1.4756055399630543 1.4608494845634237
3.0 0.99 0.02 -0.02034680535933199 0.9851649490565901 0.23712977637615346 0.09007471529343229 4.217100084528074 4.174929083682793
4.0 0.99 0.02 -0.030723936496190166 0.9830405063785203 0.13488978330590867 0.16160843023397045 7.413459904017774 7.339325304977597
3.0 0.99 0.0005 -0.000907097555543412 0.9805108205860192 0.23687984161444783 0.007321431269519948 4.221549597401486 4.179334101427471
5.0 0.99 0.0005 -0.0022183570144301973 0.9803391379854927 0.09235587864448147 0.028036221185746484 10.827681081888043 10.719404271069163
5.0 0.99 0.0005 -0.029792671535600612 1.0 0.27197080816101954 0.271707846624531 3.6768652002091082 3.6400965482070173
2.0 0.999 0.01 -0.004987265906168692 1.004737060890073 0.6721779827152647 0.01490861975892679 1.487701212646831 1.4862135114341841
2.0 0.999 0.02 -0.009947672069615804 1.0117829854530374 0.6761852780063362 0.030142576038259372 1.4788846082961147 1.4774057236878186
3.0 0.999 0.02 -0.01998554845434534 1.0026979334191573 0.23355206583397997 0.08610868911237902 4.2817005125993965 4.277418812086797
4.0 0.999 0.02 -0.029995224629009387 1.000662178927693 0.13261292747121933 0.15132209704093358 7.540742965779317 7.533202222813538
3.0 0.999 0.01 -0.009998329822484352 1.0003440351839816 0.23343016150667217 0.042999644905660425 4.283936546783466 4.279652610236683
3.0 1.0 0.01 -0.009996602396602284 1.0023359386922308 0.2330400599187819 0.043013053452267316 4.291107719198646 4.291107719198646
3.0 1.0 0.01 -0.014999400079261548 1.0 9.999999999998207e-6 0.11997120867055336 100000.00000119969 100000.00000059984
3.0 1.0 1.0 -0.9606546486972705 1.326955533135247 0.24474631562202123 5.4582869822674525 4.085863345719858 4.085863345719858
3.0 1.0 0.1 -0.09964904699006222 1.0239947896010655 0.23409537904634495 0.43785595859842774 4.27176309106907 4.27176309106907
2.0 1.0 0.1 -0.04849660105535605 1.087879660288266 0.7308406656808963 0.164529190295491 1.3682872983926506 1.3682872983926506
2.0 0.9981775717335457 0.025994755725200297 -0.012907612471875565 1.0145635974618774 0.6798348697895571 0.0393900903711761 1.4709454375436053 1.4682647449998139
2.0 8.65808696733324e-29 0.025994755725200297 -0.012829447125530635 2.1061231546478907 7.483434141610691 0.037608142245584716 0.1336284894176627 1.1569670826914932e-29
