### 1:α 2:ρ 3:ϕ 4:Σ 5:E 6:q0 7:q1 8:δq 9:qh0 10:qh1 11:δqh 12:ρh 13:m
2.0 0.99 -0.00012030902120517691 -1.5591329696220108e-11 0.00012030886529187995 0.9804420068200788 0.9805377892269824 0.676777102528636 0.0007466742256822937 0.0009557907183594852 1.4775913609720384 1.4627947448295429 0.1
2.0 0.98 -0.00047540290554188235 -1.250839379339855e-10 0.000475401654702503 0.9618594678709701 0.9622492782358504 0.6864932840829003 0.0030965110446656624 0.003923607457018145 1.4566784893400953 1.4274638641048827 0.1
2.0 0.97 -0.0010564425915152694 -6.665595458183946e-10 0.0010564359259198112 0.9441950356663553 0.9449420693454704 0.6966167831591892 0.0067885826958987115 0.008327820583991213 1.4355094855236676 1.3922948948828127 0.1
2.0 0.96 -0.0018544301771329453 -2.3289282418369197e-9 0.0018544068878505269 0.9274019987045703 0.9287271087742663 0.7072463381497047 0.01159507300068294 0.014243751075724998 1.4139345035227702 1.3571228502866552 0.1
2.0 0.95 -0.0028601267671531008 -6.511223387545284e-9 0.0028600616549192253 0.9114283103324899 0.9136197515963632 0.7184761612432345 0.01728540904418469 0.02152938254955663 1.3918346271498043 1.3218397183093038 0.1
2.0 0.94 -0.004063942310109248 -1.5243494313251645e-8 0.004063789875166116 0.8962646134348393 0.899679024269405 0.7304563114442028 0.02371360230337438 0.030109836056765427 1.3690072689260169 1.286265586817637 0.1
2.0 0.93 -0.005455770447298339 -3.1917723463965185e-8 0.0054554512700637 0.8818654356671699 0.8868673885084842 0.7433338062306544 0.030662881420790877 0.039709362551316206 1.3452906239672662 1.2502789575444186 0.1
2.0 0.92 -0.007024752528668438 -5.944790327817862e-8 0.007024158049635656 0.8683060367537053 0.8752777906122987 0.7573981606373229 0.0381167762199541 0.050258880959988234 1.320309517465076 1.213567682431787 0.1
2.0 0.91 -0.008758840323903228 -1.0085493331157131e-7 0.008757831774570112 0.8556556063746678 0.8648970030207946 0.7729631582705934 0.046010243885689694 0.061459269658013495 1.293722720546439 1.1758818143519782 0.1
2.0 0.9 -0.010643927245092132 -1.4928170630913036e-7 0.01064243442802904 0.8443622079897349 0.856103719452796 0.7910967427626061 0.05474363856169892 0.07347721551999617 1.2640679021226637 1.1359750899841508 0.1
2.0 0.89 -0.012662058306658716 -1.9510200097525716e-7 0.012660107286648964 0.8348254318046561 0.8491466639915043 0.8132739948373529 0.064370147646576 0.08598451471638856 1.2295979047012198 1.0924184565148722 0.1
2.0 0.88 -0.014788075158614009 -2.2057398068372341e-7 0.014785869418807171 0.8277057853157778 0.8449317778769131 0.8427853878747292 0.07474236284137603 0.09894504495788489 1.1865416918555298 1.0420268528066134 0.1
2.0 0.87 -0.01698246031344977 -1.947887277722188e-7 0.01698051242617205 0.8242390948503265 0.8447441279409448 0.885089598727008 0.08556237905990041 0.1116768376244427 1.1298291172309147 0.9806793740957808 0.1
2.0 0.86 -0.019170929364226555 -2.4832711277913977e-8 0.019170681037113776 0.8277343867733524 0.8540546093938968 0.9604725478917361 0.09501638423701568 0.12346958696240465 1.0411541716575115 0.8929456121910764 0.1
# physical branch (1RSB)
2.0 0.845 -0.022362527147702038 9.188289897006324e-5 0.02237149614725616 0.8488633976764407 0.8710059811918074 0.8501858448223105 0.11624160862925886 0.1404233980904052 1.176213419795295 0.784568239267155 10.24449810880408
2.0 0.84 -0.02336741935972976 9.938906910804869e-5 0.023378215050834664 0.8491989008588574 0.8796706659875188 0.8437075479023832 0.11361396406241171 0.1457391741452833 1.1852448191155696 0.7471702729644186 9.206364663667161
2.0 0.83 -0.025291103761099165 -6.605239055336447e-5 0.025283064877275194 0.8504557772914715 0.898871515961791 0.8257309594625752 0.10791531736898882 0.15583658456207705 1.2110482095171133 0.6783571266399622 8.216612156579016
2.0 0.825 -0.02620981143997618 -8.057493190485769e-5 0.02619929764718072 0.8497809130611375 0.9089764098307965 0.8206302140254653 0.10417209615802829 0.160779505073693 1.2185756543067863 0.647419920751501 7.6637359583156535
2.0 0.82 -0.027100059518642666 -6.340752998525322e-5 0.02709130651682623 0.8491298286597618 0.9196152593056302 0.815440515064072 0.10050656925702367 0.16569182416523787 1.2263310217317651 0.6183810161461121 7.244089663752665
2.0 0.815 -0.027962327882331273 -3.783388711249014e-5 0.027956850796544485 0.8483390075950074 0.9305594680097068 0.8103667029507022 0.09691428296709712 0.17052631291359005 1.234009240950803 0.591300282546036 6.907667432150984
2.0 0.81 -0.02875061853254307 8.411398694462524e-5 0.0287626558763515 0.8514893102323741 0.9413217584397109 0.7980194007479557 0.0961205504535722 0.17507516374358156 1.2531023670135535 0.5681234865293965 6.987753135847521
2.0 0.8 -0.030350140118654473 8.176474022777991e-5 0.030363222477090918 0.8457525533416391 0.9636532870510179 0.7954443563613847 0.08762823388434918 0.18435710415700665 1.2571589602751334 0.5220828168568193 6.25
2.0 0.79 -0.03184895654772116 2.472796432216806e-5 0.031853115943774414 0.8441072630918809 0.9881699282952056 0.7863058335572308 0.08152356061278494 0.19305132790350127 1.2717697838715274 0.4808948784990335 5.945085297373703
2.0 0.78 -0.03325130512973651 -3.892360145091781e-5 0.03324448508716915 0.842069266426429 1.0132617960685766 0.7772929700816071 0.0759240436002898 0.2014660128858664 1.2865162023722037 0.4446143444243303 5.707237318021891
2.0 0.77 -0.03456358592720091 -2.710658551452595e-5 0.03455866542067289 0.8399200985855542 1.0388149570848264 0.769415130384095 0.07101083922254449 0.20960949286460243 1.299688504306895 0.41284487952643506 5.508901443412288
2.0 0.76 -0.03579212485099706 7.622858531764008e-5 0.03580638314427744 0.8384674127970007 1.0660348028354745 0.7622141566175733 0.06661843141311918 0.21749448080675077 1.3119672356095216 0.38406159225808184 5.346262965604847
2.0 0.75 -0.03694309521568834 3.633212300915592e-5 0.036950064865889434 0.8361168143044313 1.0919916501895879 0.7550753312945613 0.06270417621611407 0.224927814552587 1.3243711700732164 0.3590360899606948 5.212904803090135
2.0 0.74 -0.038022464610120765 2.8856897885616823e-5 0.03802812502153462 0.8340220440491586 1.118642397839612 0.7486661132707959 0.0591960413880345 0.2320267420797038 1.3357089125233266 0.3364145976946283 5.098021287816485
2.0 0.73 -0.039035803040527645 1.0183429051922861e-5 0.03903784056939983 0.8318359461472994 1.145308600708851 0.7427907734428469 0.05604542028833938 0.23877723022045594 1.3462741269186531 0.31608497689857923 4.997931166001038
2.0 0.72 -0.03998823320552175 1.3121874964549444e-5 0.03999090713647717 0.8295103281476731 1.1719078672687107 0.7375374487654036 0.05321999195981982 0.24523127330835806 1.3558633553780133 0.29779176532439816 4.907334999790743
2.0 0.71 -0.040884437428671955 9.014237087875894e-6 0.040886305259115054 0.8269819917359202 1.1983912148500926 0.7326681376219075 0.05063892189237115 0.251393608506199 1.3648744208336903 0.28117626805313817 4.826046775916501
2.0 0.7 -0.04172878371268546 -4.3122259972664616e-5 0.04171971698339623 0.8244727157426921 1.2246829970151527 0.7281223938549162 0.04829848156585433 0.25716568097266435 1.3733954736726006 0.2660017112064794 4.756098764732739
2.0 0.69 -0.04252540239693495 -1.2966403482631965e-5 0.04252263635644859 0.8217353347377454 1.2506138259811774 0.7241764549090535 0.04621885565469821 0.2627849143472695 1.3808789186961157 0.25231880415875174 4.687712832324393
2.0 0.68 -0.04327813028183869 3.90963198699388e-5 0.043286585814498915 0.8187876994609349 1.2762522182378033 0.7205855752076493 0.044317434028708906 0.26818841476065497 1.387760225025089 0.23979209557269618 4.623755999884484
2.0 0.67 -0.04399059253473814 7.406885546477386e-5 0.0440068042120035 0.8165100041941269 1.3022730556822797 0.7172444055318894 0.0426274905641236 0.273253631042023 1.394224886645755 0.22815291675372898 4.568858252749772
2.0 0.66 -0.04466609280660816 5.809967537178395e-5 0.04467895105157498 0.8135076292406465 1.3265528664063901 0.7140687913425019 0.0411012667791129 0.27804781241967386 1.4004252981283878 0.21766004241537493 4.518476317856544
2.0 0.65 -0.04530770986466831 -6.189303651650825e-6 0.045306325788887464 0.8096015737143044 1.3487928308343466 0.710915174509736 0.039713684693805776 0.28264454070354783 1.4066375790749224 0.20819532818590397 4.471795357811471
2.0 0.64 -0.04591811125581435 -4.2941976057758056e-5 0.04590841880240369 0.8067640465243027 1.3723227785979013 0.7080952007699963 0.038453714610170595 0.28697880889444977 1.4122394826466558 0.19914259403009824 4.430454729916092
2.0 0.63 -0.046499783330679834 -5.097726160456507e-6 0.046498621531151675 0.8034854368017176 1.3951210308968303 0.7054636377815497 0.0373032596123211 0.2913286588709624 1.4175075034975158 0.19082621286523593 4.387784671023837
2.0 0.62 -0.04705484281418282 -3.441840285451628e-5 0.047046932248693954 0.8003212853907762 1.4175879437662573 0.7029384931500475 0.03622121709384791 0.29535941808623467 1.4225995727147382 0.18296483814890543 4.350940890757894
2.0 0.61 -0.04758515613854025 -2.917137045108894e-5 0.0475783944406612 0.7967489991647946 1.4393716120923474 0.7005207692438291 0.0352077655603439 0.29935080275605486 1.427509424280799 0.17564428130828427 4.314207906486598
2.0 0.6 -0.048092294792768775 -2.2701607601395993e-5 0.04808698974931711 0.7929834125836571 1.4607729297170446 0.6982655891679563 0.034242953832504676 0.30319133686770244 1.432119834505359 0.16873346734342023 4.2792500774484
2.0 0.59 -0.0485776186690387 -2.3269253696011874e-5 0.048572138381065416 0.788874685191773 1.4816902413593738 0.6960845173133583 0.03330775895107306 0.30691024615408674 1.4366071577911943 0.16218713276795915 4.245991051827602
2.0 0.58 -0.04904230502888285 -1.8441136794651702e-5 0.04903792880106208 0.7844781229295578 1.5022007790619627 0.6940624514865381 0.03240548249121006 0.310498754330406 1.4407925365479817 0.1559769304763736 4.213934363090075
2.0 0.57 -0.04948740535674695 -1.3584901387020413e-5 0.04948415784206406 0.7797535539164234 1.5223231865547244 0.692137395933099 0.031525575867872954 0.3139749314362434 1.4447998415861618 0.15006194587887134 4.183168580757617
2.0 0.56 -0.04991390607814644 2.3315957409585313e-5 0.04991952107490606 0.7746932956835811 1.542000845942212 0.6903930653702228 0.030682311855242096 0.3173790073736373 1.4484502382186457 0.14445669121188187 4.152443609096939
2.0 0.55 -0.05032275026882732 5.5155422171010433e-5 0.05033612247306476 0.7702769532963905 1.5622743736880598 0.68875221868218 0.029898333867004592 0.3206115926003323 1.4519009491008887 0.13904864869337236 4.124632049561156
2.0 0.54 -0.050714881153909486 1.7205470023703893e-5 0.05071907966404666 0.7640383137439865 1.5801399550800546 0.6871525929347877 0.029067307965293714 0.3236592831517276 1.4552808361372258 0.13394410677681812 4.097994160207277
2.0 0.53 -0.051091152472270196 1.2585050138055404e-5 0.051094242689285876 0.7583575702488001 1.5984436160952584 0.6856932295019118 0.0283066952152552 0.3266189551856151 1.4583781157156852 0.12904853010441733 4.072545738437139
2.0 0.52 -0.0514524224762033 2.44399468931682e-5 0.05145845969887658 0.7528853606354697 1.6166092916510377 0.6843254490969608 0.027602763814842772 0.3294911987365318 1.4612930168235077 0.12437627848549766 4.0482102807511575
2.0 0.51 -0.051799527490150765 2.795308430575431e-5 0.05180647281990073 0.7469131783147058 1.6338889658526297 0.6830620831893808 0.026914837628025157 0.33224260730206967 1.4639957693607584 0.11991814311402901 4.024731051235743
2.0 0.5 -0.05213324503866851 1.4612563505892974e-5 0.05213689577565744 0.7406611874415389 1.6506798444352984 0.6818666596221514 0.02623870582353941 0.3348637697263023 1.4665623929378482 0.11562463021046232 4.0026338654922995
2.0 0.49 -0.05245430569582249 1.3268196341244682e-5 0.052457638293300704 0.734476445314018 1.6671573649336144 0.6807533322185226 0.025604930572105937 0.3374050178637313 1.4689608594952859 0.11151389776819091 3.981337808715356
2.0 0.48 -0.05276340745611591 1.241888296846473e-5 0.052766542789969964 0.7281827734270867 1.683094120572667 0.6796816495408953 0.025001981512845075 0.3398672751106428 1.4712770319391006 0.10757429800390611 3.9609443671830356
2.0 0.47 -0.05306118251170039 8.620063373442306e-6 0.053063369552507955 0.7217489922573631 1.6987167033237536 0.6786710529019087 0.024414118025062877 0.34223907904782114 1.4734678836295287 0.10376836541422589 3.941427770172363
2.0 0.46 -0.05334820245020422 8.560545086346632e-6 0.05335038480355629 0.7152360873128961 1.7138221033471996 0.6776963761603194 0.02385553312055798 0.34454630229531774 1.4755870551732646 0.1001138065005248 3.922620999122051
2.0 0.45 -0.05362497452126097 6.793530406219162e-6 0.05362671443422394 0.7085631392921828 1.728668038467763 0.6767822297373813 0.023306075238293193 0.3467716788487823 1.4775801669438624 0.09657055630680668 3.9045231289178077
2.0 0.44 -0.053891967500116156 7.132485564886537e-6 0.053893802421992175 0.7018001239640848 1.7430096386649219 0.6759028120573531 0.02278076690770422 0.3489332292518355 1.4795026476604545 0.09315785139488834 3.8870786043275425
2.0 0.43 -0.0541496224770629 9.866446620834325e-6 0.05415217172615759 0.6950169927346156 1.756607269975183 0.6750158853515615 0.022291398803968892 0.3510496824431215 1.4814466173328324 0.08988810421653222 3.870334460987416
2.0 0.42 -0.05439833077079176 8.874110025153835e-6 0.054400633251434904 0.6880381672558357 1.7703775487250621 0.6742481175431507 0.021789195951308273 0.35305976454561133 1.483133543841153 0.08667391731322091 3.854151847734435
2.0 0.41 -0.05463847855510928 8.430479544165062e-6 0.05464067484747208 0.6809307704331169 1.7837788314662746 0.6735216608513976 0.021299806544303176 0.35500649270264034 1.4847332433761726 0.08355734817005472 3.8385051493919704
2.0 0.4 -0.054870396911374575 5.747885980433057e-6 0.0548719002434807 0.673672731059558 1.7968244483906353 0.6728342170062334 0.02081977379136126 0.3568861814863079 1.4862502154683586 0.08052945111310326 3.8234306025967064
2.0 0.39 -0.05509437242719667 -4.9181541076352386e-6 0.05509308124487468 0.6662101323959118 1.8095282572412577 0.6721834458721037 0.020343139383267785 0.35868846534503135 1.4876891213864716 0.0775792385700876 3.809031477483537
2.0 0.38 -0.055310647397097956 -2.503845690292395e-6 0.05530998757395965 0.6586118535253054 1.821849857963331 0.6715656993168433 0.019880865948477464 0.36046678057798925 1.4890575873920595 0.07471885416736473 3.7947224717135803
2.0 0.37 -0.05551942485373884 -2.680795866959862e-6 0.055518715804339175 0.6507236567764446 1.8338772496358158 0.6709888168153944 0.019416135498978575 0.3621840753073316 1.4903378043558713 0.07192437113157622 3.780830881770777
2.0 0.36 -0.05572087714575569 -2.68350265128975e-6 0.05572016483326948 0.6425922131410213 1.845580105351036 0.6704445929922773 0.018953565526198243 0.3638497880219302 1.4915475647836556 0.06919784583428573 3.7673109811203087
2.0 0.35 -0.05591517444193134 -2.7212945854313132e-6 0.05591444957820343 0.6342956730319721 1.8569613734057073 0.6699374602939616 0.018497396617708606 0.36545824092227713 1.4926766441172155 0.06653881218253686 3.7542154209876615
2.0 0.34 -0.05610254378755303 -1.9396265090144812e-6 0.056102025385450574 0.6259045438118735 1.8680150754079068 0.6694608882710602 0.018051618039804998 0.367013816881008 1.493739242306726 0.06394730807497806 3.7415483074523213
2.0 0.33 -0.05628323810990121 -3.237216721251094e-6 0.056282370108920225 0.6176148983302613 1.8787072993424103 0.6689917227259108 0.01762636094506052 0.36851577452409995 1.4947868053215108 0.06142682115845017 3.7295081366950353
2.0 0.32 -0.05645750854751341 -6.25942684272108e-6 0.05645582500035327 0.6093681898273727 1.8891842721777738 0.6685521138100241 0.017213767173266684 0.36995798559792864 1.495769707915633 0.058965445704722584 3.717999109795421
2.0 0.31 -0.056625588039261154 -1.251141547001734e-6 0.05662525049694985 0.6009871610699238 1.899072563526502 0.6681167067466873 0.016814819310998784 0.37138309330740676 1.4967444907482974 0.056573185399218004 3.7066213778408197
2.0 0.3 -0.05678766608752922 -1.3347789055060204e-7 0.05678762997110778 0.5926112745475319 1.9087957343235913 0.6677150079454877 0.016423424439467697 0.37274438144956906 1.4976449354896595 0.05422967477103286 3.6957673328268976
2.0 0.29 -0.056943903871700396 -2.702120183349833e-6 0.056943170668035045 0.5841422272946972 1.9182256188907458 0.6673379006653248 0.01603720962350802 0.37404975821792513 1.4984912425969172 0.05193487137895723 3.6853609863712404
2.0 0.28 -0.057094428258077534 -2.0301187396401644e-6 0.057093875877108465 0.5756135593714646 1.9272725610046106 0.6669758654216036 0.015660829543639156 0.3753214766110872 1.4993046253148725 0.04969285292584722 3.675214848656539
2.0 0.27 -0.057239337436852 -7.831780432840688e-8 0.057239316069699474 0.566961350897043 1.936071308745399 0.6666421019898792 0.015287505445779719 0.3765504875952169 1.5000552725594019 0.047494315815088894 3.665336512730347
2.0 0.26 -0.057378707595244716 -1.040086947562582e-6 0.057378423093808965 0.5581481086084582 1.9445507582991097 0.6663258471282023 0.01491591076177245 0.37773222327514955 1.5007672361951738 0.045337485887487886 3.655823194071965
2.0 0.25 -0.05751260690094945 -5.863070496648465e-7 0.05751244612076649 0.5493487916820798 1.9526946321892238 0.6660132034368109 0.014554979325645562 0.37888136132590794 1.5014717348540918 0.04322636904044447 3.646637532528065
2.0 0.24 -0.05764117138925673 9.207892823796125e-6 0.05764370252229264 0.5412447136832222 1.9600741517195637 0.6656624336175003 0.01424337823332241 0.3800229298699833 1.5022629331289772 0.04118646540296689 3.6378541519411938
2.0 0.23 -0.05776434910721118 4.5377958264995125e-7 0.05776447414416358 0.5315139700398545 1.9681598043602784 0.6654855489682028 0.013846271877234261 0.38103118678448844 1.5026622314345424 0.03912024608393578 3.6291638106081714
2.0 0.22 -0.05788236214859033 -3.0618623210724195e-7 0.05788227758843674 0.5225465749979818 1.9754432754773636 0.6652697809265857 0.013501252234472334 0.38202684845122187 1.503149592346138 0.03712388318289509 3.6209280508230686
2.0 0.21 -0.057995213729422124 -1.3357840052807093e-6 0.057994844012621574 0.513529278009986 1.98243374268056 0.6650845791694229 0.013161270226974213 0.3829728357893213 1.5035681645916827 0.0351627725475853 3.612992439876256
2.0 0.2 -0.0581029343469045 2.914753862121006e-7 0.05810301519318309 0.5045386895738533 1.9890763955206743 0.6649139942602578 0.012830514585443327 0.38388428703097505 1.5039539077719937 0.033238474837490366 3.6053036862222347
2.0 0.19 -0.05820554609774581 -6.5400959518696e-7 0.05820536432491568 0.49545018735688046 1.995467267484729 0.6647600345606248 0.012501102333307182 0.38475007574110376 1.5043022263830188 0.03134410021335239 3.5979502257067577
2.0 0.18 -0.05830309265063094 -4.808770979791535e-7 0.05830295873699678 0.4865756978087808 2.001513610843028 0.6645915395915343 0.012187127233658494 0.3855909438834334 1.504683614562129 0.029485685681947416 3.59094950258653
2.0 0.17 -0.05839566092452658 -6.220565472441796e-7 0.05839548737545701 0.477928866010371 2.0072584681037697 0.6644095355159938 0.011887360401123953 0.3864037454089998 1.5050957979153323 0.027660148408264845 3.5843266044137647
2.0 0.16 -0.05848333769884201 5.445691337816299e-7 0.058483489897205275 0.4695231299275259 2.0127046333725884 0.6642109233627149 0.011601742622528464 0.3871958084719104 1.5055458512143671 0.025865906840426903 3.578022273654914
2.0 0.15 -0.05856618782879153 -3.315024526028489e-7 0.05856609502518076 0.46128279085241336 2.01784727693385 0.6639918239261433 0.011326251284200983 0.3879629973408057 1.506042640837144 0.02409958490714099 3.5720857179825125
2.0 0.14 -0.05864427575364034 -4.1546534297341e-9 0.058644274588732045 0.4534929499832755 2.0226162146765025 0.6637339446331036 0.011072119342938886 0.3887200549447289 1.5066277807334003 0.02236413565889878 3.5665068642626654
2.0 0.13 -0.05871767444439535 -1.879932248017062e-6 0.05871714656406584 0.4459156776812085 2.027206040915317 0.6634397923115558 0.010826804175587217 0.38946434183281237 1.5072957811526528 0.02065175250168278 3.561284902885257
2.0 0.12 -0.058786515510536264 -1.9065347685029199e-6 0.05878597942922983 0.4389759063024419 2.0314549549069616 0.663054839285445 0.010607562991422986 0.39023222235230715 1.5081708793162125 0.01896755635600205 3.5564283731089326
2.0 0.11 -0.058850961781776956 -3.711231931753042e-6 0.05884991693764563 0.43248909700141175 2.035440002274674 0.6625828098848057 0.010405403873754045 0.39101856855306727 1.5092453125577725 0.017305989424443006 3.5519479130759697
2.0 0.1 -0.05891116821864861 -4.806446154936671e-6 0.05890981342578063 0.4264068543090208 2.0390482032632304 0.6620084303481371 0.01021966167251792 0.3918418306545614 1.5105547817179887 0.01566604336653581 3.5477350586420875
2.0 0.09 -0.058967279854672316 -6.036548844972468e-6 0.05896557644656533 0.4207491405219464 2.042335566581927 0.6613141584239435 0.010049607843966519 0.39271251320044637 1.5121406176804362 0.014045156880578693 3.54380657237744
2.0 0.08 -0.05901938608324342 -7.680309240863696e-6 0.059017216542829744 0.4151758613724263 2.045304768206756 0.6605023908216787 0.009883094934528663 0.3936357711451778 1.513999061768692 0.012439240065429331 3.54006276741928
2.0 0.07 -0.059067450586208436 -7.973428793383041e-6 0.05906519592126897 0.4095056271939223 2.0479804471200334 0.6595820310078717 0.009713739574398058 0.39461401735096996 1.5161116479658405 0.010846142565313865 3.536414060386251
2.0 0.06 -0.059111255943483765 -7.929266368042117e-6 0.05910901148481574 0.4033970340808627 2.0503888587825343 0.6585802139857633 0.009529668272569822 0.39563150903114946 1.5184179220143084 0.009263398728277514 3.532819062788612
2.0 0.05 -0.059150373137628 -8.59837394392411e-6 0.059147936865275155 0.396748580026771 2.052508141386318 0.6575444818688103 0.009327760981381713 0.39665297516338616 1.5208096601432906 0.007690837583474697 3.5293155684707
2.0 0.04 -0.059184156082244976 -8.902130531511094e-6 0.059181631351082335 0.38972560052651745 2.054323886821034 0.6565214515487163 0.00911377711424943 0.3976429012519082 1.5231794751580865 0.006129471756591167 3.5259716611564142
2.0 0.03 -0.05921175300130338 -1.0665499103874529e-5 0.05920872557427026 0.3825756141375417 2.0559644758386186 0.6555947319273849 0.008893975707417071 0.3985327618873292 1.5253325740737664 0.0045795416968616555 3.5229582702389255
2.0 0.02 -0.059232234376887016 -8.759156046164599e-5 0.05920737130621099 0.37796499616795554 2.056528448284748 0.6547093875191137 0.008751783312819887 0.3990904827685009 1.5273952368230046 0.0030449657476261383 3.5229582702389255
2.0 0.01 -0.059244868740311096 -1.2066830639167985e-5 0.059241439608611134 0.37210014795272817 2.0577200752371705 0.6543122940518096 0.00857663437442428 0.39974296689672334 1.5283221927675086 0.001518402436074835 3.518917234733019
# unphysical branch (RS)
# 2.0 0.85 -0.02011642487607415 3.449365296553375e-5 0.02046136140572949 0.8157694272960819 1.3243347287935126 2.185817397461732 0.018643779566968235 0.1226669705939659 0.45749475741260187 0.38002857256341677 0.1
# 2.0 0.84 -0.020101670444679143 4.040772031317225e-5 0.020505747647810865 0.8084592856488712 1.3941858382451486 2.3471435441647066 0.017772753546536377 0.12150430395731936 0.426049783996435 0.34916836832249964 0.1
# 2.0 0.83 -0.02000398212574317 4.464602783202758e-5 0.020450442404063445 0.7998063143805075 1.4443353419472587 2.471727614372138 0.01724232985647986 0.12005856800808246 0.4045753238283165 0.3272637710109197 0.1
# 2.0 0.82 -0.019854860099327853 4.791589357847695e-5 0.020334019035112623 0.7905043461720387 1.4850955642903683 2.582613524429351 0.016791714721227816 0.11820257127548198 0.3872046632377789 0.30919213361752984 0.1
# 2.0 0.81 -0.019670725399380168 5.0560065871235045e-5 0.02017632605809252 0.7797030926986261 1.519653736787185 2.6845478342726032 0.01624313497474457 0.11616300572886827 0.3725022095838188 0.29363328023180923 0.1
# 2.0 0.8 -0.019461700319601483 5.275627207688358e-5 0.01998926304037032 0.7680498804324288 1.5500537808713766 2.781081760796832 0.01566264667109044 0.1140044457787561 0.359572312506728 0.27979050607676914 0.1
# 2.0 0.79 -0.019234771307164833 5.4573913069534e-5 0.019780510437860173 0.7558259805381764 1.5772586837852633 2.874154528743742 0.015072145568643962 0.1117470374167412 0.3479284046836159 0.2672261232440569 0.1
# 2.0 0.78 -0.018994808949387237 5.611314962736467e-5 0.019555940445660884 0.7438570996457213 1.601951501451202 2.964372380888711 0.014559629234671079 0.10946189517060124 0.33733953481923973 0.25572246041600444 0.1
# 2.0 0.77 -0.018745546580740402 5.739480068816735e-5 0.019319494587622076 0.7327466150504254 1.6245884335953082 3.052953453920657 0.014164509812851452 0.10713442718783742 0.32755166925842977 0.245056101691117 0.1
# 2.0 0.76 -0.01848984672550577 5.847938035818401e-5 0.01907464052908761 0.7220841400872428 1.6455297806477942 3.1398630274389094 0.013829984253094278 0.10482160201073239 0.3184852304897101 0.2351334122225992 0.1
# 2.0 0.75 -0.018229878443928316 5.938793090596792e-5 0.018823757752987995 0.7098573809400597 1.6650540394183315 3.2256676771892754 0.013359344389545209 0.102521343640184 0.3100133367958605 0.22582285265309748 0.1
# 2.0 0.74 -0.017967392225654993 6.006005850568222e-5 0.018567992810711816 0.6976739709929957 1.6833450764263715 3.3124239461180687 0.012898648642074713 0.10013661425051751 0.3018937238308311 0.21694574617979023 0.1
# 2.0 0.73 -0.017703762262402445 6.0735172232027557e-5 0.01831111398472272 0.6827007163635787 1.7005431774301645 3.395430389147607 0.012248116705866419 0.09796442255726236 0.2945134741080765 0.20873754577174392 0.1
# 2.0 0.72 -0.017440164413015574 6.123196196371924e-5 0.018052484032652766 0.6693698826801833 1.7167770785871679 3.479233476117973 0.011753320236760213 0.09575096440290323 0.2874196304629061 0.2008943035533301 0.1
# 2.0 0.71 -0.01717753602660252 6.160202782331745e-5 0.017793556304835693 0.6562653538728168 1.7321344375848664 3.5630870599801003 0.011293385590582454 0.0935530970650292 0.2806555055114441 0.19342496939843956 0.1
# 2.0 0.7 -0.016916660512228426 6.16937817091167e-5 0.017533598329319593 0.6442415495297239 1.746652953241714 3.650902396800514 0.01090339043833349 0.09118638560386479 0.27390488468723645 0.1861136096194783 0.1
# 2.0 0.69 -0.016658129490459972 6.209114298875788e-5 0.01727904092034755 0.6309005002723931 1.7606028115726071 3.729449824135882 0.010484861042103907 0.08931901448645567 0.2681360648769959 0.17957432817746694 0.1
# 2.0 0.68 -0.01640250162411383 6.221603246331538e-5 0.017024661948746984 0.6178953155275757 1.7738442128574612 3.8123582942262395 0.01007824018103335 0.08727136508374869 0.26230483150402867 0.17311815292935487 0.1
# 2.0 0.67 -0.016150188029453533 6.227309206303655e-5 0.016772918950083898 0.6047228383598116 1.7864987784373332 3.8951167663544894 0.009674512303947324 0.08527309399466429 0.2567317130613053 0.16694514277779654 0.1
# 2.0 0.66 -0.01590139235108662 6.203838649861682e-5 0.016521776216072787 0.6078394664733796 1.798680187010476 3.98379668597095 0.010231866876507203 0.08308825137978762 0.2510168261150293 0.16086258385870283 0.1
# 2.0 0.65 -0.015656833256963848 6.220832075475858e-5 0.016278916464511434 0.5783706822788875 1.8102186672022218 4.0603706022375485 0.008905809218966982 0.08142382594049599 0.24628293768281392 0.15537023840692968 0.1
# 2.0 0.64 -0.01541631694936213 6.209004652131395e-5 0.01603721741457527 0.5647736389946469 1.8213576214507607 4.143098431072991 0.00851559725467729 0.07956572324191173 0.24136525275384707 0.14992655369927912 0.1
# 2.0 0.63 -0.015180175377535299 6.172441910875585e-5 0.015797419568622857 0.5494451779996942 1.831965260257768 4.23125765777303 0.008026444261736071 0.07755401526611802 0.23633635218667204 0.14451166490432732 0.1
# 2.0 0.62 -0.014948497709179859 6.174907594551186e-5 0.015565988468634977 0.5377279007262471 1.842361666099046 4.307793470309048 0.0077838834796011384 0.07602110092441482 0.23213740558649817 0.13969448398205042 0.1
# 2.0 0.61 -0.014721492449838225 6.152945105398853e-5 0.01533678696037811 0.5241564246473471 1.8522779657213873 4.389796084495484 0.007434073241312544 0.07433074392812872 0.22780101415916437 0.13487792172519447 0.1
# 2.0 0.6 -0.014499187459885127 6.127822292030342e-5 0.015111969689088161 0.5108267352323822 1.8618299702116134 4.471753645265106 0.007106723826086429 0.07268712565006474 0.223625914870969 0.1302407248131427 0.1
# 2.0 0.59 -0.014281669474897035 6.0999541996116516e-5 0.0148916648948582 0.49771526254042664 1.8710387332205962 4.553568011962254 0.006799288716421201 0.0710924538941111 0.2196080079122555 0.12577542792274704 0.1
# 2.0 0.58 -0.014069021451724117 6.0471661177652e-5 0.014673738063500637 0.48871850491362284 1.8798423288731478 4.642290101113066 0.006662574260322863 0.069335245992953 0.21541092396621947 0.12130332093991474 0.1
# 2.0 0.57 -0.013861120129871729 6.0382766635987825e-5 0.014464947796231607 0.4718761822699336 1.8885030861925813 4.716457487407513 0.006227452941009988 0.06805347539615893 0.21202353729889512 0.11732933298042672 0.1
# 2.0 0.56 -0.013658109864180396 6.004128873179343e-5 0.01425852275149833 0.4585880206824358 1.8967888714971026 4.797815040157069 0.00593732429282773 0.0665977375244051 0.20842820984763566 0.11332281437370764 0.1
# 2.0 0.55 -0.013460013185317837 5.94656879138884e-5 0.014054670064456721 0.4468903466620948 1.904716978538176 4.886139861447361 0.005702565306477564 0.0649959223712285 0.20466053538299295 0.10930215982208484 0.1
# 2.0 0.54 -0.01326669413275694 5.9324221248214726e-5 0.013859936345239087 0.4320029686927003 1.912540214060073 4.959262133810576 0.0053825844946169725 0.06383595460825045 0.20164290029807813 0.10573068417482598 0.1
# 2.0 0.53 -0.013078261226348364 5.871225596791319e-5 0.013665383786027496 0.42744135442854747 1.919979919488997 5.047890182674378 0.005425386648298096 0.06231734845132915 0.19810256638154497 0.10197908620665819 0.1
# 2.0 0.52 -0.012894540341796934 5.831286554522624e-5 0.013477668997249196 0.4262300162359699 1.9272405740759884 5.128331829832072 0.00559295220474253 0.06104308933584436 0.19499518228966578 0.09851408765980892 0.1
# 2.0 0.51 -0.012715692359439479 5.816319363809875e-5 0.013297324295820466 0.39343329774598085 1.9342709666678124 5.199232326852326 0.004652569243686698 0.06001240273977247 0.19233608677868247 0.09526805274882769 0.1
# 2.0 0.5 -0.01254150227793177 5.776584530463175e-5 0.013119160730978088 0.3806449033117148 1.9410505743096593 5.2783370860536865 0.0044237730687236845 0.05882273126543162 0.18945360701615274 0.09200685559824097 0.1
# 2.0 0.49 -0.012371995756556564 5.7363377722594555e-5 0.01294562953378251 0.3679013234934789 1.9476127538465722 5.356971134149159 0.004201974465213998 0.05767287313107842 0.1866726504507904 0.08884952468625994 0.1
# 2.0 0.48 -0.012207134815364756 5.6734255456296696e-5 0.012774477369927723 0.3545111534313905 1.9538725623872553 5.443942077200309 0.003952150134785361 0.05637787310112893 0.1836904187845945 0.08565496631422086 0.1
# 2.0 0.47 -0.012046644351928038 5.635543428901251e-5 0.012610198694818163 0.34389532722298854 1.960027506495344 5.521330805226746 0.003808393854708548 0.05531462009925772 0.18111575547209632 0.08270361243839146 0.1
# 2.0 0.46 -0.011890977861814617 5.6156893671388894e-5 0.012452546798528506 0.3308783465116904 1.9660673494749277 5.589156342167924 0.0036043079967079776 0.054461437312620466 0.1789178793327723 0.0799627965445433 0.1
# 2.0 0.45 -0.011739654446199593 5.552420616344728e-5 0.012294896507834066 0.3193694656296366 1.9717375922551192 5.675082710920389 0.0034263193767138803 0.05328008935724128 0.17620888556843947 0.07705057885667403 0.1
# 2.0 0.44 -0.011592696010152087 5.512209702891648e-5 0.012143916980441252 0.3083729582331645 1.9773153022524286 5.750849488500389 0.0032773835436505534 0.05231769037927117 0.17388735385957096 0.07435266219744391 0.1
# 2.0 0.43 -0.011450055683159849 5.495561933093422e-5 0.011999611876469191 0.2947019480334589 1.982808389632676 5.8154716121907 0.0030660971139788206 0.05157291861405909 0.17195509954923466 0.07185489948166746 0.1
# 2.0 0.42 -0.011311713780059851 5.4553672791943235e-5 0.011857250507979283 0.28288340784624555 1.9880317639139626 5.889707498355549 0.0028993779146145923 0.0506720887955401 0.1697877187074583 0.06930438800013361 0.1
# 2.0 0.41 -0.011177580907973522 5.415985711753613e-5 0.011719179479148883 0.27106919694268244 1.9930863737976656 5.962939819972076 0.0027356350093734527 0.049806531145987515 0.1677025142280713 0.06682812409190805 0.1
# 2.0 0.4 -0.011047555462909114 5.3633950782526996e-5 0.011583894970734384 0.25965472930380695 1.9979169643302894 6.042016813318189 0.002579276110240323 0.0488635363044799 0.16550764933254372 0.06435168932524792 0.1
###
2.3 0.99 -0.00019370277015383938 -8.551942248975764e-14 0.00019370276929864516 0.9804710340864514 0.9804750655391662 0.44893718941934996 0.0018409494473938081 0.0018609522115121651 2.2274830946694077 2.205206283449066 0.1
2.3 0.98 -0.0007651643774052087 3.225899647234243e-12 0.0007651644096642052 0.961916792887282 0.9619334632068051 0.45567293902581896 0.007304939608392752 0.007385224876008255 2.1945564775865236 2.1506574800785665 0.1
2.3 0.97 -0.0016999624523619493 3.446729143416483e-12 0.0016999624868292407 0.9442837210056777 0.9443172162062899 0.4626825289976323 0.015806002923724742 0.015962466494632635 2.161309185731362 2.0964547331930428 0.1
2.3 0.96 -0.0029836940228962407 -4.66583087270489e-12 0.002983693976237932 0.9275933002469684 0.9276645090055443 0.469916138811459 0.0271401442539837 0.027462611873852377 2.128039276389319 2.0428867484422386 0.1
2.3 0.95 -0.004601917510017319 -7.379230481871502e-11 0.004601916772094271 0.9118177388015222 0.9119838516960116 0.4774014799611956 0.04088017890557007 0.04160899962857022 2.0946730204549904 1.9898701314635558 0.1
2.3 0.94 -0.006540073137469217 -4.770089139655154e-10 0.006540068367380077 0.8969024438143957 0.8973010465896091 0.48516547782147784 0.05650414306407677 0.0581974077734606 2.0611524226543616 1.9373241104124177 0.1
2.3 0.93 -0.008783378480469908 -2.6588083595902035e-9 0.008783351892386312 0.8827049737628199 0.883603611921697 0.4932584135635609 0.07315333091782285 0.07684613900453786 2.027334907022606 1.8850780323789593 0.1
2.3 0.92 -0.011316689663819143 -9.03796473841756e-9 0.01131659928417176 0.8692705233762176 0.8709294174137211 0.5017415533831459 0.09078807996095936 0.09737549368480282 1.993057966311927 1.8330072869443792 0.1
2.3 0.91 -0.014124324215778118 -2.5401463288159122e-8 0.014124070201145237 0.8564867598443509 0.8593095536340516 0.5106845327500135 0.10872525560284725 0.11954292627115941 1.9581560354198406 1.7809375842012385 0.1
2.3 0.9 -0.017189809316021466 -5.8075182089029066e-8 0.017189228564200576 0.844423526145546 0.8487896488089642 0.5202066835209997 0.12699154121402847 0.14311208637874692 1.9223128646320662 1.7286307291040348 0.1
2.3 0.89 -0.020495468189663052 -1.12962404269501e-7 0.020494338565620357 0.8331718684484863 0.8394393003267682 0.5304861188058098 0.14560316738880158 0.16784798140818785 1.8850634626427634 1.6757266933043342 0.1
2.3 0.88 -0.024021647856307768 -1.8927382302025287e-7 0.024019755118077565 0.8229593194994876 0.8313754376459167 0.5418277695877821 0.16489289964419193 0.1935159059016412 1.8456049249022273 1.6216135093633046 0.1
2.3 0.87 -0.027745244420197657 -2.744772573809451e-7 0.027742499647623847 0.8141512717002555 0.8248064737714595 0.5547519808993264 0.18531932225067646 0.21987589084684192 1.8026073532515696 1.5652619758609991 0.1
2.3 0.86 -0.03163713754543164 -3.4730878050864834e-7 0.031633664457626554 0.8071877205200406 0.8201100487883719 0.5701177124052335 0.20700088860998614 0.2466678049789632 1.7540237362231104 1.505049058344143 0.1
2.3 0.85 -0.03565779749053548 -3.7775834539344193e-7 0.035654019907081544 0.8026811469886621 0.8179959987443628 0.5893932618742771 0.22961904618316004 0.27359096857280163 1.6966600480297123 1.438423427422136 0.1
2.3 0.84 -0.039748957041316646 -3.1595069685044776e-7 0.03974579753434814 0.8016573024446472 0.8198893128896176 0.6153529918827715 0.25218082198083547 0.3001874364122572 1.6250835101009897 1.361037592872592 0.1
2.3 0.83 -0.04381425103042588 -2.420660828242327e-8 0.04381400896434306 0.8059872098811393 0.8293634271113454 0.6545297770585693 0.2713651305287065 0.3257361051015319 1.52781437155382 1.263573137500126 0.1
2.3 0.82 -0.04765759620491736 1.7627891741554824e-6 0.04767522409665891 0.8048553979846941 0.8592953619831755 0.7266923296974542 0.247107399724294 0.34943087867596995 1.3760981905730763 1.120009990995885 0.1
2.3 0.81 -0.05068317152130941 3.158532752506882e-5 0.0509990247965601 0.7668735101547532 0.9941218327707453 0.9354069088918845 0.1206661516328066 0.37422273155720925 1.0690534680619737 0.845395226156322 0.1
# physical branch (1RSB)
2.3 0.8 -0.05534256549150948 -4.7726529075059476e-5 0.05533302018569447 0.8296307078973704 0.8721757253419947 0.5770811209265281 0.30399579762145756 0.3973408483907383 1.7328586289471004 1.0129067000805574 5.0
2.3 0.78 -0.062169653990002904 -5.921358122284309e-5 0.062157811273758336 0.8445526583582099 0.9146584900901082 0.5421404186515417 0.2963543939233444 0.44121544275766617 1.8445405758295732 0.8737835586932122 5.0
2.3 0.77 -0.06536756991513581 -8.694379667405387e-5 0.06534419062698296 0.8264327699616456 0.928717712648515 0.5551541130394111 0.26682558915125754 0.4637674184703975 1.8013016142942797 0.823058204385614 3.7188384909591456
2.3 0.76 -0.06842614937446184 -2.829525203461551e-5 0.06841785005356903 0.8217723334800434 0.9486421362377162 0.5522097823042063 0.25179206089934253 0.48509862522021385 1.8109059854523017 0.77176731470361 3.4093454633269595
2.3 0.75 -0.07134419199195774 -1.3444901351483448e-5 0.07134003295481524 0.8185999398078979 0.9690125459954742 0.5471564787254648 0.2398153904871273 0.5058306057832822 1.8276307398011236 0.7257633793705729 3.23269566748772
2.3 0.74 -0.07412853540522996 3.588138039030304e-5 0.07414010199039563 0.8160535422709858 0.9901884410562984 0.5419677533289269 0.22923700907922545 0.5261438252912817 1.845128227385676 0.6838164074357738 3.1021584915830456
2.3 0.73 -0.07678645684129976 5.3262933333170264e-5 0.07680423077771562 0.8133450833515057 1.0113436242915048 0.5368606044904247 0.21955177268765932 0.5458727647396634 1.8626809112752396 0.6459031742357695 2.9966875140636895
2.3 0.72 -0.0793250800802432 1.5842622105091185e-5 0.07933052599767161 0.8103027474053236 1.0321036968333912 0.531819297892445 0.2106898185745889 0.5650149784663115 1.8803379342624762 0.6116953508833219 2.909082319614638
2.3 0.71 -0.08175123349732838 1.883561617270456e-5 0.08175788534362897 0.8073301203232953 1.0531697457583482 0.5272763933527613 0.20259643595274462 0.5837002445366298 1.896538537675391 0.5803474494501353 2.8316373111354736
2.3 0.7 -0.08407136726664055 -1.3507499948673582e-5 0.08406648395534379 0.8044317388145165 1.0742354589932264 0.522894661390275 0.19519815921498287 0.6017429456654965 1.912431076158235 0.551534533390242 2.7660534272362205
2.3 0.69 -0.08629151419299724 -1.3320762793569067e-5 0.08628658972337126 0.8012841977407812 1.0952270726184752 0.5189018414761513 0.18833212041891295 0.6194293253689571 1.9271467550688226 0.5251055062377172 2.705014713318932
2.3 0.68 -0.08841731768876304 2.808624464724598e-5 0.08842791714368711 0.7984038932038847 1.1168054055829213 0.5152011178788929 0.18195837761399877 0.6367497302453078 1.9409895772684789 0.5004063198006878 2.6497819792095134
2.3 0.67 -0.09045406926258015 2.8668709147152916e-5 0.09046509805276717 0.7950002885991196 1.1376789531757878 0.5116352296202675 0.17597569791686385 0.6535621431058799 1.9545174806320391 0.47774942180680807 2.599442791185329
2.3 0.66 -0.09240665484143651 3.327723086917442e-5 0.09241968866104287 0.7914642093720544 1.1583748543654706 0.508305332270331 0.17041181064739816 0.6699208317766527 1.9673214828054797 0.4567216776027722 2.553144962427199
2.3 0.65 -0.09427962491507325 3.1296750666131516e-5 0.09429209193036481 0.7876837257160604 1.1788093844785061 0.5051350765116049 0.16515348211649652 0.6858647079489046 1.9796685015538138 0.4371208443005479 2.5103643441678036
2.3 0.64 -0.09607721331899038 3.555470309692298e-5 0.09609160444503767 0.7837738789053715 1.19901144034238 0.5021930100902363 0.160244120320652 0.7013475503898398 1.9912662659727494 0.418826635049018 2.470599102537058
2.3 0.63 -0.09780340469365834 6.0473380457338636e-5 0.09782826447377169 0.7795303581018598 1.2188612039503923 0.4994670236686103 0.15559330465703117 0.7164999906954291 2.002134180260689 0.4017411235236757 2.4325790566772265
2.3 0.62 -0.09946203522230207 6.11943366525795e-5 0.09948755254997776 0.7752825853895007 1.238399658898603 0.4969222065723422 0.15125846813096352 0.7310062223556404 2.0123874255847327 0.3856811179149819 2.3981483261222114
2.3 0.61 -0.10105676579031753 1.4512584731209327e-5 0.1010628985215074 0.7704821848347098 1.2567879325409828 0.494473581729866 0.1471712968635745 0.7449327596805977 2.0223527341978538 0.37075877529587503 2.366414617219994
2.3 0.6 -0.10259096338661827 -2.5957521304814734e-5 0.1025798593524132 0.7661757424527949 1.2758127821195675 0.4922246608718406 0.14329911201185447 0.7582810688092926 2.0315926435477154 0.3563822032929713 2.3376658271612
2.3 0.59 -0.1040678670882389 1.8475959581071668e-5 0.1040758712991585 0.7615792274882095 1.2944449324295286 0.49027504178446035 0.13971926487325034 0.7715187717448425 2.039671439036111 0.3429677699043135 2.30827994997145
2.3 0.58 -0.1054904916832422 -7.273654361258853e-6 0.10548730517043277 0.757108087874141 1.3127850374617425 0.4883761970427136 0.13631493801191708 0.7839780880656885 2.047601840661654 0.3301484694032618 2.2826377285287456
2.3 0.57 -0.1068616484478323 1.4816602961481196e-7 0.10686171408122297 0.7523902746126956 1.3306866226559015 0.48661720096896754 0.1331058813237796 0.7962356075989796 2.055003394883632 0.3180609551687687 2.257479434013024
2.3 0.56 -0.10818394937363596 5.880959180846938e-6 0.108186582139433 0.7476065405882919 1.3482384188401664 0.48497984535529515 0.13007316613783299 0.8080742783809771 2.061941356073058 0.30657288836068947 2.23375705786683
2.3 0.55 -0.10945981309906527 3.8877668812616306e-5 0.10947739404306714 0.7431851253870383 1.3659791880838812 0.48345921168734485 0.12728775082007168 0.8196186811475684 2.0684268203513 0.2955914036727164 2.2113527469565946
2.3 0.54 -0.11069148760211 5.3391033946715214e-5 0.11071587139526692 0.7380594501033758 1.3826741742679114 0.4819866015183569 0.12453109782102607 0.8308700455188465 2.074746469818445 0.2851948364281773 2.189611501505358
2.3 0.53 -0.11188104095278173 4.2035583567633934e-5 0.1119004167532226 0.7328780010093713 1.3990273562671836 0.48056744940129636 0.12187313475667916 0.8416743959335883 2.0808733534612616 0.2752144369991122 2.1694888784553337
2.3 0.52 -0.11303036857336168 3.551497466351235e-5 0.1130468855080461 0.7275934426974101 1.4150455132030153 0.4792173224667149 0.11932908269875049 0.8522094211145548 2.0867359194208968 0.2656602018334513 2.150215844651245
2.3 0.51 -0.11414122150202377 3.5471771386915504e-5 0.11415786123065308 0.7222529398596144 1.4307369500801168 0.4779376148388714 0.1169079053694367 0.8624770404444501 2.0923232843624033 0.2565070203097567 2.1317517957857213
2.3 0.5 -0.11521522536468476 2.9599438182104552e-5 0.11522922631941877 0.716722470323215 1.4460972272231953 0.4767074048190134 0.11453122826442745 0.8724653069905566 2.0977228167447057 0.24768665509421384 2.1141014126840294
2.3 0.49 -0.11625385270124433 4.422393190948514e-5 0.11627494425108785 0.7110154521843305 1.4611282867497364 0.4755475744001363 0.11223611752791596 0.8823012729904145 2.102839029851887 0.23921638714659088 2.096760657115706
2.3 0.48 -0.11725847695518676 2.2134059785698427e-5 0.1172691138229958 0.7052737719190774 1.4757879023429836 0.47441206359270205 0.10999860918321132 0.8916793087694269 2.107872199595947 0.23101795901846198 2.0808813443074485
2.3 0.47 -0.11823038289217302 2.059273562636324e-5 0.11824035399553627 0.699376319018295 1.4901700963183453 0.4733434996270307 0.10782707065553249 0.9009134752889306 2.1126306810761046 0.22311642222581107 2.0652414157363035
2.3 0.46 -0.1191708382651685 1.8688086083622664e-5 0.11917995326852317 0.6932492793797478 1.5035134923448952 0.47223648605750657 0.10581607698060963 0.9100409299842325 2.117583095598049 0.2156096539283855 2.0502555354576564
2.3 0.45 -0.12008089182190396 1.8140775004941508e-5 0.12008980258803155 0.6871751444367057 1.517348500118338 0.47128509422156917 0.10375065654949651 0.9187460220873405 2.121857899307678 0.2082008826879584 2.0358266332192674
2.3 0.44 -0.12096163844653474 1.8475885258367342e-5 0.12097077630617054 0.6809579027355361 1.5308451885862138 0.47038193361071556 0.1017293829805146 0.9272157364187038 2.125931989615046 0.20102583527035325 2.0219051281970217
2.3 0.43 -0.12181404504989057 1.8490450016042525e-5 0.12182325118147383 0.6746066600166567 1.5440126928492166 0.4695216832645721 0.09974869454085226 0.9354529257365551 2.1298270892347846 0.194068058289742 2.008492910276553
2.3 0.42 -0.12263902764477908 1.8022426846808836e-5 0.12264805881229378 0.668135634983651 1.5568538561945864 0.46869704708698356 0.09780938896391048 0.9434703827182158 2.133574355151449 0.18731550280253473 1.99558106052928
2.3 0.41 -0.12343744797035161 1.746563257535478e-5 0.1234462550422705 0.6615450778411751 1.5693751204197381 0.46790523554910735 0.0959078967317081 0.9512786933449547 2.1371848913518914 0.1807555452814509 1.9831372715259783
2.3 0.4 -0.12421010010510569 1.3028513952428364e-5 0.12421670956766777 0.6548271335019258 1.581582827184849 0.46714396255587154 0.094033613616708 0.9588607982215528 2.1406677173536135 0.17437121808741463 1.971191126368216
2.3 0.39 -0.12495771480453355 1.3646104322380854e-5 0.1249646785654797 0.6479911397670713 1.5934790509010157 0.46641480671424174 0.09219699099753623 0.966272296634836 2.144014267138543 0.16816275213396736 1.959588278216427
2.3 0.38 -0.12568098387043014 1.2257753179772234e-5 0.1256872750082064 0.6410372140178453 1.6050666203189548 0.4657213684367856 0.09038677879920089 0.9734604609801266 2.14720660844175 0.1621124695812388 1.9484159488668125
2.3 0.37 -0.12638055797829717 3.5642134214161214e-6 0.1263823973430102 0.6339772733312102 1.6163606848816165 0.465065084599414 0.0885961198917455 0.9803862927613186 2.150236672489303 0.1562057877873851 1.9377415452987574
2.3 0.36 -0.12705705691627145 1.1326173889139794e-6 0.12705764455171287 0.6269012042378711 1.6272382179709113 0.46443047540734295 0.0868795180849586 0.987153242266185 2.153174808614613 0.15047052870397043 1.927415041851152
2.3 0.35 -0.12771106975345958 -3.4245417802857647e-6 0.12770928367292242 0.6195824154623937 1.6379944672428448 0.46387806757190075 0.08512239118765136 0.9936275510566692 2.15573891051661 0.1448357430774963 1.9173501468884357
2.3 0.34 -0.12834314804124503 -1.8677558684560336e-6 0.12834216893001807 0.6122555214277507 1.6483797581110942 0.4633531720447155 0.08343012090918345 0.9999322848674431 2.158180973677451 0.13935184386110894 1.9076033621451391
2.3 0.33 -0.12895379377973637 5.164874482972011e-6 0.12895651491183927 0.6047612079314147 1.6584322951815609 0.46287432455062927 0.08175223732765277 1.0060496307429834 2.160413630569866 0.13399348919841958 1.898060912763708
2.3 0.32 -0.12954346142671047 3.2574271448389918e-6 0.12954518585560726 0.5972111942686248 1.668230637152209 0.46242987150634374 0.08009145820513583 1.0118959868918034 2.162490058746736 0.12874290978232167 1.88898895797153
2.3 0.31 -0.13011259239156303 2.273622775684551e-6 0.13011380162124275 0.5895925198101912 1.6777224495451997 0.4620124208021643 0.0784596030341787 1.0175553438313591 2.1644439737437375 0.12360739674688856 1.8802240912642951
2.3 0.3 -0.13066159061976723 1.2845791608352155e-6 0.13066227691138296 0.5819041086670574 1.6869261891606864 0.4616160307966233 0.07685153280914607 1.0230366567234415 2.1663025832839358 0.11857886706798132 1.871768693351123
2.3 0.29 -0.1311908380656508 3.6660439869924586e-6 0.13119280523986532 0.5742246476480521 1.695781017250037 0.46122532778948444 0.07529398747848472 1.0283860115486818 2.168137653655538 0.11366450764992139 1.8636092115922909
2.3 0.28 -0.13170068237214605 1.757747619612933e-6 0.13170162956094383 0.5664047227449723 1.704416093603414 0.4608649965892535 0.0737284195846964 1.0335230750672453 2.16983283044004 0.1088337218297479 1.85575212008956
2.3 0.27 -0.1321914381999052 4.037766307264058e-6 0.13219362301017107 0.5585111077502821 1.712764351463853 0.46052417632929354 0.07218484001372673 1.038519067057592 2.1714386592484956 0.1040980171602841 1.8481084469159261
2.3 0.26 -0.13266337632613334 -7.18594100868524e-7 0.13266298596113693 0.5505385338873923 1.72084577850539 0.4602007252010363 0.07064861105873249 1.0433028394979893 2.1729648504207715 0.09944414825472943 1.8408261690348149
2.3 0.25 -0.13311672788800566 1.1612275421659797e-6 0.13311736115429407 0.5424973236253833 1.7286290083289333 0.45989299302206554 0.06913615916575891 1.0479708010093922 2.1744188651989744 0.0948796830310748 1.8337112892673924
2.3 0.24 -0.1335516894165102 1.9304285345935674e-6 0.13355274608404094 0.5344705773312827 1.7360882460328 0.4595961745811905 0.06765900861304097 1.052469012529383 2.1758231580392424 0.09040111621760795 1.8269024820128767
2.3 0.23 -0.13396846298230902 3.2212040145703667e-6 0.13397023258393573 0.5263246196832285 1.7433143374541262 0.45933789478912035 0.0661798352958075 1.0567655365452822 2.1770465954242573 0.08599342715427367 1.8202989678345785
2.3 0.22 -0.1343672335112429 3.303171355161355e-6 0.13436905445689887 0.5182050809175343 1.7502233752447365 0.45909942344438526 0.06473423618175687 1.0608700826985131 2.1781774250499315 0.08166403606265563 1.8139867844805784
2.3 0.21 -0.13474817676622808 8.696620020678756e-7 0.13474865779435746 0.5099987998314529 1.7568918961852682 0.45889759690867216 0.06328967237708145 1.0647507269855823 2.1791354034896298 0.07739981500200914 1.8079233810732813
2.3 0.2 -0.1351114528504127 6.373444141347872e-7 0.13511180651246113 0.5019165216152723 1.7632240548657898 0.4587052156513367 0.061899012104563174 1.0684769843994102 2.1800493342550173 0.07321332088796564 1.802128379264629
2.3 0.19 -0.13545723039549384 2.342162340285846e-6 0.13545853410447575 0.4938168127637836 1.769295004862368 0.4585367362390993 0.06052535604296336 1.072032946120658 2.1808503462600655 0.06909137644424439 1.796537703419234
2.3 0.18 -0.13578565792394748 -1.6165256410589686e-5 0.1357766338167052 0.48538696647602236 1.7750367929718258 0.45839336552720467 0.059097131347797524 1.0752845825800528 2.181532446155466 0.06501489297111047 1.7913413456430443
2.3 0.17 -0.1360967709471309 4.863036142739315e-6 0.13609949349706094 0.4780001270154337 1.7804019567199276 0.4582244115495506 0.0579192421646268 1.0786392363225952 2.1823368087666024 0.061050435712012935 1.786206412268803
2.3 0.16 -0.13639072036052202 -8.065500759754822e-8 0.1363906750840754 0.46992084160951425 1.7857353002990117 0.4581386254218446 0.056587963324038454 1.08155862618287 2.1827454497625474 0.0570996796673045 1.7813899636397401
2.3 0.15 -0.13666762454760517 -9.228578170208447e-6 0.1366624308502436 0.46194178154219323 1.7908418199420728 0.45808817704205806 0.05528314816878228 1.0842205185548512 2.1829858313679815 0.05320310377048513 1.776880231507271
2.3 0.14 -0.13692764800486168 -1.5956887513322204e-5 0.13691864618821756 0.45419714354807494 1.7955865943005684 0.45805796761830764 0.05404082451569248 1.086688077887685 2.183129801670177 0.04936800588622434 1.7726296973335782
2.3 0.13 -0.13717093695884852 -2.149278434345396e-5 0.13715878493476202 0.44672449148169874 1.8000072204266133 0.4580537895422018 0.05286027526843534 1.0889352643587369 2.1831497147953782 0.045589253768466106 1.76865880041616
2.3 0.12 -0.13739763044233422 -2.7116600640541064e-5 0.1373822669232414 0.4395873132672878 1.8040055422306414 0.45807229389839255 0.05175427672649117 1.0909478719889025 2.1830615239563373 0.04186626509803007 1.7649993127696264
2.3 0.11 -0.13760790557824143 -3.057702610030002e-5 0.13759054804154167 0.43275210957545 1.8077446396103234 0.45813899961102345 0.05070375016875014 1.0926890233903537 2.1827436669854263 0.038190134730271046 1.7615993921946589
2.3 0.1 -0.13780190528372394 -3.498216749238196e-5 0.13778201228052778 0.42627668262059193 1.8111594000467215 0.4582495468527902 0.04971742669122616 1.0941351425919255 2.182217106089672 0.0345591680085394 1.7585161550236472
2.3 0.09 -0.13797972263356983 -3.2443065365695516e-5 0.1379612435512069 0.4202383820079196 1.8140793817886207 0.45839125220236787 0.048820122687954895 1.0953576747249099 2.1815425036918574 0.030975648809831825 1.755664308892548
2.3 0.08 -0.13814134248588883 -3.206631353545923e-5 0.13812305144030876 0.4145077660606495 1.816771111026723 0.45860249119308394 0.04796475892440897 1.096219597235095 2.18053765342276 0.027426076962233665 1.7531153916316777
2.3 0.07 -0.13828661430277867 -2.703857951135624e-5 0.13827117013672222 0.4089188443210016 1.819160043315816 0.45887666961155027 0.047131366607425076 1.0967985644331286 2.179234784035815 0.023908495355081633 1.7507309499605208
2.3 0.06 -0.13841516555937017 -2.572445896006966e-5 0.13840045389330238 0.40332050743418263 1.8213070061978132 0.4592183948164358 0.04628639484965643 1.097040952562488 2.1776131167387853 0.02041736596616386 1.748575507460728
2.3 0.05 -0.13852638851297117 -2.9109228625208665e-5 0.13850972284836055 0.39773424240460353 1.8232028835297485 0.45961700334539 0.04543390543321332 1.0969703607919514 2.1757245548388164 0.016952461126711893 1.7466587325096452
2.3 0.04 -0.13861943735627558 -2.877317384137512e-5 0.13860294824652813 0.3926516045866457 1.8247188541291652 0.4600295012499742 0.04466385733594942 1.096719735018015 2.173773632523214 0.013518268526894773 1.7449804314535033
2.3 0.03 -0.13869325777249075 -9.542577495059929e-5 0.1386385719013884 0.3901021148805622 1.8255482565856325 0.4603107737589396 0.044267591860358224 1.0959657547255415 2.1724453499836844 0.01011757907965021 1.7449804314535033
2.3 0.02 -0.138746866526551 -2.645078018606841e-5 0.13873168662838303 0.38447736635775825 1.8267457542598762 0.4607720253247817 0.043427429101595486 1.095953066154094 2.17027064369877 0.006725161191342002 1.742487327213857
2.3 0.01 -0.13877931643811958 -4.351394679219498e-5 0.13875434412060966 0.3838731020933794 1.8268157805404073 0.46089376516240255 0.04335521038170777 1.09563596706536 2.1696973914317 0.0033611150823942815 1.742487327213857
# unphysical branch (RS)
# 2.3 0.8 -0.05233630960024149 7.82258887834425e-5 0.05311856848807592 0.744409519794166 1.1259005596127611 1.0869550603072862 0.08248113605862076 0.3944275670302715 0.9200012369575763 0.711045275088329 0.1
# 2.3 0.79 -0.053387672248143725 9.987023856085522e-5 0.05443217915532276 0.7303637431534747 1.2002858841934532 1.1644247963952004 0.07265685371336603 0.4063599232901595 0.8587931166493337 0.653240090179385 0.09561472296107751
# 2.3 0.78 -0.05406798548258468 9.988180851017956e-5 0.05522547436708762 0.7175627152954539 1.2564580562630052 1.2258254124289651 0.06743360666575951 0.41295650803952677 0.8157768552199505 0.6130496263140115 0.08629180793651565
# 2.3 0.77 -0.054574224688508366 9.984374226911401e-5 0.055817474528997296 0.7054356406442609 1.3008198838763434 1.274810029957381 0.06433050048895214 0.41744478502763266 0.7844306026000059 0.5821757970780923 0.08030867088617415
###
1.7 0.99 -6.156745091697325e-5 4.031896262075342e-10 6.157148281323533e-5 0.980493535845417 0.9806432339911554 1.2125890474817802 -6.735860262951737e-5 0.0003694373882675944 0.8246817024091796 0.816391642581989 0.1
1.75 0.99 -7.020876431777985e-5 -1.3197256294782222e-10 7.020744459215037e-5 0.9801305614736182 0.9806210927751073 1.0806005890473427 2.6170044631179295e-5 0.00044623515505158026 0.9254113038024528 0.9161156043184967 0.1
1.8 0.99 -7.933163295477505e-5 -1.9977780878427476e-11 7.933143317696626e-5 0.9804327559492658 0.9806004945759983 0.9713418422931182 0.0003526684712470652 0.0005304478520257171 1.0295036787864777 1.019191041839916 0.1
1.95 0.99 -0.00010942087064324255 -4.0377780760321276e-11 0.00010942046686543495 0.9803811650297779 0.9805516515405747 0.734574970428355 0.000521037393356005 0.000836979631611731 1.3613314368945444 1.3476868442440115 0.1
1.85 0.99 -8.891984109398311e-5 4.5613214114933807e-10 8.89244024153946e-5 0.9804580594443447 0.98058289835903 0.8794828559026513 -3.01697861403974e-5 0.0006242767835345013 1.1370318287485623 1.125596720250679 0.1
1.9 0.99 -9.89519141711664e-5 -1.102055640213144e-10 9.895081211552619e-5 0.9802539943741992 0.9805665786091824 0.8014562934162993 0.00023972387660274957 0.0007263444271222623 1.2477286761794402 1.2352032139831444 0.1
1.875 0.815 -0.020063530537208538 2.4895375193835498e-5 0.020066459214871282 0.8575236328535646 0.9827759803232687 0.9614094226545289 0.04708656148394448 0.11138665390916676 1.0401395871895238 0.4022459740432927 8.50055146407087
1.9 0.815 -0.021570759096193548 4.9832504701256014e-5 0.021576950608071424 0.8548015234168028 0.9704645692748891 0.9277224948601832 0.055167005192319624 0.12224522706573626 1.0779085400432273 0.43849294761084534 8.048519599763864
1.925 0.815 -0.02311597970408176 4.797537773401627e-5 0.023122225850895333 0.8528836112943203 0.959547606132205 0.8957801536024519 0.06413954024177691 0.13356855677248652 1.1163453398452963 0.4752063259706364 7.680795723495292
1.95 0.815 -0.024697451751170843 4.845462636215268e-5 0.024704042020262922 0.850966944431693 0.9492172420806679 0.8661495283441978 0.0740032944161646 0.14541108405456293 1.1545350626833233 0.5130529597187157 7.352450360545922
1.975 0.815 -0.026313476993850476 1.995772636213014e-6 0.02631375897455191 0.8490969251933792 0.9394082347929793 0.8377861781751177 0.0847462820405865 0.15773131257360729 1.1936219838076356 0.5518009627283423 7.077692289081506
2.025 0.815 -0.029638560995921714 -4.456843517698418e-5 0.029631978920271404 0.847277601648458 0.9217231426119246 0.7846308527576715 0.11022040641632667 0.18384388954777428 1.2744846783495591 0.6324128123445917 6.771182457448989
2.05 0.815 -0.03134796937681078 -5.8786354491582474e-5 0.03133913394106346 0.8460528772552239 0.9134280486198099 0.7607416323569973 0.12439216050689796 0.19764576003230502 1.3145067358831266 0.674099305820016 6.653475411150069
2.075 0.815 -0.03308553568316261 -6.050223019697495e-5 0.03307636318698866 0.8450537018212088 0.9056291782392958 0.7378697026084904 0.13977167274572194 0.21194771421701025 1.3552528264337664 0.7165285637865881 6.596048561873069
2.1 0.815 -0.03485006293968279 -3.952338087032928e-5 0.034844037320941046 0.8438003142314728 0.8980352705972527 0.7165094804448744 0.1561908498466892 0.22678388103309957 1.3956549456667477 0.7600848656017198 6.559223635659804
2.125 0.815 -0.03664032678502804 -1.9609289532036385e-5 0.03663733721025193 0.8425614491229223 0.8910349903135273 0.6962860584519435 0.17336564988726377 0.24200584617736312 1.4361913294994082 0.803561419284204 6.559223635659804
2.15 0.815 -0.0384551361310527 8.561019543188116e-5 0.03846818801038891 0.8411121785460405 0.8841080544798847 0.6780505052923056 0.19190685674766025 0.25795518441271253 1.4748163922817286 0.8488963718977312 6.559223635659804
2.175 0.815 -0.040459029404175145 9.23093705758106e-5 0.04046071400563191 0.9637518698920812 0.9741038677115018 0.5243632069742645 0.2513622224811692 0.26944745391402075 1.907075070675372 0.7466029791077504 54.79596981526063
