0.0 -0.0008737101491295036 1.6323403967790897e-6 0.0008737136385613472
0.05 -0.000872893192277938 0.00011098016627768267 0.000873130433068506
0.1 -0.0008706654883627674 0.0002725439041527796 0.0008712481017562627
0.15 -0.000867379132759861 0.0003136181439038873 0.0008680495499964877
0.2 -0.0008633123122880398 0.00018329664199481349 0.0008637041430242321
0.25 -0.0008586801722836965 -0.0001589444009593481 0.0008583403990016344
0.3 -0.0008536563040375906 -0.0007390326242838468 0.0008520764840578474
0.35 -0.0008483858582782871 -0.0015779606847091843 0.0008450126732049372
0.4 -0.0008429931748233244 -0.002724660832733766 0.0008371687044547155
0.45 -0.0008375859387919782 -0.0041901418756845575 0.0008286287295489088
0.5 -0.000832256530616614 -0.0060217037236631335 0.0008193840165459993
0.55 -0.0008270804254888508 -0.008253663486406113 0.0008094366814193153
0.6 -0.0008221102238329886 -0.010931005428336023 0.0007987431623435163
0.65 -0.0008173618926028284 -0.01419699589032228 0.0007870131677659544
0.7 -0.0008127841424499082 -0.018037911824610713 0.0007742247439105261
0.75 -0.0008081893450018569 -0.02258597280333921 0.0007599076184255381
0.8 -0.0008030785940760536 -0.02790520073532509 0.0007434260263654848
0.85 -0.0007961246495986956 -0.03389924957575464 0.0007236586852849071
0.9 -0.0007832230845835151 -0.03784632457793964 0.0007023195117730253
0.91 -0.0007789622425481884 -0.038120386938275415 0.0006974728103610931
0.92 -0.0007736585061487306 -0.03912194165590399 0.0006900280640769242
0.93 -0.0007668730425458327 -0.037714807291786355 0.0006862506124474768
0.94 -0.0007650422669866416 -0.040646566567183996 0.0006781526549982319
0.95 -0.0007255208614679329 0.0020842519375381227 0.0007299763384598073
0.96 -0.0006966177617763122 0.0001812467261476991 0.0006970052104353057
0.97 -0.0006197293726247454 0.00018798962063546463 0.0006201312354774876
0.98 -0.0005524360739831538 6.405987022162724e-6 0.0005524497679744
0.99 -0.0005094210370404803 0.0 0.0005094210370404803
