### 1:α 2:Δ 3:ρ_left 4:ρ_right 5:E_left 6:E_right
3.0 0.00115 10 0.9999938466732173 -1 0.0022896712090759636
2.975 0.00115 10 0.9999937810474058 -1 0.0022608557892627914
2.95 0.00115 10 0.9999936220200689 -1 0.0022320390271580543
2.925 0.00115 10 0.9999934813271989 -1 0.00220322088720614
3.0 0.0013224999999999999 10 0.999992389491492 -1 0.002632236462556549
2.975 0.0013224999999999999 10 0.9999923176752499 -1 0.0025990929132067354
2.95 0.0013224999999999999 10 0.9999921715488691 -1 0.0025659477299641038
2.925 0.0013224999999999999 10 0.9999920225473982 -1 0.0025328008423980875
3.0 0.0015208749999999999 10 0.9999906712925317 -1 0.0030259756010607383
2.975 0.0015208749999999999 10 0.999990486743866 -1 0.002987853200789608
2.95 0.0015208749999999999 10 0.9999902932739826 -1 0.0029497287724404323
2.925 0.0015208749999999999 10 0.9999901053918052 -1 0.002911602249358762
2.975 0.0017490062499999994 10 0.9999882058847869 -1 0.003434664017688714
3.0 0.0017490062499999994 10 0.9999884518100114 -1 0.003478513812673419
2.95 0.0017490062499999994 10 0.9999879576513256 -1 0.0033908116765666465
2.925 0.0017490062499999994 10 0.9999877199272749 -1 0.0033469567046775185
2.9 0.00115 10 0.9999934350251198 -1 0.002174401335682264
2.975 0.0020113571874999995 10 0.999985377529962 -1 0.003948169328521452
2.95 0.0020113571874999995 10 0.9999850784152129 -1 0.003897727642498102
3.0 0.0020113571874999995 10 0.9999856583093732 -1 0.003998607861230704
2.925 0.0020113571874999995 10 0.9999847746405373 -1 0.0038472826843243242
2.9 0.0013224999999999999 10 0.9999918341605688 -1 0.0024996521830426524
2.975 0.002313060765624999 10 0.9999818569580822 -1 0.004538294481827097
2.95 0.002313060765624999 10 0.999981493280282 -1 0.004480272112620662
3.0 0.002313060765624999 10 0.9999822076326347 -1 0.004596312924588145
2.925 0.002313060765624999 10 0.9999811030412562 -1 0.004422245684671265
2.9 0.0015208749999999999 10 0.9999898920286663 -1 0.002873473555316366
2.975 0.0026600198804687487 10 0.9999774739888395 -1 0.005216434095522214
2.95 0.0026600198804687487 10 0.9999770162627117 -1 0.005149690392558884
2.925 0.0026600198804687487 10 0.9999765365748022 -1 0.0050829416166895194
3.0 0.0026600198804687487 10 0.9999779111227607 -1 0.005283172894020914
2.9 0.0017490062499999994 10 0.999987443603418 -1 0.003303099018124774
2.975 0.003059022862539061 10 0.9999720334263961 -1 0.005995667810525478
2.95 0.003059022862539061 10 0.9999714552689312 -1 0.005918890055987184
2.925 0.003059022862539061 10 0.999970830006612 -1 0.005842105973588448
3.0 0.003059022862539061 10 0.9999725876842644 -1 0.006072439453474703
2.9 0.0020113571874999995 10 0.9999842863236096 -1 0.0037968343394006684
2.975 0.0035178762919199197 10 0.9999652354204941 -1 0.006891007107479992
2.95 0.0035178762919199197 10 0.999964472126752 -1 0.006802684507932168
2.925 0.0035178762919199197 10 0.9999637810844653 -1 0.006714354014515163
3.0 0.0035178762919199197 10 0.9999659168406758 -1 0.006979322081020895
2.9 0.002313060765624999 10 0.999980725524172 -1 0.004364215054663783
2.975 0.004045557735707907 10 0.9999567945231985 -1 0.007919677398922654
2.95 0.004045557735707907 10 0.9999558957234238 -1 0.007818071090977674
2.925 0.004045557735707907 10 0.9999549724517084 -1 0.007716454914755261
3.0 0.004045557735707907 10 0.9999576510050971 -1 0.008021274173362302
2.975 0.004652391396064093 10 0.9999462213099987 -1 0.009101440545618733
2.9 0.0026600198804687487 10 0.9999760486856513 -1 0.005016187591010606
2.95 0.004652391396064093 10 0.9999451260647203 -1 0.008984548988929659
2.925 0.004652391396064093 10 0.9999441081058954 -1 0.0088676450863255
3.0 0.004652391396064093 10 0.9999473232178779 -1 0.009218320180617473
2.975 0.005350250105473706 10 0.9999330838993064 -1 0.010458963372613735
2.9 0.003059022862539061 10 0.9999702493990515 -1 0.0057653153385798985
2.925 0.005350250105473706 10 0.9999302455849894 -1 0.010189985957704817
2.975 0.006152787621294761 10 0.9999166401307951 -1 0.01201823803149496
3.0 0.005350250105473706 10 0.9999344295528014 -1 0.010593429422016127
2.9 0.0035178762919199197 10 0.9999630205837649 -1 0.006626015345143808
2.925 0.006152787621294761 10 0.9999130822446011 -1 0.011708772249744573
2.95 0.005350250105473706 10 0.9999316886765797 -1 0.010324482395222248
2.975 0.0070757057644889754 10 0.99989606243226 -1 0.013809061586375558
3.0 0.006152787621294761 10 0.9999183288400616 -1 0.012172942511745399
2.9 0.004045557735707907 10 0.99995401438113 -1 0.007614828518777637
2.925 0.0070757057644889754 10 0.9998916045558375 -1 0.013452997246224226
2.975 0.008137061629162322 10 0.9998700738542953 -1 0.015865582579004472
3.0 0.0070757057644889754 10 0.9998981830476685 -1 0.013987058096613702
2.9 0.004652391396064093 10 0.9999427595092979 -1 0.008750728393397422
2.925 0.008137061629162322 10 0.999864451770723 -1 0.015455883012228047
2.975 0.009357620873536667 10 0.9998376708960269 -1 0.018226922712414186
2.95 0.006152787621294761 10 0.9999148921000746 -1 0.011863514835733542
3.0 0.008137061629162322 10 0.9998727575215899 -1 0.01607038752683984
2.925 0.009357620873536667 10 0.999830586659347 -1 0.017755482990064318
2.9 0.005350250105473706 10 0.9999286006810891 -1 0.010055473501268735
2.975 0.010761264004567169 10 0.9997969578198909 -1 0.020937883573522578
2.925 0.010761264004567169 10 0.9997880253037966 -1 0.020395366534061675
3.0 0.009357620873536667 10 0.9998410468005153 -1 0.01846258612231015
2.9 0.006152787621294761 10 0.9999112057074042 -1 0.011554009568140428
2.975 0.012375453605252242 10 0.9997457957352562 -1 0.02404974846798192
2.925 0.012375453605252242 10 0.9997345639001645 -1 0.02342539515888402
2.9 0.0070757057644889754 10 0.9998892495699082 -1 0.013274927674992684
3.0 0.010761264004567169 10 0.9998011905031332 -1 0.021209070903202846
2.95 0.0070757057644889754 10 0.9998938684719705 -1 0.013631041585623562
2.975 0.014231771646040076 10 0.9996813254552134 -1 0.02762119077938139
2.925 0.014231771646040076 10 0.9996670513803493 -1 0.02690260098140845
2.9 0.008137061629162322 10 0.9998614834318565 -1 0.015250986193776276
3.0 0.012375453605252242 10 0.9997511754942695 -1 0.024361835182973947
2.975 0.01636653739294609 10 0.9995998863363744 -1 0.03171930078801969
2.925 0.01636653739294609 10 0.9995817706345624 -1 0.03089217867704376
2.9 0.009357620873536667 10 0.9998268487153898 -1 0.01751970388372267
3.0 0.014231771646040076 10 0.9996880835174361 -1 0.02798037183817236
2.975 0.018821518001888 10 0.9994968888414768 -1 0.03642074359865487
2.95 0.008137061629162322 10 0.9998673174684207 -1 0.015660748098673957
2.925 0.018821518001888 10 0.9994738363129095 -1 0.03546860281588017
2.9 0.010761264004567169 10 0.9997833107537841 -1 0.02012403327231676
3.0 0.01636653739294609 10 0.9996084457799208 -1 0.03213271745697744
2.925 0.021644745702171196 10 0.9993368643643276 -1 0.04071688259244742
2.9 0.012375453605252242 10 0.999728588366563 -1 0.023113124038776543
3.0 0.018821518001888 10 0.9995077814596834 -1 0.036896630458355784
2.95 0.009357620873536667 10 0.9998341998502768 -1 0.0179912221225949
2.975 0.021644745702171196 10 0.999366159270774 -1 0.04181306140463469
2.925 0.024891457557496874 10 0.9991626731262528 -1 0.04673396595695838
2.9 0.014231771646040076 10 0.9996595054968509 -1 0.026543186453463888
3.0 0.021644745702171196 10 0.9993801350824917 -1 0.04236091700861149
2.925 0.028625176191121406 10 0.9989404028381613 -1 0.05363030536618199
2.9 0.01636653739294609 10 0.999572159049027 -1 0.03047846581505566
3.0 0.024891457557496874 10 0.9992180175428971 -1 0.048626918401768894
2.95 0.010761264004567169 10 0.9997925505789531 -1 0.020666649361199153
2.975 0.024891457557496874 10 0.9992002679090234 -1 0.0479961332750731
2.9 0.018821518001888 10 0.9994616757982488 -1 0.034992339366539754
3.0 0.028625176191121406 10 0.9990114322220814 -1 0.05581017424373936
2.925 0.03291895261978962 10 0.9986560863855481 -1 0.06153159605503926
2.95 0.012375453605252242 10 0.9997402989747758 -1 0.02373760252999311
2.975 0.028625176191121406 10 0.9989886703064013 -1 0.055083805983628525
2.9 0.021644745702171196 10 0.9993212958026035 -1 0.0401685471038171
3.0 0.03291895261978962 10 0.9987475691085361 -1 0.06404227493377362
2.925 0.03785679551275806 10 0.9982910913083487 -1 0.07058069892879229
2.95 0.014231771646040076 10 0.9996743184824608 -1 0.027261934767334864
2.975 0.03291895261978962 10 0.9987182698201981 -1 0.06320570865363917
2.9 0.024891457557496874 10 0.9991427482546602 -1 0.04610256790050546
3.0 0.03785679551275806 10 0.9984093867668147 -1 0.07347291775741821
2.95 0.01636653739294609 10 0.9995909868814088 -1 0.03130578906720104
2.925 0.043535314839671754 10 0.9978210488596284 -1 0.08093975835723392
2.975 0.03785679551275806 10 0.998371524658381 -1 0.07250926462493039
3.0 0.043535314839671754 10 0.9979746386583707 -1 0.08427218000038288
2.9 0.028625176191121406 10 0.9989148006353517 -1 0.05290315242558438
2.95 0.018821518001888 10 0.9994855868059482 -1 0.03594473593082847
2.975 0.043535314839671754 10 0.9979255195868718 -1 0.08316191306443718
2.95 0.021644745702171196 10 0.9993518354464155 -1 0.04126505192438232
2.9 0.03291895261978962 10 0.9986230673773864 -1 0.06069402303039799
2.925 0.05006561206562252 10 0.9972037170779415 -1 0.09278651228536203
3.0 0.05006561206562252 10 0.9974067165513261 -1 0.09662839091948647
2.975 0.05006561206562252 10 0.9973418990935926 -1 0.09534849609800528
2.95 0.024891457557496874 10 0.999181831886282 -1 0.04736515170028201
2.9 0.03785679551275806 10 0.9982483814972629 -1 0.06961575154484627
2.925 0.05757545387546589 10 0.9964066485093342 -1 0.10633604505842796
3.0 0.05757545387546589 10 0.9966742025297222 -1 0.11076569387335435
2.95 0.028625176191121406 10 0.9989650211373987 -1 0.054357186357375235
2.975 0.05757545387546589 10 0.9965894516748041 -1 0.10929044730320668
2.9 0.043535314839671754 10 0.9977654414900733 -1 0.07982782542382075
2.925 0.06621177195678576 10 0.995307791675314 -1 0.12178635519816838
2.95 0.03291895261978962 10 0.9986877894416142 -1 0.062368820024498096
2.975 0.06621177195678576 10 0.9955486346245604 -1 0.1251914489203428
3.0 0.06621177195678576 10 0.9956689411206223 -1 0.12689700873277718
2.9 0.05006561206562252 10 0.9971303107576559 -1 0.09150456753770878
2.925 0.07614353775030362 10 0.9938772855010942 -1 0.1394337938419157
2.95 0.03785679551275806 10 0.998332120660848 -1 0.07154519731265549
3.0 0.07614353775030362 10 0.9943652974646663 -1 0.1453324355590031
2.975 0.07614353775030362 10 0.994217832345722 -1 0.1433723158456914
2.9 0.05757545387546589 10 0.9963098200916258 -1 0.10485787279909065
2.95 0.043535314839671754 10 0.9978743672093504 -1 0.08205111317099606
2.925 0.08756506841284915 10 0.9919745182731873 -1 0.15956008961023202
3.0 0.08756506841284915 10 0.9926404579656345 -1 0.1663723951264985
2.975 0.08756506841284915 10 0.9924399973059357 -1 0.16410969323323502
2.9 0.06621177195678576 10 0.9951744642497565 -1 0.12007936776197643
2.95 0.05006561206562252 10 0.9972745974861443 -1 0.09406807346444522
2.925 0.10069982867477653 10 0.9893910892656947 -1 0.18247375904493549
2.9 0.07614353775030362 10 0.9936952656840585 -1 0.13746244514510955
2.95 0.05757545387546589 10 0.9965009792264671 -1 0.10781428723193721
3.0 0.10069982867477653 10 0.9903141296259975 -1 0.19034771403473943
2.975 0.10069982867477653 10 0.9899985014161587 -1 0.1877140247452487
2.925 0.11580480297599301 10 0.9857528973950737 -1 0.20848418103921523
2.95 0.06621177195678576 10 0.9954267387670652 -1 0.12348700434677076
2.9 0.08756506841284915 10 0.9917247594150881 -1 0.15728236207394103
3.0 0.11580480297599301 10 0.9871318401147192 -1 0.21762748838555154
2.975 0.11580480297599301 10 0.9866861730347493 -1 0.21457858065162802
2.95 0.07614353775030362 10 0.9940534852583668 -1 0.141404974394116
2.9 0.10069982867477653 10 0.989042425936572 -1 0.17983957168223053
2.925 0.13317552342239194 10 0.9806923136453044 -1 0.23800767463595554
3.0 0.13317552342239194 10 0.9826045955181835 -1 0.24856795366988366
2.975 0.13317552342239194 10 0.9820531114244773 -1 0.245073964349051
2.95 0.08756506841284915 10 0.9922156229694784 -1 0.16183740337976715
2.9 0.11580480297599301 10 0.9853251961029023 -1 0.2054650001289272
2.925 0.15315185193575073 10 0.9733313750382832 -1 0.2713870319728198
3.0 0.15315185193575073 10 0.9762269428132709 -1 0.28365351835054997
2.95 0.10069982867477653 10 0.9897255102927709 -1 0.18510680220981157
2.975 0.15315185193575073 10 0.9753917203934649 -1 0.27959810837634547
2.9 0.13317552342239194 10 0.9799475037961897 -1 0.23446622332961942
2.95 0.11580480297599301 10 0.986240317747962 -1 0.21153695476519824
3.0 0.1761246297261133 10 0.9667662765978958 -1 0.32326083921614035
2.925 0.1761246297261133 10 0.9621100609359537 -1 0.3089626622193479
2.975 0.1761246297261133 10 0.9653087712937393 -1 0.3184991108386992
2.9 0.15315185193575073 10 0.9721854395379428 -1 0.26726784927589714
2.95 0.13317552342239194 10 0.9814046478302368 -1 0.24154834464076416
3.0 0.2025433241850303 10 0.9519194817845813 -1 0.3677488844224625
2.925 0.2025433241850303 10 0.9429971801454423 -1 0.35083986402904127
2.9 0.1761246297261133 10 0.9602132820212662 -1 0.30415041609997184
2.975 0.2025433241850303 10 0.949402248229632 -1 0.36217403982311036
2.95 0.15315185193575073 10 0.9744090265311489 -1 0.2755014714522112
2.9 0.2025433241850303 10 0.9393054943550552 -1 0.3451600391396735
2.95 0.1761246297261133 10 0.9637203157103258 -1 0.31372102288447345
3.0 0.23292482281278482 10 0.9250202899367771 -1 0.4171045180557145
2.975 0.23292482281278482 10 0.9195365917449889 -1 0.41048090902268863
2.925 0.23292482281278482 10 0.9060047450105126 -1 0.3971847121541573
2.95 0.2025433241850303 10 0.9465914557150774 -1 0.35657110017114174
2.9 0.23292482281278482 10 0.8959875687604368 -1 0.39035346100211166
2.95 0.23292482281278482 10 0.9130821523090266 -1 0.4038078618293701
3.0 0.26786354623470254 10 0.8618897397696867 -1 0.4711736570396348
2.925 0.26786354623470254 10 7.322151903438236e-6 -1 0.43839494763058534
2.9 0.26786354623470254 10 3.28109699862657e-6 -1 0.42769845714182364
3.0 0.3080430781699079 10 2.3430968968272046e-6 -1 0.5155923938471746
2.95 0.26786354623470254 10 8.175656416725558e-6 -1 0.4486177227868642
2.925 0.3080430781699079 10 6.220551151857151e-7 -1 0.4814788488545997
2.9 0.3080430781699079 10 8.733538151964335e-7 -1 0.4700449187079806
3.0 0.35424953989539404 10 3.3334259262913073e-6 -1 0.5692223949300483
2.975 0.26786354623470254 10 0.8359335756910411 -1 0.46298911973281437
2.95 0.3080430781699079 10 1.5617269872863477e-6 -1 0.4929873826752842
2.925 0.35424953989539404 10 1.1121457259424838e-7 -1 0.5322975312655293
2.9 0.35424953989539404 10 1.3939867217873585e-7 -1 0.5200054540571888
3.0 0.4073869708797031 10 1.3097813601568854e-6 -1 0.6320543538136635
2.95 0.35424953989539404 10 3.72627500556222e-7 -1 0.5446403909999612
2.925 0.4073869708797031 10 1.0729289360804131e-6 -1 0.5924935585745176
2.975 0.3080430781699079 10 2.110124530720914e-6 -1 0.5039544917802246
2.9 0.4073869708797031 10 8.6146517782531e-7 -1 0.5792289176007099
3.0 0.46849501651165854 10 5.1134748152300435e-8 -1 0.7075849492804877
2.95 0.4073869708797031 10 9.877893995920308e-7 -1 0.6058379816865189
2.925 0.46849501651165854 10 2.945673012493202e-7 -1 0.6632720882953805
2.9 0.46849501651165854 10 2.069198338819636e-7 -1 0.6488715899104306
2.975 0.35424953989539404 10 3.482099550439111e-6 -1 0.5566876511748614
3.0 0.5387692689884073 10 2.941029435766655e-6 -1 0.7944098782651194
2.95 0.46849501651165854 10 3.6712391780482036e-7 -1 0.677755494829875
2.925 0.5387692689884073 10 2.4370601084457816e-8 -1 0.7468752464447833
2.9 0.5387692689884073 10 5.366949222277559e-8 -1 0.7311086077221229
2.975 0.4073869708797031 10 9.12918375659273e-7 -1 0.6185883966589701
3.0 0.6195846593366683 10 1.2750647876907636e-6 -1 0.8976494560955363
2.95 0.5387692689884073 10 1.1842221309772805e-7 -1 0.7626308574500947
2.925 0.6195846593366683 10 1.660827717635078e-8 -1 0.845488913220616
2.9 0.6195846593366683 10 1.2344877467383686e-8 -1 0.8282416755524584
3.0 0.7125223582371686 10 5.81993310796165e-9 -1 1.020805660505847
2.975 0.46849501651165854 10 3.5308472457293374e-8 -1 0.6929271331351825
2.95 0.6195846593366683 10 1.8000638064298285e-8 -1 0.8628265254349049
2.925 0.7125223582371686 10 1.1588226589243532e-7 -1 0.9627465517132966
2.9 0.7125223582371686 10 2.152328579257682e-7 -1 0.9436647297069303
2.95 0.7125223582371686 10 3.7662094173460136e-7 -1 0.98183633659376
2.975 0.5387692689884073 0 2.4993481037601516e-6 0.9028578123841957 0.7784393150105686
3.0 0.8194007119727437 10 4.314098349299403e-9 -1 1.1646114698552044
2.925 0.8194007119727437 0 1.6628579676209858e-7 1.2371507497618466 1.100231645273731
2.95 0.8194007119727437 10 7.825657207492114e-8 -1 1.1214311099931025
2.975 0.6195846593366683 0 1.005040622437457e-6 1.0091485004892409 0.8801388266213832
2.9 0.8194007119727437 0 6.480975357311471e-8 1.215075543514934 1.0791314334925588
3.0 0.9423108187686552 0 1.8870978694913773e-7 1.4797088687988105 1.334916708686136
2.925 0.9423108187686552 0 6.544578236236809e-8 1.4056684184841202 1.262463645623111
2.975 0.7125223582371686 0 3.950524312192001e-7 1.1342774062917527 1.000124179430485
2.95 0.9423108187686552 0 6.470317730598205e-8 1.4302538681700598 1.2860618981780692
2.9 0.9423108187686552 0 4.7473556194232056e-8 1.3811794577317336 1.238970440958031
3.0 1.0836574415839535 0 3.081941924944032e-8 1.6864969263273617 1.5347833130327595
2.875 0.00115 10 0.9999932030708132 -1 0.0021455803251371206
2.925 1.0836574415839535 0 2.66558796680046e-9 1.6040093797218375 1.4537283592780534
2.975 0.8194007119727437 0 3.865297242565257e-9 1.2815767236719964 1.143208611201695
2.95 1.0836574415839535 0 9.277125982729767e-9 1.6314051377066454 1.4801122759348724
2.875 0.0013224999999999999 10 0.9999925322979482 -1 0.002466501689260936
2.9 1.0836574415839535 0 4.994227588927896e-10 1.5767167445903927 1.4274562397442492
2.8 0.00115 10 0.9999927537073264 -1 0.0020591080853051436
2.825 0.00115 10 0.9999928817413817 -1 0.002087933758917643
2.8 0.0013224999999999999 10 0.9999911237524827 -1 0.0023670385796117207
2.975 0.9423108187686552 0 1.0060188418733108e-7 1.4549389281146707 1.3110872452106561
2.875 0.0015208749999999999 10 0.9999896807351731 -1 0.0028353426034937483
2.775 0.00115 10 0.999992604124268 -1 0.0020302807219631123
2.8 0.0015208749999999999 10 0.9999890129317062 -1 0.0027209352914878346
2.825 0.0013224999999999999 10 0.9999913126320683 -1 0.0024001949433942534
2.8 0.0017490062499999994 10 0.9999863464065063 -1 0.0031276392171235012
2.875 0.0017490062499999994 10 0.9999870679740271 -1 0.003259238527482323
2.775 0.0013224999999999999 10 0.9999909181646779 -1 0.002333880131520416
2.8 0.0020113571874999995 10 0.9999830711448784 -1 0.003595004581601269
2.975 1.0836574415839535 0 1.5288633441805997e-8 1.658906016583096 1.5081530099132594
2.825 0.0015208749999999999 10 0.99998920269671 -1 0.0027590735614565452
2.875 0.0020113571874999995 10 0.9999841203308446 -1 0.0037463824849310015
2.8 0.002313060765624999 10 0.9999789791199561 -1 0.004132047305948946
2.775 0.0015208749999999999 10 0.9999887488606555 -1 0.002682794402416171
2.85 0.00115 10 0.999993055408989 -1 0.0021167578175076735
2.825 0.0017490062499999994 10 0.9999866436279911 -1 0.003171508739614473
2.8 0.0026600198804687487 10 0.9999738983084345 -1 0.004749115108759239
2.775 0.0017490062499999994 10 0.9999862916889173 -1 0.0030837664414394257
2.875 0.002313060765624999 10 0.9999803250965604 -1 0.004306180068924665
2.8 0.003059022862539061 10 0.9999675962437974 -1 0.005458082398429193
2.85 0.0013224999999999999 10 0.999991479874182 -1 0.0024333492930694576
2.825 0.0020113571874999995 10 0.9999834235949069 -1 0.003645467736597166
2.8 0.0035178762919199197 10 0.9999596915715544 -1 0.006272572726697342
2.775 0.0020113571874999995 10 0.9999826749111341 -1 0.0035445373879015325
2.875 0.0026600198804687487 10 0.9999756623108196 -1 0.0049494281292622195
2.825 0.002313060765624999 10 0.9999794345960057 -1 0.004190096368503495
2.8 0.004045557735707907 10 0.9999498420300199 -1 0.007208213031180093
2.85 0.0015208749999999999 10 0.9999894605312463 -1 0.0027972093019211076
2.775 0.002313060765624999 10 0.9999785178870494 -1 0.004073993194666418
2.875 0.003059022862539061 10 0.9999696109646447 -1 0.0056885179164145126
2.8 0.004652391396064093 10 0.9999376048977086 -1 0.008282924021163124
2.825 0.0026600198804687487 10 0.9999744617850408 -1 0.004815892102596456
2.85 0.0017490062499999994 10 0.999986913551159 -1 0.0032153751373069106
2.775 0.0026600198804687487 10 0.9999733037321915 -1 0.004682331820055367
2.8 0.005350250105473706 10 0.9999222060753336 -1 0.00951725124289226
2.875 0.0035178762919199197 10 0.9999622152169377 -1 0.006537668202442116
2.825 0.003059022862539061 10 0.9999682767589733 -1 0.005534901711759914
2.8 0.006152787621294761 10 0.999903013081997 -1 0.01093474244161112
2.85 0.0020113571874999995 10 0.9999829910414426 -1 0.003695926999306016
2.775 0.003059022862539061 10 0.9999668272126486 -1 0.005381255231030348
2.875 0.004045557735707907 10 0.9999530291195515 -1 0.0075131915330814555
2.8 0.0070757057644889754 10 0.9998787292189911 -1 0.012562377496278216
2.825 0.0035178762919199197 10 0.9999605586529134 -1 0.006360947229297265
2.85 0.002313060765624999 10 0.9999798900690382 -1 0.004248140564011726
2.775 0.0035178762919199197 10 0.999958755047125 -1 0.0061841884037068424
2.875 0.004652391396064093 10 0.9999415560892059 -1 0.008633798444506497
2.8 0.008137061629162322 10 0.9998484610126348 -1 0.014431056844063397
2.825 0.004045557735707907 10 0.9999509405662805 -1 0.007309884212387051
2.85 0.0026600198804687487 10 0.9999750597382994 -1 0.004882663035632802
2.775 0.004045557735707907 10 0.9999486838118508 -1 0.007106529566650524
2.8 0.009357620873536667 10 0.999810442752342 -1 0.016576156308693947
2.875 0.005350250105473706 10 0.9999272134612901 -1 0.00992094443689369
2.825 0.004652391396064093 10 0.9999389313111559 -1 0.008399896789345877
2.85 0.003059022862539061 10 0.9999689663972118 -1 0.005611713460351481
2.8 0.010761264004567169 10 0.9997626723661969 -1 0.01903815586863366
2.775 0.004652391396064093 10 0.9999360963601315 -1 0.008165935872523405
2.875 0.006152787621294761 10 0.999909321643673 -1 0.0113992260466327
2.825 0.005350250105473706 10 0.9999239228125203 -1 0.009651833978020273
2.8 0.012375453605252242 10 0.9997023984646242 -1 0.021863350997486423
2.85 0.0035178762919199197 10 0.9999613989204031 -1 0.006449312273505236
2.775 0.005350250105473706 10 0.9999203992885979 -1 0.009382649216553723
2.875 0.0070757057644889754 10 0.9998866248858738 -1 0.01309683193125021
2.8 0.014231771646040076 10 0.999626271966628 -1 0.025104655609667473
2.825 0.006152787621294761 10 0.999905139945084 -1 0.0110895933260568
2.85 0.004045557735707907 10 0.9999520437687436 -1 0.007411543568183044
2.775 0.006152787621294761 10 0.9999007382528478 -1 0.01077986733999405
2.875 0.008137061629162322 10 0.9998584063215241 -1 0.015046056455673435
2.8 0.01636653739294609 10 0.9995299978032464 -1 0.028822505855641143
2.825 0.0070757057644889754 10 0.9998814497406842 -1 0.012740557910943575
2.85 0.004652391396064093 10 0.9999402588691669 -1 0.008516854748678837
2.775 0.0070757057644889754 10 0.9998758746888062 -1 0.012384166623189443
2.8 0.018821518001888 10 0.9994078201598163 -1 0.03308587441614694
2.875 0.009357620873536667 10 0.9998229832211537 -1 0.01728388329509751
2.825 0.008137061629162322 10 0.9998519011152512 -1 0.014636093138078135
2.85 0.005350250105473706 10 0.9999255866439432 -1 0.009786398146196779
2.775 0.008137061629162322 10 0.9998448744696838 -1 0.014225982190957078
2.8 0.021644745702171196 10 0.9992525527138064 -1 0.03797340445147223
2.875 0.010761264004567169 10 0.9997784193044595 -1 0.019852647654920674
2.85 0.006152787621294761 10 0.9999072476960725 -1 0.011244420905812359
2.825 0.009357620873536667 10 0.9998147726204707 -1 0.01681211123183203
2.775 0.009357620873536667 10 0.9998059117757819 -1 0.016340152999696923
2.8 0.024891457557496874 10 0.9990544732860606 -1 0.0435746724067793
2.875 0.012375453605252242 10 0.9997224232166594 -1 0.022800786715580938
2.85 0.0070757057644889754 10 0.9998840948298072 -1 0.01291870902377265
2.825 0.010761264004567169 10 0.999768148824031 -1 0.01930971114646843
2.775 0.010761264004567169 10 0.9997569630265024 -1 0.018766539437525417
2.8 0.028625176191121406 10 0.9988012287824812 -1 0.04999158757939404
2.875 0.014231771646040076 10 0.9996516760779971 -1 0.026183688048753793
2.85 0.008137061629162322 10 0.9998552125681867 -1 0.014841092544624769
2.825 0.012375453605252242 10 0.9997093290086123 -1 0.022175902997975314
2.775 0.012375453605252242 10 0.999695171354572 -1 0.021550721564208446
2.8 0.03291895261978962 10 0.9984762349145612 -1 0.05733993634724033
2.875 0.01636653739294609 10 0.9995622840839432 -1 0.03006464645933211
2.85 0.009357620873536667 10 0.9998189493515189 -1 0.01704801963709901
2.825 0.014231771646040076 10 0.9996350798108085 -1 0.02546442621551878
2.775 0.014231771646040076 10 0.9996171016935903 -1 0.02474478674405148
2.875 0.018821518001888 10 0.9994490002091951 -1 0.03451594041614281
2.8 0.03785679551275806 10 0.9980578417462701 -1 0.06575107726965812
2.85 0.010761264004567169 10 0.9997734224036082 -1 0.019581207655535428
2.825 0.01636653739294609 10 0.9995411867718182 -1 0.029236671090705366
2.775 0.01636653739294609 10 0.9995183267126421 -1 0.028408215654857752
2.875 0.021644745702171196 10 0.9993051196787708 -1 0.039620038797041936
2.85 0.012375453605252242 10 0.9997160184072447 -1 0.022488380611460405
2.825 0.018821518001888 10 0.9994221025286578 -1 0.03356271387925546
2.8 0.043535314839671754 10 0.9975103847913432 -1 0.07536992366422998
2.775 0.018821518001888 10 0.9993929377601863 -1 0.03260887564607391
2.875 0.024891457557496874 10 0.9991220129929816 -1 0.045470948903313935
2.85 0.014231771646040076 10 0.9996435387051541 -1 0.025824102466500597
2.825 0.021644745702171196 10 0.9992708061592797 -1 0.03852247513454778
2.8 0.05006561206562252 10 0.9968027158581035 -1 0.08636929123265663
2.775 0.021644745702171196 10 0.9992334793225384 -1 0.03742413018663774
2.875 0.028625176191121406 10 0.9988881482094635 -1 0.05217571637606708
2.85 0.01636653739294609 10 0.9995519423980342 -1 0.029650716381978623
2.825 0.024891457557496874 10 0.999077930280902 -1 0.0442070110920465
2.775 0.024891457557496874 10 0.9990299949707412 -1 0.04294207291476214
2.8 0.05757545387546589 10 0.9958228221745679 -1 0.09890668364620099
2.875 0.03291895261978962 10 0.9985886619548308 -1 0.059856086413495935
2.85 0.018821518001888 10 0.9994358156657359 -1 0.034039400513251425
2.825 0.028625176191121406 10 0.9988314609087934 -1 0.050719946847455954
2.775 0.028625176191121406 10 0.9987696648032841 -1 0.049262893390102654
2.875 0.03785679551275806 10 0.9982037873423817 -1 0.06865033641075446
2.8 0.06621177195678576 10 0.9945671859784896 -1 0.11323456838898345
2.85 0.021644745702171196 10 0.9992883348461877 -1 0.03907135061449846
2.825 0.03291895261978962 10 0.9985153453196999 -1 0.058179059875374896
2.775 0.03291895261978962 10 0.9984353741079875 -1 0.05650038175799063
2.85 0.024891457557496874 10 0.9991004293461191 -1 0.04483909985272156
2.8 0.07614353775030362 10 0.992885951613008 -1 0.12956630596352864
2.825 0.03785679551275806 10 0.9981086484110087 -1 0.06671802117912631
2.775 0.03785679551275806 10 0.9980046974510898 -1 0.06478357756684297
2.85 0.028625176191121406 10 0.998860408554074 -1 0.051447985344730954
2.825 0.043535314839671754 10 0.9975772185123258 -1 0.07648464510466163
2.8 0.08756506841284915 10 0.9905672334762428 -1 0.14813888703181738
2.775 0.043535314839671754 10 0.9974403655271988 -1 0.07425446797688671
2.85 0.03291895261978962 10 0.9985527834718863 -1 0.059017770803770735
2.825 0.05006561206562252 10 0.9968907252414517 -1 0.08765461694329271
2.775 0.05006561206562252 10 0.9967104208202071 -1 0.08508300879960966
2.85 0.03785679551275806 10 0.9981572490366167 -1 0.06768443339089612
2.8 0.10069982867477653 10 0.9874089304760172 -1 0.16925746880316922
2.825 0.05757545387546589 10 0.9959439802267878 -1 0.10039102885540865
2.775 0.05757545387546589 10 0.9956952389037634 -1 0.09742093188069494
2.85 0.043535314839671754 10 0.9976430636008511 -1 0.0775998766014608
2.8 0.11580480297599301 10 0.9829625078743991 -1 0.19320049493884645
2.825 0.06621177195678576 10 0.9947308064261675 -1 0.1149482159350368
2.775 0.06621177195678576 10 0.9943945276621536 -1 0.11151902769899409
2.85 0.05006561206562252 10 0.9969746673844433 -1 0.08893902927484228
2.825 0.07614353775030362 10 0.9931096354108027 -1 0.13154605897328123
2.775 0.07614353775030362 10 0.9926491872176594 -1 0.12758397721587966
2.8 0.13317552342239194 10 0.9765003634168404 -1 0.22026075482779392
2.85 0.05757545387546589 10 0.9960592329661079 -1 0.10187404098034339
2.825 0.08756506841284915 10 0.9908818304239708 -1 0.15042936269747478
2.85 0.06621177195678576 10 0.994885949818465 -1 0.11666007235693722
2.775 0.08756506841284915 10 0.990274565202522 -1 0.14586311850340297
2.8 0.15315185193575073 10 0.9664138733757446 -1 0.25063902399326404
2.825 0.10069982867477653 10 0.9878556073709709 -1 0.17190941913444205
2.85 0.07614353775030362 10 0.9933211664229373 -1 0.13352338177971843
2.775 0.10069982867477653 10 0.9869315237190638 -1 0.16660033658802498
2.825 0.11580480297599301 10 0.9836146057170605 -1 0.19627603664550064
2.85 0.08756506841284915 10 0.9911780614555289 -1 0.1527163822483052
2.8 0.1761246297261133 10 0.9501107099497967 -1 0.28465640762721484
2.775 0.11580480297599301 10 0.9822602775460394 -1 0.19011747208137764
2.85 0.10069982867477653 10 0.988274251374678 -1 0.1745565287395202
2.825 0.13317552342239194 10 0.9774964271550337 -1 0.22383738786742308
2.775 0.13317552342239194 10 0.975420765957492 -1 0.216674074241048
2.85 0.11580480297599301 10 0.9842220739473506 -1 0.1993446353779707
2.825 0.15315185193575073 10 0.9680610672025184 -1 0.25481864989882747
2.8 0.2025433241850303 10 0.9182543658223 -1 0.322196744782725
2.775 0.15315185193575073 10 0.9645860652677299 -1 0.24644034719959218
2.85 0.13317552342239194 10 0.9782657209962009 -1 0.2273503249577262
2.825 0.1761246297261133 10 0.9531026810785843 -1 0.28956872091411884
2.85 0.15315185193575073 10 0.9695543298686795 -1 0.2589811173526008
2.775 0.1761246297261133 10 0.946699447437411 -1 0.27971412109123095
2.825 0.2025433241850303 10 0.9253696010096485 -1 0.32806187092851047
2.85 0.1761246297261133 10 0.9557403931667781 -1 0.29445235334000913
2.775 0.2025433241850303 10 0.9089981769808042 -1 0.3162484455214589
2.8 0.23292482281278482 10 1.3191670457450993e-7 -1 0.351887039104658
2.85 0.2025433241850303 10 0.931118165239604 -1 0.33386120076139636
2.825 0.23292482281278482 10 2.2269974888213014e-7 -1 0.3616523384014785
2.775 0.23292482281278482 10 9.809499459013085e-7 -1 0.34239863002645254
2.8 0.26786354623470254 10 3.241426595333276e-7 -1 0.38551806355855406
2.825 0.26786354623470254 10 8.389657188797218e-7 -1 0.39591451934278776
2.775 0.26786354623470254 10 2.2274132679769544e-7 -1 0.3751954517331002
2.8 0.3080430781699079 10 5.825471593621144e-8 -1 0.4249662160262843
2.85 0.23292482281278482 10 9.15481814143595e-7 -1 0.37149632796325344
2.825 0.3080430781699079 10 1.0069208271582603e-7 -1 0.43609227899792546
2.775 0.3080430781699079 10 4.407874380765404e-8 -1 0.4139324777446474
2.8 0.35424953989539404 10 4.343563457668043e-7 -1 0.4717845679501525
2.85 0.26786354623470254 10 1.1384727222235974e-6 -1 0.40638961341934654
2.825 0.35424953989539404 10 8.108484695046097e-7 -1 0.4837415271450602
2.775 0.35424953989539404 10 2.0679099663032992e-7 -1 0.4599342239657737
2.8 0.4073869708797031 10 1.7616528559139858e-7 -1 0.5268698893762905
2.85 0.3080430781699079 10 2.5920768833610456e-7 -1 0.44728036219682626
2.825 0.4073869708797031 10 2.100970498027091e-7 -1 0.5397944247685026
2.775 0.4073869708797031 0 1.008436831302085e-7 0.6231808701043138 0.5140341726975644
2.8 0.46849501651165854 10 5.705808043817238e-8 -1 0.5919859167002164
2.825 0.46849501651165854 10 6.5576591650711e-8 -1 0.6060325970313913
2.775 0.46849501651165854 0 3.233958591883218e-8 0.6908019389499722 0.5780316052430766
2.85 0.35424953989539404 10 1.1528251857108413e-6 -1 0.49578227944846437
2.8 0.5387692689884073 10 7.126071928889104e-9 -1 0.6689876808227897
2.825 0.5387692689884073 10 1.3791888959454589e-8 -1 0.6843370174214977
2.775 0.5387692689884073 0 1.0259890696413797e-8 0.7705249977425626 0.6537185828795543
2.85 0.4073869708797031 10 3.1201129447367785e-7 -1 0.5528058444779583
2.8 0.6195846593366683 10 2.493506879353274e-7 -1 0.760645629190119
2.825 0.6195846593366683 10 3.773952676845356e-7 -1 0.7775223242393864
2.775 0.6195846593366683 0 2.679845335067001e-7 0.8645378667066324 0.7438700985076878
2.85 0.46849501651165854 10 9.802339738347171e-8 -1 0.6201696111451086
2.8 0.7125223582371686 10 1.31228569331438e-7 -1 0.8683291336749331
2.825 0.7125223582371686 10 1.2805954746864137e-8 -1 0.8869614448875794
2.775 0.7125223582371686 0 4.580708524084464e-8 0.9754083237209414 0.849801291126434
2.8 0.8194007119727437 0 5.1574060983057824e-8 1.127729696588077 0.9955763595763341
2.85 0.5387692689884073 10 1.23152885228908e-8 -1 0.6998085260879797
2.825 0.8194007119727437 0 7.364818112463806e-8 1.1494191360173491 1.0162490988805393
2.775 0.8194007119727437 0 5.062579037611991e-8 1.1061420508417141 0.9750169450642737
2.85 0.6195846593366683 10 1.3562143542837438e-7 -1 0.7944975121434434
2.8 0.9423108187686552 0 6.0693801481973485e-9 1.2842355317887624 1.1458653599030617
2.825 0.9423108187686552 0 6.158251813857479e-9 1.3083156247280887 1.1689070896918805
2.775 0.9423108187686552 0 6.1051112643989205e-9 1.2602634121066298 1.122941616427403
2.85 0.7125223582371686 10 1.629887219030852e-7 -1 0.9056985999497457
2.8 1.0836574415839535 0 5.562194154873689e-10 1.4686220965002819 1.323260155656522
2.825 1.0836574415839535 0 1.2007001909879002e-9 1.4954799125612404 1.3490535499407599
2.775 1.0836574415839535 0 3.9025773384801213e-10 1.4418790905561873 1.2975918003088476
2.85 0.8194007119727437 0 1.0587292513246029e-7 1.1712041229651209 1.0370302281258459
2.675 0.00115 10 0.9999919821738853 -1 0.0019149528935191121
2.7 0.00115 10 0.9999921639404451 -1 0.0019437877414712338
2.675 0.0013224999999999999 10 0.999990060523756 -1 0.0022012237397404477
2.675 0.0015208749999999999 10 0.9999875882283031 -1 0.0025302027299246616
2.65 0.00115 10 0.9999917906892984 -1 0.0018861160087748979
2.7 0.0013224999999999999 10 0.9999902851801733 -1 0.0022343914230735155
2.85 0.9423108187686552 0 2.3752294603620432e-8 1.3324965982915733 1.1920641771324034
2.675 0.0017490062499999994 10 0.9999847250092705 -1 0.002908240178813877
2.675 0.0020113571874999995 10 0.9999810275405756 -1 0.003342624975126549
2.7 0.0015208749999999999 10 0.9999879480472557 -1 0.002568355075229202
2.65 0.0013224999999999999 10 0.9999898387582444 -1 0.0021680534981806917
2.675 0.002313060765624999 10 0.999976364112103 -1 0.003841722275254595
2.85 1.0836574415839535 0 1.7418938000424065e-9 1.522444944611452 1.3749690618042392
2.7 0.0017490062499999994 10 0.9999850617904525 -1 0.0029521272955401754
2.65 0.0015208749999999999 10 0.9999873809368773 -1 0.0024920472246545535
2.675 0.0026600198804687487 10 0.999970720649933 -1 0.004415130647774763
2.675 0.003059022862539061 10 0.9999636063725273 -1 0.005073861648537905
2.725 0.00115 10 0.9999923508109471 -1 0.001972620619161105
2.7 0.0020113571874999995 10 0.9999814673698445 -1 0.003393109979297871
2.65 0.0017490062499999994 10 0.9999843288796599 -1 0.0028643491227891226
2.675 0.0035178762919199197 10 0.9999547321928534 -1 0.005830544981467061
2.675 0.004045557735707907 10 0.9999436516684368 -1 0.00669966283913318
2.725 0.0013224999999999999 10 0.9999904620309518 -1 0.0022675566518967614
2.7 0.002313060765624999 10 0.9999769929607089 -1 0.003899798604874434
2.65 0.0020113571874999995 10 0.9999805673791382 -1 0.0032921350510498417
2.675 0.004652391396064093 10 0.999929827007138 -1 0.007697816812177731
2.725 0.0015208749999999999 10 0.9999882428412297 -1 0.002606504393599499
2.7 0.0026600198804687487 10 0.9999714158580548 -1 0.004481941682085298
2.65 0.002313060765624999 10 0.9999758524352813 -1 0.003783639819070029
2.675 0.005350250105473706 10 0.9999124838151866 -1 0.008844032209652552
2.675 0.006152787621294761 10 0.9998908011584848 -1 0.01016010454134886
2.725 0.0017490062499999994 10 0.9999854152929898 -1 0.00299601061764895
2.7 0.003059022862539061 10 0.9999644476590298 -1 0.0051507234644269165
2.65 0.0026600198804687487 10 0.9999699889632887 -1 0.004348311966036808
2.675 0.0070757057644889754 10 0.9998633211526641 -1 0.011670993042408099
2.725 0.0020113571874999995 10 0.9999818880854769 -1 0.003443590258856763
2.7 0.0035178762919199197 10 0.9999557617729002 -1 0.005918972608812197
2.65 0.003059022862539061 10 0.9999627113690233 -1 0.0049969902678614515
2.675 0.008137061629162322 10 0.9998290547959209 -1 0.013405267567489318
2.725 0.002313060765624999 10 0.9999775265975017 -1 0.003957869052005863
2.7 0.004045557735707907 10 0.9999449741983467 -1 0.006801400524375072
2.675 0.009357620873536667 10 0.9997859420735591 -1 0.015395614603646081
2.65 0.0035178762919199197 10 0.9999535941388449 -1 0.005742105397200219
2.725 0.0026600198804687487 10 0.9999720605106357 -1 0.004548745369146124
2.675 0.010761264004567169 10 0.9997316950028183 -1 0.017679409520507533
2.7 0.004652391396064093 10 0.9999314638696762 -1 0.007814872900579728
2.65 0.004045557735707907 10 0.999942238928861 -1 0.006597910180689819
2.675 0.012375453605252242 10 0.9996631361199609 -1 0.020299362055179616
2.725 0.003059022862539061 10 0.9999652743211893 -1 0.005227576096266804
2.7 0.005350250105473706 10 0.9999145664915686 -1 0.0089787195037327
2.65 0.004652391396064093 10 0.99992803103189 -1 0.007580741947801569
2.675 0.014231771646040076 10 0.9995764203798084 -1 0.023304242170167026
2.725 0.0035178762919199197 10 0.9999568082885797 -1 0.006007388758195981
2.7 0.006152787621294761 10 0.9998934120975261 -1 0.01031508676910129
2.65 0.005350250105473706 10 0.9999102605483624 -1 0.00870932134398681
2.675 0.01636653739294609 10 0.9994664314457742 -1 0.02674969385375526
2.725 0.004045557735707907 10 0.9999462655724106 -1 0.006903123834562696
2.7 0.0070757057644889754 10 0.9998666421512357 -1 0.01184933869456709
2.675 0.018821518001888 10 0.9993266539835378 -1 0.030699143742948173
2.65 0.006152787621294761 10 0.9998878185119561 -1 0.010005092665842262
2.725 0.004652391396064093 10 0.9999330700885861 -1 0.007931910969344048
2.7 0.008137061629162322 10 0.9998332641839992 -1 0.013610512104981442
2.675 0.021644745702171196 10 0.9991484143376814 -1 0.03522481115045718
2.65 0.0070757057644889754 10 0.9998598054374994 -1 0.0114926100594486
2.725 0.005350250105473706 10 0.9999165838295629 -1 0.009113384177416368
2.675 0.024891457557496874 10 0.9989205527189652 -1 0.04040882500423509
2.7 0.009357620873536667 10 0.9997912423392699 -1 0.015631832411063275
2.65 0.008137061629162322 10 0.9998246459606468 -1 0.013199975941874383
2.725 0.006152787621294761 10 0.9998959459407623 -1 0.0104700405577115
2.675 0.028625176191121406 10 0.9986281922538888 -1 0.046344452368873267
2.7 0.010761264004567169 10 0.9997384029960737 -1 0.017951297292213585
2.65 0.009357620873536667 10 0.9997804482087822 -1 0.015159337286278194
2.725 0.0070757057644889754 10 0.9998698481282395 -1 0.012027648553893896
2.675 0.03291895261978962 10 0.9982517944820524 -1 0.05313744150544037
2.7 0.012375453605252242 10 0.9996716495642436 -1 0.020612335451458845
2.65 0.010761264004567169 10 0.9997246696360228 -1 0.01740744639805137
2.725 0.008137061629162322 10 0.9998372848872198 -1 0.013815711509395224
2.675 0.03785679551275806 10 0.997765295418165 -1 0.06090748332023321
2.7 0.014231771646040076 10 0.9995872596751639 -1 0.023664547992932758
2.65 0.012375453605252242 10 0.9996542241620502 -1 0.019986293043766156
2.725 0.009357620873536667 10 0.9997963216111433 -1 0.01586799320382532
2.7 0.01636653739294609 10 0.9994802514841303 -1 0.027164540450665343
2.65 0.014231771646040076 10 0.9995650886254147 -1 0.022943814730256445
2.675 0.043535314839671754 10 0.9971231343896434 -1 0.06978431399071772
2.725 0.010761264004567169 10 0.9997448396586014 -1 0.018223112897395654
2.7 0.018821518001888 10 0.9993443400419165 -1 0.031176852738507926
2.65 0.01636653739294609 10 0.9994519699493668 -1 0.026334692197048048
2.675 0.05006561206562252 10 0.9962904202779781 -1 0.07992686568914784
2.725 0.012375453605252242 10 0.9996798153470775 -1 0.020925217308034212
2.7 0.021644745702171196 10 0.9991711238615087 -1 0.035774994305326775
2.65 0.018821518001888 10 0.9993081440762934 -1 0.030221236543286702
2.725 0.014231771646040076 10 0.9995976433236701 -1 0.024024737449945606
2.675 0.05757545387546589 10 0.9951230488821579 -1 0.09146871925323818
2.7 0.024891457557496874 10 0.9989498211257709 -1 0.04104259060108161
2.65 0.021644745702171196 10 0.9991246406537894 -1 0.03467437398204548
2.725 0.01636653739294609 10 0.9994934928309629 -1 0.027579238765159452
2.675 0.06621177195678576 10 0.993595415764544 -1 0.10463527709299607
2.7 0.028625176191121406 10 0.9986660448607599 -1 0.047074646341233296
2.65 0.024891457557496874 10 0.9988898978363326 -1 0.03977473300613061
2.725 0.018821518001888 10 0.9993612128876875 -1 0.031654372324576054
2.7 0.03291895261978962 10 0.9983009872912059 -1 0.0539789293443292
2.675 0.07614353775030362 10 0.9915434902603032 -1 0.1196250278400414
2.65 0.028625176191121406 10 0.998588481011111 -1 0.045613837933717594
2.725 0.021644745702171196 10 0.999192827160881 -1 0.03632493485130976
2.7 0.03785679551275806 10 0.9978295489184877 -1 0.06187747935791006
2.725 0.024891457557496874 10 0.9989777148683924 -1 0.04167604467523483
2.675 0.08756506841284915 10 0.9887160064003077 -1 0.13665108107044127
2.65 0.03291895261978962 10 0.998200137335621 -1 0.052295410844985256
2.7 0.043535314839671754 10 0.9972084171280302 -1 0.07090309776278798
2.725 0.028625176191121406 10 0.9987021776449122 -1 0.047804439263800076
2.65 0.03785679551275806 10 0.9976977529065287 -1 0.05993678534700077
2.675 0.10069982867477653 10 0.9847287095005802 -1 0.1559435547903398
2.7 0.05006561206562252 10 0.996403522168909 -1 0.0812175031534912
2.725 0.03291895261978962 10 0.9983479033925508 -1 0.054819899754891536
2.65 0.043535314839671754 10 0.9970333489155715 -1 0.06866459307698204
2.7 0.05757545387546589 10 0.9952807856360533 -1 0.09296049174902501
2.675 0.11580480297599301 10 0.9788003219496125 -1 0.17769461052492402
2.725 0.03785679551275806 10 0.9978907137285816 -1 0.06284680680622812
2.65 0.05006561206562252 10 0.9961711475664118 -1 0.0786350009596193
2.7 0.06621177195678576 10 0.9938131968100028 -1 0.10635963312433523
2.725 0.043535314839671754 10 0.9972894471580207 -1 0.07202099054386354
2.65 0.05757545387546589 10 0.9949558357303642 -1 0.08997511638129738
2.675 0.13317552342239194 10 0.9699214149803286 -1 0.2021902005502635
2.725 0.05006561206562252 10 0.9965108215773466 -1 0.08250697483523102
2.7 0.07614353775030362 10 0.9918464006474234 -1 0.12161945208719548
2.65 0.06621177195678576 10 0.9933636286215992 -1 0.10290835366121896
2.725 0.05757545387546589 10 0.995429890645195 -1 0.09445054024419147
2.7 0.08756506841284915 10 0.989146266693434 -1 0.13896074764619884
2.675 0.15315185193575073 10 0.9552148652355513 -1 0.22953073766083695
2.65 0.07614353775030362 10 0.9912197355696137 -1 0.11762705149253436
2.725 0.06621177195678576 10 0.9940182772521199 -1 0.10808158263229033
2.7 0.10069982867477653 10 0.9853599290158473 -1 0.15862354742924528
2.65 0.08756506841284915 10 0.9882533906233539 -1 0.13433640566923646
2.725 0.07614353775030362 10 0.992130502677132 -1 0.12361055942976042
2.7 0.11580480297599301 10 0.9797785822145062 -1 0.1808147252452332
2.675 0.1761246297261133 10 0.9259946636912201 -1 0.2596424695620735
2.65 0.10069982867477653 10 0.9840474902615216 -1 0.1532571679416549
2.725 0.08756506841284915 10 0.9895476357199252 -1 0.1412657605734689
2.7 0.13317552342239194 10 0.9715132813207903 -1 0.20583432016460085
2.65 0.11580480297599301 10 0.977725944365184 -1 0.17456297016308092
2.725 0.10069982867477653 10 0.9858671209086144 -1 0.16126791285755063
2.7 0.15315185193575073 10 0.9581354425459797 -1 0.23381844134064791
2.725 0.11580480297599301 10 0.9806737417197502 -1 0.18392436094339745
2.65 0.13317552342239194 10 0.9681369254352856 -1 0.19852751536815894
2.725 0.13317552342239194 10 0.972944981230211 -1 0.20946187325906473
2.675 0.2025433241850303 10 7.241709725900964e-9 -1 0.27853319345548466
2.7 0.1761246297261133 10 0.9331329924211966 -1 0.2647721678641244
2.65 0.15315185193575073 10 0.9518171614247461 -1 0.22521205909973435
2.725 0.15315185193575073 10 0.9606784587502345 -1 0.23807813529126198
2.725 0.1761246297261133 10 0.9387446583718208 -1 0.26983615465804794
2.65 0.1761246297261133 10 0.9162753101763724 -1 0.25442742548156616
2.675 0.23292482281278482 10 7.34590583637762e-8 -1 0.30436186570127666
2.7 0.2025433241850303 10 1.2632302817453894e-8 -1 0.28737040702308764
2.675 0.26786354623470254 10 4.12479705470896e-9 -1 0.33472133050813924
2.65 0.2025433241850303 10 9.134289614176832e-9 -1 0.2697884137777373
2.7 0.23292482281278482 10 1.5139555267220273e-7 -1 0.3137249650161051
2.725 0.2025433241850303 10 6.185437937008286e-8 -1 0.29627663206176175
2.675 0.3080430781699079 10 3.3559382573875333e-9 -1 0.3705892264330961
2.65 0.23292482281278482 10 2.1745593975287114e-8 -1 0.2950985811164095
2.7 0.26786354623470254 10 2.990081179689681e-8 -1 0.3446834424666047
2.675 0.35424953989539404 0 4.6361011725245406e-8 0.5152343885025742 0.41324373357609057
2.65 0.26786354623470254 10 6.526215524308898e-9 -1 0.32482161892824574
2.725 0.23292482281278482 10 2.436573230044131e-7 -1 0.32317952441837905
2.7 0.3080430781699079 10 3.162490746290267e-9 -1 0.38128012231335306
2.675 0.4073869708797031 0 1.4623360683170971e-8 0.5687559140405608 0.4635307511300831
2.65 0.3080430781699079 10 1.5380331601591083e-6 -1 0.35937930596576634
2.7 0.35424953989539404 10 1.2371757581620782e-7 -1 0.4247496915598742
2.725 0.26786354623470254 10 6.337944368569115e-8 -1 0.3547334761379722
2.675 0.46849501651165854 0 8.905214060284905e-9 0.6318968345753713 0.523079994000311
2.65 0.35424953989539404 0 3.06076143565708e-8 0.5027984891093108 0.4018479248894905
2.7 0.4073869708797031 10 3.1372211391041504e-8 -1 0.4759874213584738
2.675 0.5387692689884073 10 2.0118163517456235e-9 -1 0.5936036444727731
2.725 0.3080430781699079 10 1.506639927773157e-8 -1 0.39203554344338154
2.65 0.4073869708797031 0 7.2672596756636895e-9 0.5553697655629848 0.4511737931974771
2.7 0.46849501651165854 10 1.1020195753259698e-8 -1 0.5366397517788387
2.675 0.6195846593366683 10 1.3650734899174753e-7 -1 0.677710810828722
2.725 0.35424953989539404 10 9.083651132424554e-8 -1 0.43637416021821807
2.65 0.46849501651165854 0 1.8229470252156138e-9 0.6174093383618835 0.5096239046636342
2.7 0.5387692689884073 10 2.1969196060822088e-9 -1 0.6084594949744064
2.675 0.7125223582371686 10 6.209394305766258e-8 -1 0.7766794624609897
2.7 0.6195846593366683 10 9.430528431646749e-8 -1 0.6940789393231876
2.725 0.4073869708797031 10 4.785408457842574e-8 -1 0.48854147869890013
2.65 0.5387692689884073 0 6.654353866017963e-8 0.6906496617208329 0.5794676652303246
2.675 0.8194007119727437 0 7.867350307336119e-9 1.0208558499911236 0.8937871904037116
2.7 0.7125223582371686 10 6.715938101568901e-8 -1 0.7947482660750259
2.65 0.6195846593366683 0 6.856758293554804e-8 0.7771318314648211 0.6614805276175573
2.725 0.46849501651165854 10 1.684535532655499e-8 -1 0.5503008823082346
2.675 0.9423108187686552 0 8.447725122473877e-10 1.1655040137468933 1.032299991576921
2.7 0.8194007119727437 0 3.1072857299468323e-9 1.0420086992854616 0.9138696163297718
2.65 0.7125223582371686 0 4.356316339349458e-8 0.8792502181276379 0.7587267451177176
2.725 0.5387692689884073 10 3.254431831985264e-9 -1 0.6234062456447585
2.7 0.9423108187686552 0 1.2789177621902666e-9 1.189014285436469 1.05471794625365
2.675 1.0836574415839535 0 2.4893709880328773e-7 1.3361087636119942 1.1958297893259529
2.65 0.8194007119727437 0 5.572374166836465e-9 0.9998140200027746 0.8738307558744719
2.725 0.6195846593366683 10 1.9137708123516081e-7 -1 0.7105076859849522
2.7 1.0836574415839535 0 3.232143315250417e-7 1.362360386844455 1.220958753584491
2.55 0.00115 10 0.99999093258396 -1 0.0017707463798557236
2.55 0.0013224999999999999 10 0.9999887410821645 -1 0.00203534492608953
2.65 0.9423108187686552 0 5.6197977380975e-10 1.1421119355670282 1.0100152074213433
2.55 0.0015208749999999999 10 0.9999860850098494 -1 0.0023393907655518413
2.575 0.00115 10 0.9999911603469539 -1 0.0017995923068568206
2.725 0.7125223582371686 10 7.116927057916478e-8 -1 0.8129356628389303
2.55 0.0017490062499999994 10 0.9999827618804192 -1 0.002688742169012585
2.55 0.0020113571874999995 10 0.9999785321686921 -1 0.003090121955688157
2.575 0.0013224999999999999 10 0.9999890020474907 -1 0.0020685264262364244
2.65 1.0836574415839535 0 1.90911552577415e-7 1.309984234604038 1.1708418525207067
2.55 0.002313060765624999 10 0.9999733363563963 -1 0.003551243351774823
2.725 0.8194007119727437 0 1.7054031780505985e-8 1.0632773249973784 0.9340750360564132
2.575 0.0015208749999999999 10 0.9999864176073113 -1 0.0023775603447730347
2.525 0.00115 10 0.9999907119160042 -1 0.0017418979230619273
2.55 0.0026600198804687487 10 0.9999668591749369 -1 0.00408095406436593
2.55 0.003059022862539061 10 0.9999587710823372 -1 0.0046894007578129684
2.575 0.0017490062499999994 10 0.9999831318249749 -1 0.002732650690031393
2.525 0.0013224999999999999 10 0.9999884674063015 -1 0.0020021603086967494
2.55 0.0035178762919199197 10 0.9999486744075369 -1 0.005388216891816528
2.725 0.9423108187686552 0 2.8728128672083224e-9 1.2126487811883513 1.0772657952784084
2.55 0.004045557735707907 10 0.9999360697256773 -1 0.006190736483878216
2.525 0.0015208749999999999 10 0.9999856976625145 -1 0.0023012172826856357
2.575 0.0020113571874999995 10 0.9999790692619998 -1 0.0031406336906122452
2.55 0.004652391396064093 10 0.9999203012327521 -1 0.007112237851315724
2.725 1.0836574415839535 0 3.0878659924285737e-10 1.3887431009620435 1.2484580644145353
2.55 0.005350250105473706 10 0.9999005575944848 -1 0.008170220876538523
2.525 0.0017490062499999994 10 0.9999822492758955 -1 0.0026448287828267484
2.575 0.002313060765624999 10 0.9999740542851364 -1 0.003609353037163066
2.55 0.006152787621294761 10 0.9998755535343831 -1 0.009384721816994809
2.6 0.00115 10 0.9999913855829684 -1 0.0018284358140759883
2.525 0.0020113571874999995 10 0.9999779534881804 -1 0.003039604164853548
2.575 0.0026600198804687487 10 0.9999676656032659 -1 0.004147806739929722
2.55 0.0070757057644889754 10 0.9998443712434587 -1 0.01077867060975548
2.55 0.008137061629162322 10 0.9998051012811497 -1 0.012378295014709639
2.6 0.0013224999999999999 10 0.9999893344931368 -1 0.0021017049450369513
2.525 0.002313060765624999 10 0.9999726106787052 -1 0.0034931261015624924
2.575 0.003059022862539061 10 0.9999597913295473 -1 0.004766314633047731
2.55 0.009357620873536667 10 0.9997557289178851 -1 0.014213577370413226
2.6 0.0015208749999999999 10 0.9999867468436924 -1 0.002415726178406867
2.525 0.0026600198804687487 10 0.9999659592407191 -1 0.0040140919279636885
2.575 0.0035178762919199197 10 0.9999499614528187 -1 0.005476709680569633
2.55 0.010761264004567169 10 0.999693309559258 -1 0.016318769260302828
2.6 0.0017490062499999994 10 0.9999835328238845 -1 0.002776554557665969
2.525 0.003059022862539061 10 0.9999576399172451 -1 0.0046124750583082935
2.575 0.004045557735707907 10 0.9999377068300815 -1 0.006292555802049351
2.55 0.012375453605252242 10 0.9996143705663055 -1 0.018732969500900493
2.6 0.0020113571874999995 10 0.9999795834299053 -1 0.003191139627618781
2.55 0.014231771646040076 10 0.9995142507805367 -1 0.021500771234844663
2.525 0.0035178762919199197 10 0.9999472702850475 -1 0.00529970929345576
2.575 0.004652391396064093 10 0.9999223324396268 -1 0.007229396383332008
2.55 0.01636653739294609 10 0.9993870261323964 -1 0.024672983080287182
2.6 0.002313060765624999 10 0.9999746391210017 -1 0.0036674554783477165
2.525 0.004045557735707907 10 0.9999342819657853 -1 0.0060888985969044015
2.575 0.005350250105473706 10 0.999903110559203 -1 0.008305036843081422
2.55 0.018821518001888 10 0.9992247938353448 -1 0.02830742881948344
2.6 0.0026600198804687487 10 0.9999684819378392 -1 0.0042146503631403385
2.525 0.004652391396064093 10 0.9999180865850829 -1 0.006995056002907529
2.575 0.006152787621294761 10 0.9998788050706828 -1 0.009539865932958802
2.55 0.021644745702171196 10 0.9990173656704416 -1 0.03246982900844582
2.525 0.005350250105473706 10 0.999897776917124 -1 0.008035375578880153
2.6 0.003059022862539061 10 0.9999608006092866 -1 0.004843217195709645
2.575 0.0070757057644889754 10 0.9998484584987622 -1 0.01095722028710288
2.55 0.024891457557496874 10 0.9987511691914659 -1 0.03723476682437818
2.525 0.006152787621294761 10 0.9998720817620238 -1 0.00922954077028616
2.6 0.0035178762919199197 10 0.9999512403651498 -1 0.005565188298401585
2.575 0.008137061629162322 10 0.9998103107416881 -1 0.012583797112680617
2.55 0.028625176191121406 10 0.9984083718301588 -1 0.042686738251688054
2.525 0.0070757057644889754 10 0.999839991604244 -1 0.01060007434743327
2.6 0.004045557735707907 10 0.9999392743527586 -1 0.006394357357044439
2.575 0.009357620873536667 10 0.9997623077465594 -1 0.014450120950486678
2.55 0.03291895261978962 10 0.99796509039878 -1 0.04892128677572266
2.6 0.004652391396064093 10 0.9999243188470224 -1 0.00734653261228947
2.525 0.008137061629162322 10 0.999799648824179 -1 0.012172734033039498
2.575 0.010761264004567169 10 0.9997016732865012 -1 0.01659106993819461
2.55 0.03785679551275806 10 0.9973840302441696 -1 0.05604372467767668
2.6 0.005350250105473706 10 0.9999058158743087 -1 0.008439824773792313
2.525 0.009357620873536667 10 0.999748761802952 -1 0.013976959216646828
2.575 0.012375453605252242 10 0.9996249988186073 -1 0.0190464673979681
2.6 0.006152787621294761 10 0.9998819390655602 -1 0.009694974765046074
2.525 0.010761264004567169 10 0.9996844883118031 -1 0.01604637392585477
2.575 0.014231771646040076 10 0.9995278642074005 -1 0.021861744906813224
2.55 0.043535314839671754 10 0.996585867108467 -1 0.06415933872987059
2.6 0.0070757057644889754 10 0.9998524568667077 -1 0.011135725466289928
2.525 0.012375453605252242 10 0.999603167027924 -1 0.018419351175440378
2.575 0.01636653739294609 10 0.9994044051635314 -1 0.02508868222075682
2.55 0.05006561206562252 10 0.9955481883170468 -1 0.0734227660977868
2.6 0.008137061629162322 10 0.9998152960361745 -1 0.012789242991849144
2.525 0.014231771646040076 10 0.9994999617698447 -1 0.021139643962954258
2.575 0.018821518001888 10 0.9992471635604199 -1 0.0287862289794641
2.6 0.009357620873536667 10 0.999768626729664 -1 0.014686593365758446
2.55 0.05757545387546589 10 0.9941683619934527 -1 0.08397808361165719
2.525 0.01636653739294609 10 0.9993687333178922 -1 0.024257087521589553
2.575 0.021644745702171196 10 0.9990462031112312 -1 0.03302141254581818
2.6 0.010761264004567169 10 0.9997096814043824 -1 0.01686328033085504
2.525 0.018821518001888 10 0.9992012720023166 -1 0.027828376751425934
2.55 0.06621177195678576 10 0.9922952765318495 -1 0.09598260544924275
2.575 0.024891457557496874 10 0.998788504744979 -1 0.037870334490024284
2.6 0.012375453605252242 10 0.999635183101804 -1 0.01935985049704254
2.525 0.021644745702171196 10 0.9989870340460054 -1 0.03191792150206414
2.575 0.028625176191121406 10 0.9984569245846924 -1 0.043419257105054204
2.55 0.07614353775030362 10 0.9897092286679029 -1 0.10960920043436749
2.6 0.014231771646040076 10 0.9995408561974997 -1 0.022222572256625425
2.525 0.024891457557496874 10 0.9987118797695549 -1 0.03659878132269699
2.575 0.03291895261978962 10 0.9980285566191345 -1 0.049765780510751874
2.6 0.01636653739294609 10 0.9994210083620266 -1 0.02550419434206691
2.55 0.08756506841284915 10 0.986051858803926 -1 0.12503746799479637
2.525 0.028625176191121406 10 0.998357143205601 -1 0.04195367918482365
2.575 0.03785679551275806 10 0.9974679528028715 -1 0.05701777830933906
2.6 0.018821518001888 10 0.9992684582875564 -1 0.029264789495651946
2.525 0.03291895261978962 10 0.9978980809276705 -1 0.048076093094143
2.55 0.10069982867477653 10 0.9805950418789591 -1 0.14241398298591354
2.575 0.043535314839671754 10 0.9967012365026842 -1 0.0652845014915929
2.6 0.021644745702171196 10 0.9990735986438427 -1 0.03357268813631237
2.525 0.03785679551275806 10 0.9972952716389043 -1 0.0550687472632968
2.575 0.05006561206562252 10 0.9957053913348128 -1 0.07472257359967435
2.6 0.024891457557496874 10 0.9988239828019859 -1 0.03850550530712607
2.55 0.11580480297599301 10 0.9723473884626911 -1 0.16195446104278086
2.525 0.043535314839671754 10 0.9964631788314884 -1 0.06303282568825967
2.6 0.028625176191121406 10 0.9985030186373913 -1 0.044151263264422834
2.575 0.05757545387546589 10 0.9943839914407958 -1 0.08548043768149953
2.525 0.05006561206562252 10 0.9953805221969183 -1 0.07212108883506307
2.6 0.03291895261978962 10 0.9980887196538747 -1 0.05060961051850512
2.55 0.13317552342239194 10 0.9584424270089279 -1 0.1837148954533308
2.575 0.06621177195678576 10 0.9925958621670116 -1 0.09772081175256662
2.525 0.05757545387546589 10 0.9939376144823981 -1 0.08247317105370024
2.6 0.03785679551275806 10 0.9975473699736381 -1 0.05799095719918122
2.575 0.07614353775030362 10 0.9901374380177188 -1 0.11162298865484652
2.525 0.06621177195678576 10 0.9919720369501385 -1 0.09424084557385017
2.6 0.043535314839671754 10 0.9968099837253134 -1 0.06640839586900481
2.575 0.08756506841284915 10 0.9866078323007971 -1 0.12735069036713798
2.55 0.15315185193575073 10 0.9290029932501134 -1 0.20755907560267664
2.6 0.05006561206562252 10 0.9958531695148953 -1 0.07602063272169544
2.525 0.07614353775030362 10 0.9892453924089478 -1 0.10759037392534823
2.575 0.10069982867477653 10 0.9815798740458072 -1 0.14513811840234486
2.6 0.05757545387546589 10 0.9945857447891491 -1 0.08698040660373825
2.525 0.08756506841284915 10 0.9853644676921298 -1 0.12269285535535937
2.575 0.11580480297599301 10 0.9739707265788173 -1 0.165140140006146
2.6 0.06621177195678576 10 0.9928758788948313 -1 0.09945572029662787
2.525 0.10069982867477653 10 0.9795013950815339 -1 0.1396780652028006
2.6 0.07614353775030362 10 0.9905343126044125 -1 0.1136321309525906
2.575 0.13317552342239194 10 0.9615014488218271 -1 0.1874715773479055
2.55 0.1761246297261133 10 1.4161382074852701e-8 -1 0.21602547983456777
2.525 0.11580480297599301 10 0.9704981581978095 -1 0.15874944557209364
2.6 0.08756506841284915 10 0.987195725773205 -1 0.12968365521705205
2.6 0.10069982867477653 10 0.9824723027955599 -1 0.14785166033721642
2.575 0.15315185193575073 10 0.9373213677323496 -1 0.2120853343056462
2.525 0.13317552342239194 10 0.9547711239524558 -1 0.17992295901274116
2.6 0.11580480297599301 10 0.9754117140722621 -1 0.16830883341773317
2.55 0.2025433241850303 10 7.497157749916412e-9 -1 0.23562967066849896
2.6 0.13317552342239194 10 0.9640950261532856 -1 0.1911956580119324
2.525 0.15315185193575073 10 0.9159215231354174 -1 0.20291910813282651
2.575 0.1761246297261133 10 3.8959505655470165e-9 -1 0.22395479893330525
2.55 0.23292482281278482 10 1.0162877300787245e-8 -1 0.2586812576003517
2.6 0.15315185193575073 10 0.9434419389721662 -1 0.21653647598776585
2.575 0.2025433241850303 10 1.9457691080484285e-8 -1 0.24400937264437295
2.55 0.26786354623470254 0 3.3965499798063826e-8 0.37764092962924956 0.2861353457480265
2.525 0.1761246297261133 10 5.692901842130307e-10 -1 0.2081902814300422
2.6 0.1761246297261133 10 1.988015043677533e-9 -1 0.2319784211199385
2.55 0.3080430781699079 0 1.1779889199584297e-8 0.41264547556239567 0.31851338355069264
2.575 0.23292482281278482 10 4.536512805378814e-9 -1 0.26758246969884847
2.525 0.2025433241850303 10 3.910318491490145e-9 -1 0.22733955435388375
2.55 0.35424953989539404 10 4.623032574892709e-9 -1 0.3569116088817824
2.575 0.26786354623470254 10 6.185313246769794e-8 -1 0.2956319645988183
2.6 0.2025433241850303 10 3.732925040145864e-8 -1 0.25248316807686894
2.525 0.23292482281278482 10 1.831507141570592e-9 -1 0.2498855629252524
2.55 0.4073869708797031 10 1.5713455412426974e-9 -1 0.4024661613030005
2.575 0.3080430781699079 0 1.2364131886849956e-8 0.42390373927722896 0.3287206038411491
2.6 0.23292482281278482 10 8.056595172690548e-9 -1 0.2765739772934149
2.525 0.26786354623470254 10 2.34467666370246e-8 -1 0.2767407175454548
2.55 0.46849501651165854 0 1.0758431215337886e-7 0.5603914765508665 0.4569835723370043
2.575 0.35424953989539404 0 5.44296374081283e-9 0.46602386650774197 0.3679016162328047
2.55 0.5387692689884073 0 7.51239724010546e-9 0.6285213590313372 0.5211828956741978
2.525 0.3080430781699079 10 3.928483243555281e-9 -1 0.30843069758182345
2.6 0.26786354623470254 10 6.854866554247269e-8 -1 0.3052279526849927
2.575 0.4073869708797031 0 3.2790945045993363e-9 0.5157502695232864 0.41438669412825535
2.55 0.6195846593366683 10 1.5149335732964615e-8 -1 0.5973895385167909
2.575 0.46849501651165854 10 1.43162937701747e-7 -1 0.4699971176208462
2.525 0.35424953989539404 10 3.2800572728639544e-9 -1 0.34603058632707934
2.6 0.3080430781699079 10 1.5352607442978186e-8 -1 0.3390122981282079
2.575 0.5387692689884073 10 2.3100649453340805e-8 -1 0.5354572199612545
2.55 0.7125223582371686 10 3.829207159596017e-9 -1 0.6877194461201322
2.525 0.4073869708797031 0 4.833414882647526e-10 0.4898305825582701 0.390658389755353
2.6 0.35424953989539404 0 4.3145014476945335e-9 0.4781898140100895 0.37899782771457363
2.575 0.6195846593366683 10 2.1224575115252584e-8 -1 0.6131096775016128
2.55 0.8194007119727437 0 4.2615181652236035e-10 0.9168357396300383 0.7948019856213361
2.525 0.46849501651165854 0 9.050713552729605e-8 0.5463912505533588 0.4440882939650751
2.575 0.7125223582371686 10 5.416876858042798e-9 -1 0.7051472925083233
2.6 0.4073869708797031 0 2.3111555223556445e-9 0.5288608724328726 0.42642958176021345
2.55 0.9423108187686552 0 1.163873375529211e-10 1.0498016547610003 0.9232936015411918
2.525 0.5387692689884073 0 3.975977151106703e-8 0.6132636668854948 0.5070538792626568
2.575 0.8194007119727437 0 6.89570354638252e-10 0.9373902492507612 0.8142044202637301
2.6 0.46849501651165854 10 1.9018116957179643e-7 -1 0.48312796520653384
2.525 0.6195846593366683 0 1.2930519095926326e-8 0.6923421676701198 0.5817909331954656
2.55 1.0836574415839535 0 5.068410498099559e-12 1.2068219470621577 1.0737393318974244
2.575 0.9423108187686552 0 1.7596017230900294e-10 1.0726777654072568 0.9450379930147605
2.6 0.5387692689884073 10 3.4306112492729275e-8 -1 0.5498507563072887
2.525 0.7125223582371686 0 2.6739156659994325e-9 0.785852713696499 0.6704282780430163
2.575 1.0836574415839535 0 7.643001170526181e-12 1.2323964972303114 1.0981610128389245
2.6 0.6195846593366683 10 4.048514958306228e-8 -1 0.6289610751665664
2.525 0.8194007119727437 0 2.711774046284648e-10 0.8964057839491263 0.7755434333647658
2.45 0.00115 10 0.9999899345878759 -1 0.001655336265214326
2.6 0.7125223582371686 10 1.2721753636626532e-8 -1 0.7227156461203657
2.45 0.0013224999999999999 10 0.9999875430394799 -1 0.0019025862133465615
2.45 0.0015208749999999999 10 0.9999845253824823 -1 0.002186671703274719
2.45 0.0017490062499999994 10 0.9999807921584389 -1 0.0025130571906111106
2.525 0.9423108187686552 0 5.819085546601522e-11 1.0270604290435241 0.9016928570056372
2.45 0.0020113571874999995 10 0.999976136537141 -1 0.002888011587482006
2.6 0.8194007119727437 0 1.7426865017516327e-9 0.9580751668854129 0.8337468091380033
2.45 0.002313060765624999 10 0.999970350656495 -1 0.0033187254292027634
2.45 0.0026600198804687487 10 0.9999630967059737 -1 0.00381344432963571
2.425 0.00115 -1 0.9999896606215363 -1 0.0016264765634390354
2.525 1.0836574415839535 0 4.970246183397843e-12 1.1813897126119015 1.0494790934535596
2.45 0.003059022862539061 10 0.9999540240191949 -1 0.004381621385778369
2.6 0.9423108187686552 0 2.624008567828671e-10 1.0956907277678967 0.9669307360429602
2.425 0.0013224999999999999 10 0.999987172418212 -1 0.0018693875560683653
2.45 0.0035178762919199197 10 0.9999428228588837 -1 0.00503409057561778
2.4 0.00115 10 0.999989358712839 -1 0.001597613727269988
2.45 0.004045557735707907 10 0.999928705611908 -1 0.005783264552786274
2.425 0.0015208749999999999 10 0.9999840747320442 -1 0.0021484807990754997
2.6 1.0836574415839535 0 2.671287699684965e-11 1.2581184024584484 1.12273970470429
2.45 0.004652391396064093 10 0.9999110420973826 -1 0.006643359288113376
2.4 0.0013224999999999999 10 0.9999868000670346 -1 0.0018361849655515992
2.45 0.005350250105473706 10 0.9998889192707164 -1 0.007630649452950862
2.425 0.0017490062499999994 10 0.9999802160322654 -1 0.002469122033712428
2.475 0.00115 10 0.9999902086319655 -1 0.0016841929786577978
2.4 0.0015208749999999999 10 0.9999836183438489 -1 0.0021102849961384877
2.45 0.006152787621294761 10 0.9998608083936601 -1 0.008763757883676558
2.425 0.0020113571874999995 10 0.999975439937067 -1 0.0028374666232867923
2.475 0.0013224999999999999 10 0.9999878667623756 -1 0.001935781111265142
2.45 0.0070757057644889754 10 0.9998257524292505 -1 0.01006398259090716
2.4 0.0017490062499999994 10 0.9999796510409776 -1 0.0024251807796691295
2.45 0.008137061629162322 10 0.9997816084935849 -1 0.011555668274938768
2.425 0.002313060765624999 10 0.9999694833875553 -1 0.0032605742558789283
2.475 0.0015208749999999999 10 0.9999849033407819 -1 0.002224857941983304
2.4 0.0020113571874999995 10 0.9999747206421471 -1 0.002786914039778682
2.45 0.009357620873536667 10 0.9997259046583733 -1 0.013266619530536292
2.425 0.0026600198804687487 10 0.9999620079347655 -1 0.0037465397769790437
2.475 0.0017490062499999994 10 0.9999812783663881 -1 0.0025569865304505357
2.45 0.010761264004567169 10 0.9996554322599128 -1 0.015228571498025322
2.4 0.002313060765624999 10 0.9999685916829146 -1 0.003202413552968912
2.425 0.003059022862539061 10 0.9999527140510592 -1 0.004304642579232337
2.45 0.012375453605252242 10 0.9995660983493805 -1 0.01747771115576989
2.475 0.0020113571874999995 10 0.9999767954721765 -1 0.002938549282742121
2.4 0.0026600198804687487 10 0.9999608983871783 -1 0.003679623313336972
2.45 0.014231771646040076 10 0.9994525669394679 -1 0.020055259751904884
2.425 0.0035178762919199197 10 0.9999410921217061 -1 0.00494551643815197
2.475 0.002313060765624999 10 0.9999710965637297 -1 0.0033768675192240192
2.4 0.003059022862539061 10 0.9999513143232727 -1 0.004227648849363792
2.45 0.01636653739294609 10 0.9993079294491176 -1 0.02300811740788375
2.425 0.004045557735707907 10 0.9999265579468082 -1 0.005681343134392269
2.475 0.0026600198804687487 10 0.9999640877216232 -1 0.0038803375309773578
2.4 0.0035178762919199197 10 0.9999393438435927 -1 0.004856923583669145
2.45 0.018821518001888 10 0.9991230102557657 -1 0.026389572523979162
2.425 0.004652391396064093 10 0.9999083576289005 -1 0.006526072501995905
2.475 0.003059022862539061 10 0.9999552972928514 -1 0.0044585859700770215
2.45 0.021644745702171196 10 0.9988857855880307 -1 0.030260076647500654
2.4 0.004045557735707907 10 0.9999243732560019 -1 0.005579398209129671
2.425 0.005350250105473706 10 0.9998853635837586 -1 0.007495672089725454
2.475 0.0035178762919199197 10 0.999944319323026 -1 0.0051226468880325605
2.45 0.024891457557496874 10 0.9985803577079284 -1 0.03468808394473629
2.4 0.004652391396064093 10 0.9999056280039735 -1 0.00640875613947441
2.425 0.006152787621294761 10 0.9998566081394928 -1 0.008608410331771685
2.45 0.028625176191121406 10 0.998185483290855 -1 0.03975095291735457
2.475 0.004045557735707907 10 0.9999306238886214 -1 0.005885163583886111
2.4 0.005350250105473706 10 0.999881898204576 -1 0.007360657482097504
2.425 0.0070757057644889754 10 0.9998204501903105 -1 0.009885176376092005
2.45 0.03291895261978962 10 0.9976726696350113 -1 0.045535907123216354
2.475 0.004652391396064093 10 0.999913468996895 -1 0.00676061792563956
2.4 0.006152787621294761 10 0.9998522587236344 -1 0.00845301578191176
2.425 0.008137061629162322 10 0.999774959793027 -1 0.01134984120413449
2.475 0.005350250105473706 10 0.9998919693999097 -1 0.007765591384878924
2.4 0.0070757057644889754 10 0.9998149325561224 -1 0.009706310410774723
2.45 0.03785679551275806 10 0.9969910471184568 -1 0.05213591315538981
2.425 0.009357620873536667 10 0.9997174451693682 -1 0.013029663936251863
2.475 0.006152787621294761 10 0.9998647231153761 -1 0.00891906073953079
2.4 0.008137061629162322 10 0.999767976082122 -1 0.011143938843991168
2.45 0.043535314839671754 10 0.9961019033867071 -1 0.059667054210609916
2.425 0.010761264004567169 10 0.9996447050837722 -1 0.014955747260567621
2.475 0.0070757057644889754 10 0.9998306953972287 -1 0.01024273296828076
2.4 0.009357620873536667 10 0.999708583060586 -1 0.012792612727702457
2.45 0.05006561206562252 10 0.994824325527831 -1 0.06821149044640086
2.425 0.012375453605252242 10 0.9995523986171545 -1 0.017163546304081633
2.475 0.008137061629162322 10 0.9997878484278214 -1 0.01176142381717689
2.4 0.010761264004567169 10 0.9996334172447819 -1 0.014682801313888355
2.425 0.014231771646040076 10 0.9994350853929885 -1 0.01969343421281188
2.45 0.05757545387546589 10 0.993165263813914 -1 0.07795165327601025
2.475 0.009357620873536667 10 0.9997338876755293 -1 0.013503484339047786
2.4 0.012375453605252242 10 0.9995379977534719 -1 0.01684922612189407
2.425 0.01636653739294609 10 0.9992854245656562 -1 0.022591327226748132
2.475 0.010761264004567169 10 0.9996655735507385 -1 0.015501280240069948
2.45 0.06621177195678576 10 0.9908404435480215 -1 0.0889927112588912
2.4 0.014231771646040076 10 0.9994166126564606 -1 0.01933140987068685
2.425 0.018821518001888 10 0.9990939886078869 -1 0.025909370890977657
2.475 0.012375453605252242 10 0.9995790473537124 -1 0.017791728698297
2.4 0.01636653739294609 10 0.9992616582013399 -1 0.02217428183649448
2.45 0.07614353775030362 10 0.987594661893954 -1 0.10150046603913183
2.425 0.021644745702171196 10 0.9988481613071934 -1 0.029706687615385585
2.475 0.014231771646040076 10 0.9994691681864808 -1 0.020416896884765917
2.4 0.018821518001888 10 0.999063278755058 -1 0.025428840641582556
2.425 0.024891457557496874 10 0.9985313804047762 -1 0.03405018362561684
2.45 0.08756506841284915 10 0.9828636984628047 -1 0.11560927549060289
2.475 0.01636653739294609 10 0.9993292760188607 -1 0.023424665948453827
2.4 0.021644745702171196 10 0.998808365083716 -1 0.02915287411611768
2.425 0.028625176191121406 10 0.9981213428690308 -1 0.039015412537980604
2.475 0.018821518001888 10 0.9991504683788671 -1 0.026869463298943314
2.45 0.10069982867477653 10 0.9755912526242376 -1 0.1314409346585394
2.4 0.024891457557496874 10 0.9984794398934167 -1 0.033411733477370475
2.425 0.03291895261978962 10 0.9975882041056482 -1 0.044687491564381884
2.475 0.021644745702171196 10 0.9989213699879249 -1 0.030813064534627746
2.4 0.028625176191121406 10 0.9980532423855194 -1 0.038279158053160095
2.425 0.03785679551275806 10 0.9968776714964193 -1 0.051156515500372736
2.475 0.024891457557496874 10 0.9986266470778634 -1 0.03532546512147439
2.45 0.11580480297599301 10 0.9633993735891041 -1 0.1490668068948012
2.475 0.028625176191121406 10 0.9982459913379645 -1 0.040485819695866336
2.425 0.043535314839671754 10 0.9959150116579322 -1 0.0585229676274924
2.4 0.03291895261978962 10 0.9974942456421966 -1 0.043836474250148624
2.475 0.03291895261978962 10 0.9977522139162506 -1 0.04638344704376616
2.4 0.03785679551275806 10 0.9967567329867328 -1 0.05017586303231819
2.425 0.05006561206562252 10 0.9946051979854855 -1 0.06690162570317376
2.475 0.03785679551275806 10 0.9970975561571539 -1 0.053114131889398015
2.45 0.13317552342239194 10 0.9374457974520835 -1 0.16835330101179216
2.4 0.043535314839671754 10 0.9957449060918028 -1 0.0573881296922794
2.425 0.05757545387546589 10 0.9928591072855221 -1 0.07643572055434762
2.475 0.043535314839671754 10 0.9962444955710461 -1 0.060796373754239366
2.4 0.05006561206562252 10 0.9943689864883971 -1 0.06558915308977956
2.425 0.06621177195678576 10 0.99039392474041 -1 0.08723360655342693
2.475 0.05006561206562252 10 0.9950279581485073 -1 0.06951894117683065
2.4 0.05757545387546589 10 0.9925282072836752 -1 0.07491620922034477
2.425 0.07614353775030362 10 0.9869318552065078 -1 0.09945651280620528
2.475 0.05757545387546589 10 0.9934264811986849 -1 0.07945601336866653
2.4 0.06621177195678576 10 0.9899577432386267 -1 0.08548497793622026
2.45 0.15315185193575073 10 2.376872959095758e-10 -1 0.1703071050307351
2.425 0.08756506841284915 10 0.9818299850159855 -1 0.1132267310485259
2.475 0.06621177195678576 10 0.9912497898630398 -1 0.0907468743020869
2.4 0.07614353775030362 10 0.9861977519530588 -1 0.09740453217422511
2.475 0.07614353775030362 10 0.9881962836962881 -1 0.10353718516461756
2.425 0.10069982867477653 10 0.97384646302914 -1 0.12864990976803234
2.4 0.08756506841284915 10 0.9806647959409974 -1 0.11083171024295434
2.475 0.08756506841284915 10 0.98378766090101 -1 0.11798076153817912
2.45 0.1761246297261133 10 2.2480197309634744e-9 -1 0.18531722166173056
2.425 0.11580480297599301 10 0.9599131114134785 -1 0.14576083208319704
2.4 0.10069982867477653 10 0.9718117059667205 -1 0.12583625403014242
2.475 0.10069982867477653 10 0.9771149614798832 -1 0.13421478288370853
2.475 0.11580480297599301 10 0.965882018953315 -1 0.1522708989479
2.45 0.2025433241850303 0 1.927494410501125e-10 0.28584188242883785 0.20304751991141487
2.4 0.11580480297599301 10 0.9555134099426575 -1 0.14241362889783515
2.425 0.13317552342239194 10 0.9245296378301993 -1 0.16430020339976406
2.475 0.13317552342239194 10 0.9442433598788185 -1 0.17218667136418317
2.875 0.26786354623470254 -1 -1 -1 -1
2.45 0.23292482281278482 0 1.2725072734955175e-10 0.30898641365790463 0.22406267459532236
2.875 0.26786354623470254 -1 -1 -1 -1
2.875 0.3080430781699079 -1 -1 -1 -1
2.875 0.35424953989539404 -1 -1 -1 -1
2.875 0.4073869708797031 -1 -1 -1 -1
2.875 0.46849501651165854 -1 -1 -1 -1
2.875 0.5387692689884073 -1 -1 -1 -1
2.875 0.6195846593366683 -1 -1 -1 -1
2.875 0.001 10 0.9999945153668739 -1 0.00186636517359193
2.4 0.13317552342239194 10 8.412138279441693e-10 -1 0.14373759734587116
2.875 0.00115 10 0.9999932035131487 -1 0.0021455803256296186
2.875 0.0013224999999999999 10 0.9999915686265969 -1 0.0024665016851050277
2.875 0.0015208749999999999 10 0.9999895307628055 -1 0.002835342603397776
2.425 0.15315185193575073 10 1.7473327716729628e-13 -1 0.16324280728124316
2.875 0.0017490062499999994 10 0.9999868511552215 -1 0.003259238527644785
2.45 0.26786354623470254 0 1.9755175001272367e-7 0.33629306929723457 0.2484732799177042
2.875 0.0020113571874999995 10 0.9999838185433803 -1 0.0037463824848261167
2.475 0.15315185193575073 10 1.4128135709055493e-10 -1 0.17746492885729664
2.875 0.002313060765624999 10 0.9999799070114915 -1 0.004306180069195937
2.875 0.0026600198804687487 10 0.9999749446682549 -1 0.0049494281299004
2.875 0.003059022862539061 10 0.9999688184245863 -1 0.005688517917535141
2.875 0.0035178762919199197 10 0.9999611325010616 -1 0.0065376682045830015
2.875 0.004045557735707907 10 0.999951555671285 -1 0.0075131915369633165
2.875 0.004652391396064093 10 0.9999415572661425 -1 0.008633798444544476
2.875 0.005350250105473706 10 0.9999272148751721 -1 0.009920944436901473
2.875 0.006152787621294761 10 0.9999093232708718 -1 0.011399226046663507
2.45 0.3080430781699079 0 1.546974218628716e-9 0.36853846354626085 0.27878284868545716
2.875 0.0070757057644889754 10 0.9998868112530268 -1 0.01309683193195096
2.875 0.008137061629162322 10 0.9998586753912266 -1 0.015046056457180344
2.4 0.15315185193575073 10 1.7377451425442074e-11 -1 0.1562898955955665
2.875 0.009357620873536667 10 0.9998233720141707 -1 0.017283883298304117
2.425 0.1761246297261133 10 6.61630783342507e-9 -1 0.17788222898460285
2.875 0.010761264004567169 10 0.9997789814721675 -1 0.019852647661626654
2.875 0.012375453605252242 10 0.9997231143397173 -1 0.02280078673461151
2.475 0.1761246297261133 10 4.3913328272637676e-9 -1 0.19285692219549486
2.875 0.014231771646040076 10 0.9996526636429187 -1 0.02618368808879054
2.875 0.01636653739294609 10 0.9995636455594297 -1 0.030064646550590445
2.875 0.018821518001888 10 0.9994509521482863 -1 0.0345159406114765
2.875 0.021644745702171196 10 0.9993042816317165 -1 0.03962003893108087
2.875 0.024891457557496874 10 0.9991206151382691 -1 0.04547094922228197
2.45 0.35424953989539404 0 8.031365445108047e-10 0.40664820322091266 0.3140057941703935
2.875 0.028625176191121406 10 0.998885983355196 -1 0.05217571705986246
2.875 0.03291895261978962 10 0.9985880160324206 -1 0.059856086984443994
2.875 0.03785679551275806 10 0.9982027889776531 -1 0.0686503377761431
2.425 0.2025433241850303 10 3.6981744999960614e-10 -1 0.19516559456455296
2.875 0.043535314839671754 10 0.9977066722369206 -1 0.07871529109995305
2.4 0.1761246297261133 10 4.962235678528655e-10 -1 0.17055484683853067
2.875 0.05006561206562252 10 0.997053783000405 -1 0.09022182241890235
2.475 0.2025433241850303 10 2.692377894787078e-9 -1 0.2110167456238717
2.875 0.05757545387546589 10 0.9962091742727358 -1 0.10337865707568751
2.45 0.4073869708797031 0 1.1437386947895776e-10 0.45171735792148593 0.35587428029137236
2.875 0.06621177195678576 10 0.995036997472512 -1 0.1183708612726247
2.875 0.07614353775030362 10 0.9935072089113398 -1 0.13548900297479147
2.425 0.23292482281278482 10 2.1701212738316562e-7 -1 0.2152213892229055
2.875 0.08756506841284915 10 0.9914639843724511 -1 0.1550017701111007
2.4 0.2025433241850303 10 1.3115947049867724e-10 -1 0.18740820034698286
2.45 0.46849501651165854 10 2.0002759562130355e-8 -1 0.4060544714194752
2.875 0.10069982867477653 10 0.9886760069717382 -1 0.17720141405523215
2.475 0.23292482281278482 10 7.891206028672283e-11 -1 0.2325407690179373
2.875 0.11580480297599301 10 0.9847112875743131 -1 0.20237301241427744
2.425 0.26786354623470254 10 1.1123488035162387e-7 -1 0.2395453127475817
2.875 0.13317552342239194 10 0.9791538376347674 -1 0.23091627252169666
2.45 0.5387692689884073 0 8.557969326529363e-9 0.5681593624493496 0.46530263459515087
2.4 0.23292482281278482 10 1.476477611136792e-7 -1 0.2069604431769258
2.875 0.15315185193575073 10 0.9709523757458309 -1 0.26313579904511375
2.475 0.26786354623470254 0 8.76579349453213e-9 0.34648659976040647 0.2582121350876524
2.875 0.1761246297261133 10 0.9576194406433179 -1 0.29918215685330674
2.425 0.3080430781699079 10 7.869096079782911e-10 -1 0.26915351601590237
2.45 0.6195846593366683 0 1.1304184041054796e-9 0.6428576126829173 0.5356775353423499
2.875 0.2025433241850303 10 0.9350935352971268 -1 0.3394381869612724
2.4 0.26786354623470254 10 1.4428815513691433e-7 -1 0.23073622135359678
2.475 0.3080430781699079 0 1.5678266278704194e-9 0.37941600117426094 0.2885298298076405
2.875 0.23292482281278482 10 0.8733429373443431 -1 0.38267448123254777
2.45 0.7125223582371686 0 2.6748289809447457e-10 0.7312784379290518 0.6192778048214563
2.425 0.35424953989539404 10 2.907444004332596e-10 -1 0.3035948852600911
2.4 0.3080430781699079 10 7.956355747300264e-8 -1 0.2589695623339285
2.475 0.35424953989539404 0 8.707799289665743e-10 0.41831935290544187 0.324538206207776
2.45 0.8194007119727437 0 3.900915958477306e-11 0.8359195695394654 0.718513586366041
2.425 0.4073869708797031 10 6.473873261431834e-11 -1 0.34455889663345834
2.875 0.26786354623470254 0 0.0004754434669388655 0.5211854325020047 0.4141667258186941
2.4 0.35424953989539404 10 2.368051425875264e-10 -1 0.2933115444345281
2.475 0.4073869708797031 0 2.2271128542808043e-10 0.4643109555719888 0.36731915530341464
2.425 0.46849501651165854 0 1.1512820383451232e-8 0.4914869271068151 0.39369109493148985
2.45 0.9423108187686552 0 5.882704399466199e-12 0.9596852571114702 0.8377617043261619
2.875 0.3080430781699079 0 0.0002161052399635018 0.5655120276220268 0.4555141018063604
2.4 0.4073869708797031 10 3.2830394383366406e-11 -1 0.33337016278083276
2.475 0.46849501651165854 0 4.604048049596565e-8 0.5187081681260132 0.4185796547975583
2.425 0.5387692689884073 0 4.252276609423189e-9 0.5533583512119625 0.4516782351857213
2.875 0.35424953989539404 0 0.00013666597602680222 0.6176241795847427 0.5043001958106209
2.45 1.0836574415839535 0 4.1791412091368526e-13 1.1059985208120808 0.9775762625825233
2.4 0.46849501651165854 10 8.381430498128705e-9 -1 0.38144696538085265
2.475 0.5387692689884073 10 1.5565093503049917e-8 -1 0.47906624671073206
2.875 0.4073869708797031 0 0.0005627196488379012 0.6789467335001123 0.5617884702253485
2.425 0.6195846593366683 0 1.0324101151151507e-9 0.6266196701568322 0.5206413906318531
2.4 0.5387692689884073 0 1.313946035232309e-9 0.5386844439106064 0.43821174355089765
2.875 0.46849501651165854 10 0.00044151103588584514 -1 0.6298030921702141
2.475 0.6195846593366683 10 5.281050676025131e-9 -1 0.5508762345826329
2.425 0.7125223582371686 0 1.5786539728562484e-10 0.7133613349628801 0.6025801448992346
2.875 0.5387692689884073 0 0.0003976199977898836 0.8360433495364498 0.7101338112861024
2.4 0.6195846593366683 0 2.996483485641883e-10 0.6105080058581869 0.5057364968056873
2.475 0.7125223582371686 10 6.976378784819397e-10 -1 0.6361296625175056
2.875 0.6195846593366683 0 0.0002790371570961907 0.9361672905239042 0.8050098651190591
2.425 0.8194007119727437 0 4.5187784983826125e-12 0.8160382708508683 0.6998664777903848
2.875 0.7125223582371686 0 0.00023401041702487244 1.0541386296229078 0.9220110650680218
2.4 0.7125223582371686 0 7.025726944649936e-11 0.695575948820587 0.5860208382568848
2.475 0.8194007119727437 0 7.318893735121813e-11 0.855940750089684 0.7373094070084587
2.875 0.8194007119727437 0 0.0002079155524703408 1.1931227906215611 1.0550180674722733
2.425 0.9423108187686552 0 -6.8354430345271855e-12 0.9375258242510768 0.8168282110626112
2.325 0.00115 -1 0.9999883882094084 -1 0.0015110046994437987
2.875 0.9423108187686552 0 8.531322390821729e-5 1.3568156161863534 1.2119796359106876
2.4 0.8194007119727437 0 2.6835464595670936e-12 0.796304078715959 0.6813971051061173
2.475 0.9423108187686552 0 1.727913272550887e-11 0.9819923897613427 0.858867001948609
2.875 1.0836574415839535 0 2.4425782595515272e-5 1.5495638066302002 1.397100527971734
2.425 1.0836574415839535 0 -1.884507814522946e-12 1.0811879768521246 0.9540132124171279
2.75 0.001 10 0.9999939087196137 -1 0.0017410594535138277
2.4 0.9423108187686552 0 6.529373140579276e-12 0.915522768341575 0.7960723361072884
2.75 0.00115 10 0.9999924282047872 -1 0.002001451590855492
2.475 1.0836574415839535 0 2.55698866757137e-12 1.1309660744672314 1.001327523711898
2.75 0.0013224999999999999 10 0.9999906060042263 -1 0.0023007195200500487
2.75 0.0015208749999999999 10 0.9999883215699232 -1 0.002644650801534103
2.35 0.00115 10 0.9999887352528418 -1 0.0015398779722670083
2.75 0.0017490062499999994 10 0.9999854593185319 -1 0.0030398902871544196
2.35 0.0013224999999999999 10 0.999986035127884 -1 0.0017697672551971989
2.4 1.0836574415839535 0 -3.13047218280173e-12 1.0565435308557483 0.9306374274680257
2.35 0.0015208749999999999 10 0.9999826660977006 -1 0.002033877715846962
2.75 0.0020113571874999995 10 0.9999819252806539 -1 0.0034940660025712246
2.35 0.0017490062499999994 10 0.9999785181003059 -1 0.00233727872989741
2.75 0.002313060765624999 10 0.9999774949463252 -1 0.004015933844562641
2.35 0.0020113571874999995 10 0.9999732360799666 -1 0.002685784485653959
2.75 0.0026600198804687487 10 0.9999720033422941 -1 0.004615541992918538
2.35 0.002313060765624999 10 0.9999667196513843 -1 0.0030860616315173933
2.325 0.0013224999999999999 -1 0.9999856045215562 -1 0.001736551715197897
2.75 0.003059022862539061 10 0.9999651492730128 -1 0.005304419906208742
2.35 0.0026600198804687487 10 0.9999586012538924 -1 0.0035457522043842895
2.75 0.0035178762919199197 10 0.9999565374490835 -1 0.006095793884219287
2.35 0.003059022862539061 10 0.9999484158979427 -1 0.00407361355547598
2.325 0.0015208749999999999 10 0.9999821168077822 -1 0.001995665712002489
2.75 0.004045557735707907 10 0.9999474985647048 -1 0.007004833336724243
2.35 0.0035178762919199197 10 0.9999356859600711 -1 0.004679677837361563
2.75 0.004652391396064093 10 0.9999346159605146 -1 0.008048931734488843
2.3 0.00115 -1 0.9999880351510072 -1 0.0014821275769523795
2.35 0.004045557735707907 10 0.9999197863234341 -1 0.005375432958639383
2.325 0.0017490062499999994 10 0.9999777783207825 -1 0.0022933172622046226
2.75 0.005350250105473706 10 0.9999185161801459 -1 0.009248027130904196
2.35 0.004652391396064093 10 0.9998998695746569 -1 0.006174028494260791
2.75 0.006152787621294761 10 0.999898379359755 -1 0.01062496705345844
2.3 0.0013224999999999999 10 0.9999851424009385 -1 0.0017033313967972155
2.325 0.0020113571874999995 10 0.9999723700144552 -1 0.0026352066721773704
2.75 0.0070757057644889754 10 0.99987314011861 -1 0.012205924074765265
2.35 0.005350250105473706 10 0.9998745188928926 -1 0.0070905086268234
2.75 0.008137061629162322 10 0.9998414792565584 -1 0.01402086762935423
2.35 0.006152787621294761 10 0.99984292752604 -1 0.008142075629961122
2.3 0.0015208749999999999 10 0.9999815492913291 -1 0.001957447751101161
2.325 0.002313060765624999 10 0.9999656077003639 -1 0.0030278693682327675
2.275 0.00115 -1 0.999985850114393 -1 0.0014532464144361578
2.75 0.009357620873536667 10 0.9998017229335701 -1 0.016104099334142766
2.35 0.0070757057644889754 10 0.9998031285075052 -1 0.009348387353777016
2.75 0.010761264004567169 10 0.9997516177412756 -1 0.018494859351422265
2.325 0.0026600198804687487 10 0.9999572449207154 -1 0.003478796229145711
2.3 0.0017490062499999994 10 0.9999770880978975 -1 0.0022493483488551774
2.35 0.008137061629162322 10 0.9997529317384526 -1 0.010731891798418672
2.75 0.012375453605252242 10 0.9996885151440204 -1 0.021238011500843874
2.275 0.0013224999999999999 10 0.9999846790142831 -1 0.001670106037789664
2.75 0.014231771646040076 10 0.9996087630992536 -1 0.02438481554908736
2.35 0.009357620873536667 10 0.9996894510910717 -1 0.012318202345125515
2.325 0.003059022862539061 10 0.9999467373401213 -1 0.003996570320531747
2.3 0.0020113571874999995 10 0.9999715091326544 -1 0.002584619551819498
2.75 0.01636653739294609 10 0.9995078463500945 -1 0.02799379531172232
2.275 0.0015208749999999999 10 0.9999809716677148 -1 0.0019192235169594582
2.35 0.010761264004567169 10 0.9996089715389108 -1 0.014136517014287961
2.75 0.018821518001888 10 0.9993767326411886 -1 0.032131710808277585
2.325 0.0035178762919199197 10 0.9999335280752358 -1 0.004591022826632198
2.3 0.002313060765624999 10 0.9999645562132238 -1 0.002969665472339428
2.35 0.012375453605252242 10 0.9995066780291996 -1 0.016220084421743833
2.75 0.021644745702171196 10 0.9992124675771967 -1 0.036874643700550706
2.275 0.0017490062499999994 10 0.9999763432759922 -1 0.00220537159447301
2.75 0.024891457557496874 10 0.9990026772926978 -1 0.042309201588153864
2.35 0.014231771646040076 10 0.9993764483295347 -1 0.018606718842713886
2.325 0.004045557735707907 10 0.9999171752473079 -1 0.005273409952703591
2.3 0.0026600198804687487 10 0.9999558754427079 -1 0.003411825673894267
2.75 0.028625176191121406 10 0.9987361349380899 -1 0.048533849706364825
2.275 0.0020113571874999995 10 0.9999705977235781 -1 0.002534022620126375
2.75 0.03291895261978962 10 0.9983918275904475 -1 0.0556603774681936
2.35 0.01636653739294609 10 0.999209948111102 -1 0.02133936548937006
2.325 0.004652391396064093 10 0.9998963689577935 -1 0.006056613834733287
2.3 0.003059022862539061 10 0.9999450546971818 -1 0.00391950880354942
2.275 0.002313060765624999 10 0.9999634058131252 -1 0.0029114493113377407
2.75 0.03785679551275806 10 0.9979484277551389 -1 0.06381549750615291
2.35 0.018821518001888 10 0.9989963372754129 -1 0.02446671577908147
2.75 0.043535314839671754 10 0.9973670085813905 -1 0.07313824372833025
2.325 0.005350250105473706 10 0.9998703982104401 -1 0.006955370065486273
2.3 0.0035178762919199197 10 0.9999314706868153 -1 0.004502344846673736
2.275 0.0026600198804687487 10 0.9999544542382829 -1 0.003344839747201601
2.75 0.05006561206562252 10 0.996613969926844 -1 0.08379572381430232
2.35 0.021644745702171196 10 0.9987213175492691 -1 0.028043870568240224
2.75 0.05757545387546589 10 0.9955631265532049 -1 0.09593370131070028
2.325 0.006152787621294761 10 0.9998377290373036 -1 0.007986524203660816
2.3 0.004045557735707907 10 0.9999144634589779 -1 0.005171358055155536
2.275 0.003059022862539061 10 0.9999432437735686 -1 0.0038424280000948687
2.35 0.024891457557496874 10 0.9983656759617825 -1 0.03213304742104938
2.75 0.06621177195678576 10 0.9942150189693622 -1 0.10980149216122588
2.325 0.0070757057644889754 10 0.9997966276141818 -1 0.009169323225008129
2.75 0.07614353775030362 10 0.9924024043732076 -1 0.12559892738416223
2.3 0.004652391396064093 10 0.9998929989132027 -1 0.005939162797556567
2.35 0.028625176191121406 10 0.9979036574515896 -1 0.03680432657071397
2.275 0.0035178762919199197 10 0.9999294230663462 -1 0.004413642638515432
2.75 0.08756506841284915 10 0.9898794418854967 -1 0.14354665397055083
2.325 0.008137061629162322 10 0.9997446989117933 -1 0.010525738075676236
2.3 0.005350250105473706 10 0.9998661485817335 -1 0.006820185591180483
2.75 0.10069982867477653 10 0.9864243506931529 -1 0.16393766300702253
2.275 0.004045557735707907 10 0.9999116536495383 -1 0.005069275654861236
2.35 0.03291895261978962 10 0.9972973929807699 -1 0.042135273327130754
2.75 0.11580480297599301 10 0.9815099994650821 -1 0.18702639804445673
2.325 0.009357620873536667 10 0.9996790018255156 -1 0.012080831541302416
2.3 0.006152787621294761 10 0.9998323441837316 -1 0.00783091535383012
2.275 0.004652391396064093 10 0.9998899023594677 -1 0.0058216733314601695
2.75 0.13317552342239194 10 0.9740075651431588 -1 0.21300166212500685
2.325 0.010761264004567169 10 0.9995956828027139 -1 0.013863163651169519
2.35 0.03785679551275806 10 0.9964870348727733 -1 0.04820975039502839
2.3 0.0070757057644889754 10 0.9997898408940911 -1 0.008990185533914778
2.75 0.15315185193575073 10 0.9625662197232161 -1 0.2422204843850254
2.275 0.005350250105473706 10 0.9998616659662847 -1 0.006684952598716742
2.75 0.1761246297261133 10 0.9427359115513926 -1 0.2747277058561384
2.325 0.012375453605252242 10 0.9994897232305875 -1 0.015905243428045293
2.3 0.008137061629162322 10 0.9997360490254857 -1 0.010319490913341963
2.35 0.043535314839671754 10 0.9953620727604763 -1 0.05511153077111934
2.275 0.006152787621294761 10 0.9998266818860415 -1 0.007675244797823557
2.325 0.014231771646040076 10 0.9993545773507797 -1 0.018244026792836203
2.3 0.009357620873536667 10 0.9996679894053644 -1 0.011843341776044392
2.75 0.2025433241850303 10 0.8890120866557516 -1 0.3096619054118082
2.275 0.0070757057644889754 10 0.9997826317065625 -1 0.008810970012882571
2.35 0.05006561206562252 10 0.9938691329034999 -1 0.06296620637218708
2.325 0.01636653739294609 10 0.9991817267945592 -1 0.02092146139521974
2.3 0.010761264004567169 10 0.9995815824355312 -1 0.013589658413071075
2.275 0.008137061629162322 10 0.9997268947585614 -1 0.010113144835797908
2.35 0.05757545387546589 10 0.9917956889760767 -1 0.07187182846142412
2.325 0.018821518001888 10 0.9989597440499958 -1 0.023985077661448972
2.3 0.012375453605252242 10 0.999471702181975 -1 0.01559020799287448
2.75 0.23292482281278482 10 0.0003021312815106572 -1 0.3303181197610092
2.275 0.009357620873536667 10 0.9996563262269436 -1 0.011605725966307186
2.35 0.06621177195678576 10 0.9888338130186707 -1 0.08193781592639492
2.3 0.014231771646040076 10 0.9993313751327499 -1 0.01788108501242165
2.325 0.021644745702171196 10 0.9986736507081556 -1 0.02748862318428563
2.275 0.010761264004567169 10 0.9995666475702288 -1 0.013315992141225088
2.75 0.26786354623470254 10 0.00015027268002395185 -1 0.36228474645851766
2.35 0.07614353775030362 10 0.9845534766470094 -1 0.09329427079746061
2.3 0.01636653739294609 10 0.9991517450823761 -1 0.020503235509536217
2.325 0.024891457557496874 10 0.9983031776612924 -1 0.031492735779803674
2.275 0.012375453605252242 10 0.999452545597554 -1 0.015274966180743237
2.75 0.3080430781699079 0 8.914002176136875e-5 0.5050970036826813 0.40003360880668115
2.3 0.018821518001888 10 0.9989208481966199 -1 0.023503023512344477
2.325 0.028625176191121406 10 0.997821316964882 -1 0.03606564928255812
2.275 0.014231771646040076 10 0.9993067190470513 -1 0.017517877916847592
2.35 0.08756506841284915 10 0.977956340417862 -1 0.1060264659986943
2.325 0.03291895261978962 10 0.9971877258063829 -1 0.041282668651925154
2.3 0.021644745702171196 10 0.9986228579754226 -1 0.026932836184181564
2.75 0.35424953989539404 0 0.0005683936996102013 0.5530191430246129 0.444552124080821
2.275 0.01636653739294609 10 0.999119860621811 -1 0.02008466739180531
2.75 0.4073869708797031 0 0.00045858101659084573 0.609469702898638 0.4973137905363061
2.325 0.03785679551275806 10 0.9963381666916529 -1 0.04722473728076917
2.3 0.024891457557496874 10 0.9982365539933432 -1 0.03085172204252713
2.275 0.018821518001888 10 0.9988793898764021 -1 0.023020526424868834
2.35 0.10069982867477653 10 0.9667473604564468 -1 0.12017434671608807
2.75 0.46849501651165854 10 0.00038850550140481543 -1 0.5597211594810416
2.325 0.043535314839671754 10 0.9951513234734184 -1 0.05397118032672768
2.3 0.028625176191121406 10 0.9977332685939525 -1 0.035326056177753806
2.275 0.021644745702171196 10 0.9985686699978916 -1 0.026376473910327953
2.75 0.5387692689884073 0 0.0003744823198342412 0.7543685686536522 0.6335451030479776
2.325 0.05006561206562252 10 0.9935723043940977 -1 0.06164565379772307
2.3 0.03291895261978962 10 0.9970241903663815 -1 0.04041228847394513
2.75 0.6195846593366683 0 0.0002620455370716217 0.8468699923196881 0.7249553515555136
2.275 0.024891457557496874 10 0.9981652863929154 -1 0.030209958899087987
3.0 0.001 10 -1 -1 -1
3.0 0.0020113571874999995 -1 -1 -1 -1
2.5 0.0020113571874999995 0 -1 0.16270577845084008 -1
2.5 0.004045557735707907 -1 -1 -1 -1
2.5 0.008137061629162322 -1 -1 -1 -1
2.5 0.01636653739294609 -1 -1 -1 -1
2.5 0.03291895261978962 -1 -1 -1 -1
2.5 0.06621177195678576 -1 -1 -1 -1
2.5 0.13317552342239194 -1 -1 -1 -1
2.5 0.26786354623470254 -1 -1 -1 -1
2.5 0.5387692689884073 -1 -1 -1 -1
2.5 1.0836574415839535 -1 -1 -1 -1
2.5 0.0020113571874999995 10 -1 -1 -1
2.5 0.004045557735707907 10 -1 -1 -1
2.5 0.008137061629162322 10 -1 -1 -1
2.5 0.01636653739294609 10 -1 -1 -1
2.5 0.03291895261978962 10 -1 -1 -1
2.5 0.06621177195678576 10 -1 -1 -1
2.5 0.13317552342239194 10 -1 -1 -1
2.5 0.26786354623470254 10 -1 -1 -1
2.5 0.5387692689884073 0 -1 0.5981115588178205 -1
2.5 1.0836574415839535 0 -1 1.1561042803560133 -1
