### 1:α 2:Δ 3:λ 4:ρ_left 5:ρ_right 6:E_left 7:E_right
3.0 0.0 0.001 10 0.9997500796509351 -1 0.000499875042168521
2.975 0.0 0.001 10 0.9997469172535195 -1 0.0004998734610757385
2.95 0.0 0.001 10 0.9997436738004791 -1 0.00049987183946077
2.925 0.0 0.001 10 0.9997403461350459 -1 0.0004998701757455346
2.9 0.0 0.001 10 0.999736930934372 -1 0.0004998684682707258
2.875 0.0 0.001 10 0.9997334246984567 -1 0.0004998667152864504
2.85 0.0 0.001 10 0.9997298237381863 -1 0.0004998649149465914
2.825 0.0 0.001 10 0.9997261241623799 -1 0.0004998630653087229
2.8 0.0 0.001 10 0.9997223218637675 -1 0.0004998611643203379
2.775 0.0 0.001 10 0.999718412503774 -1 0.0004998592098098567
2.75 0.0 0.001 10 0.9997143914960046 -1 0.000499857199487118
2.725 0.0 0.001 10 0.9997102539882946 -1 0.000499855130926172
2.7 0.0 0.001 10 0.9997059948431715 -1 0.000499853001559619
2.675 0.0 0.001 10 0.9997016086165731 -1 0.0004998508086665125
2.65 0.0 0.001 10 0.9996970895346292 -1 0.0004998485493611682
2.625 0.0 0.001 10 0.9996924314682996 -1 0.0004998462205797533
2.6 0.0 0.001 10 0.9996876279056369 -1 0.0004998438190688476
2.575 0.0 0.001 10 0.9996826719214071 -1 0.0004998413413663933
2.55 0.0 0.001 10 0.9996775561437727 -1 0.0004998387837890033
2.525 0.0 0.001 10 0.9996722727176965 -1 0.0004998361424107154
2.5 0.0 0.001 10 0.9996668132646899 -1 0.0004998334130440523
2.475 0.0 0.001 10 0.9996611688384679 -1 0.0004998305912194266
2.45 0.0 0.001 0 0.9996553298760145 0.0860786915037316 0.0004998276721575907
2.425 0.0 0.001 0 0.9996492861435033 0.08145493827905637 0.0004998246507440217
2.4 0.0 0.001 0 0.999643026676422 0.07692160099822093 0.0004998215215013523
2.375 0.0 0.001 0 0.9996365397131658 0.07248111724925577 0.0004998182785503754
2.35 0.0 0.001 0 0.9996298126212533 0.06813603612363073 0.0004998149155813136
2.325 0.0 0.001 0 0.9996228318151947 0.06388902548381331 0.0004998114258050392
2.3 0.0 0.001 0 0.9996155826648788 0.05974287984192911 0.0004998078019114294
2.275 0.0 0.001 0 0.9996080493931839 0.05570052892546418 0.0004998040360197296
2.25 0.0 0.001 0 0.9996002149613069 0.051765046995167596 0.0004998001196163589
2.225 0.0 0.001 0 0.9995920609400479 0.04793966299930391 0.0004997960434938032
2.2 0.0 0.001 0 0.9995835673650044 0.04422777165555192 0.000499791797680991
2.175 0.0 0.001 0 0.9995747125732826 0.04063294556089647 0.0004997873713554207
2.15 0.0 0.001 0 0.9995654730189056 0.03715894844853851 0.000499782752755595
2.125 0.0 0.001 0 0.9995558230636071 0.03380974971563683 0.0004997779290767573
2.1 0.0 0.001 0 0.9995457347390913 0.03058954036655731 0.000499772886349083
2.075 0.0 0.001 0 0.9995351774761138 0.02750275052520665 0.0004997676093079159
2.05 0.0 0.001 0 0.9995241177948464 0.02455406868566079 0.0004997620812322049
2.025 0.0 0.001 0 0.9995125189499132 0.02174846287350582 0.0004997562837740727
2.0 0.0 0.001 0 0.9995003405221591 0.019091203881727803 0.0004997501967527522
1.975 0.0 0.001 0 0.9994875379475807 0.01658789070147887 0.0004997437979196596
1.95 0.0 0.001 0 0.9994740619718288 0.01424447820758673 0.0004997370626856207
1.925 0.0 0.001 0 0.9994598580161876 0.01206730685908633 0.0004997299638073739
1.9 0.0 0.001 0 0.9994448654377962 0.010063133767618082 0.0004997224710191838
1.875 0.0 0.001 0 0.9994290166629178 0.00823916327153297 0.0004997145505985179
1.85 0.0 0.001 0 0.999412236167084 0.006603072476092181 0.000499706164862386
1.825 0.0 0.001 0 0.999394439269564 0.005163020315584549 0.0004996972715632028
1.8 0.0 0.001 0 0.999375530701448 0.003927609336734181 0.0004996878231810979
1.775 0.0 0.001 0 0.9993554028960997 0.002905707638224564 0.0004996777660723776
1.75 0.0 0.001 0 0.9993339339370086 0.002105804571382118 0.0004996670394486916
1.725 0.0 0.001 0 0.9993109850800758 0.0015334874270668299 0.0004996555741472905
1.7 0.0 0.001 0 0.999286397743552 0.0011801784122156024 0.0004996432911389547
1.675 0.0 0.001 0 0.9992599898270361 0.0009914889436389504 0.0004996300996996381
1.65 0.0 0.001 0 0.9992315511780329 0.0008832893764143456 0.0004996158951661892
1.625 0.0 0.001 0 0.9992008379661128 0.0008096639732396043 0.0004996005561484485
1.6 0.0 0.001 0 0.9991675656440766 0.0007537655462499181 0.0004995839410468175
1.575 0.0 0.001 0 0.9991314000630745 0.0007085449792372991 0.0004995658836630001
1.55 0.0 0.001 0 0.9990919461495383 0.0006704656227766513 0.0004995461876106333
1.525 0.0 0.001 0 0.9990487333236385 0.0006375069630058191 0.0004995246191258838
1.5 0.0 0.001 0 0.9990011965065392 0.0006084049200387679 0.0004995008977255356
