3.0 0.001 0.9756716509287022 0.05080128246943956 0.2713877332238631 0.9756716503661215 0.05080128246943959
3.0 0.0014142135623730952 0.9756394054792201 0.051632691800994106 0.27175635326152975 0.9756394049471141 0.05163269180099407
3.0 0.002 0.9755971592261844 0.052807219909139766 0.2722781471977523 0.9755971587089933 0.05280721990914007
3.0 0.0028284271247461905 0.9755415673831547 0.054465980247145836 0.2730170448284013 0.9755415668577374 0.05446598024714545
3.0 0.004 0.9754676304035801 0.05680776983572824 0.27406393352494035 0.9754676298135987 0.056807769835728134
3.0 0.005656854249492381 0.9753675792168872 0.06011238867546874 0.2755482905356911 0.9753675787150755 0.06011238867546859
3.0 0.008 0.9752289212443881 0.06477317870689522 0.27765508056076554 0.975228920757703 0.06477317870689567
3.0 0.011313708498984762 0.9750309300310803 0.07134224731594378 0.28064951390577786 0.9750309294585127 0.07134224731594391
3.0 0.016 0.9747381701785445 0.08059297069196174 0.28491369625987084 0.9747381695041404 0.08059297069196149
3.0 0.022627416997969524 0.9742881823385003 0.09360568219714374 0.29100150990097073 0.9742881816193403 0.09360568219714369
3.0 0.032 0.9735671831648044 0.1118837047929036 0.29972177420692275 0.9735671824874246 0.11188370479290366
3.0 0.04525483399593905 0.9723598186012119 0.1375073588667704 0.3122656197101412 0.9723598177276763 0.13750735886677087
3.0 0.064 0.9702385850701789 0.17333123183295243 0.33040314244873203 0.9702385837402062 0.1733312318329524
3.0 0.0905096679918781 0.9662982110077947 0.22321905161566113 0.35678810403427885 0.9662982088662349 0.22321905161566113
3.0 0.128 0.9584276876897817 0.2922729771376881 0.3954291187997816 0.9584276843286967 0.2922729771376885
3.0 0.1810193359837562 0.9408205248706027 0.3868820637133674 0.45241261181847026 0.9408205166209207 0.3868820637133673
3.0 0.256 0.8903600605234987 0.5138028329279354 0.5369974256252661 0.8903600324917025 0.5138028329279354
3.0 0.3620386719675124 3.061001941016799e-7 0.6632432803411386 0.6632432803411367 3.038008085692157e-7 0.6632432803411383
3.0 0.512 0.9295441753658045 0.9541425251702329 0.8523862249317359 9.447945997944787e-8 0.8523862249317368
3.0 0.7240773439350248 0.9050466607227123 1.2858208701793832 1.1362396471124787 4.900821720413758e-8 1.136239647112479
2.9 0.001 0.9744324902685608 0.050640672781765386 0.2480357922272728 0.9744324896595058 0.050640672781765005
2.9 0.0014142135623730952 0.9743965580447184 0.051430850728492544 0.24837624259994107 0.9743965574662965 0.051430850728492454
2.9 0.002 0.9743493675989527 0.05254706003509411 0.24885819984910862 0.9743493670335412 0.05254706003509434
2.9 0.0028284271247461905 0.9742871753186735 0.054123318493819544 0.24954076216064974 0.9742871747392148 0.05412331849381982
2.9 0.004 0.9742044107463594 0.05634836901781702 0.25050798464271967 0.9742044100876462 0.05634836901781706
2.9 0.005656854249492381 0.9740924436771756 0.059487756558780656 0.2518796829688236 0.9740924431003927 0.05948775655878046
2.9 0.008 0.9739374193754418 0.06391459497063735 0.2538271580590491 0.9739374187841179 0.06391459497063827
2.9 0.011313708498984762 0.9737163593239349 0.07015225515847906 0.2565962919289871 0.9737163587187091 0.07015225515847895
2.9 0.016 0.9733899394583614 0.07893322416992503 0.26054183568343625 0.9733899388165465 0.0789332241699251
2.9 0.022627416997969524 0.9728886728266508 0.09127951788232214 0.26617892059165954 0.972888672174629 0.09127951788232194
2.9 0.032 0.9720854081354207 0.10861098874985117 0.2742613766468307 0.9720854072195516 0.1086109887498513
2.9 0.04525483399593905 0.9707377628760341 0.13288780730105523 0.2859020832590723 0.9707377619160427 0.13288780730105543
2.9 0.064 0.9683591513510652 0.16678995458770865 0.30275931985939264 0.9683591498408513 0.1667899545877087
2.9 0.0905096679918781 0.9639004240164715 0.21392294841741932 0.3273261887528566 0.9639004217824236 0.2139229484174192
2.9 0.128 0.9548373333508975 0.2789932527140543 0.3633790077042368 0.9548373292687993 0.2789932527140544
2.9 0.1810193359837562 0.9337707004351359 0.36772881759972065 0.4166662831529033 0.9337706903298097 0.36772881759972076
2.9 0.256 0.8645191760001145 0.48540590170129194 0.4959530639252585 0.8645191296388137 0.48540590170129216
2.9 0.3620386719675124 2.0732042341019162e-7 0.6145760881755441 0.6145760881755428 2.0144289880344396e-7 0.6145760881755441
2.9 0.512 0.9179029200364804 0.8947701275540432 0.79271387659517 8.079500950695843e-8 0.7927138765951703
2.9 0.7240773439350248 0.8743383769883104 1.1880875847524996 1.0606382659097373 4.6342896779303465e-8 1.0606382659097369
2.8 0.001 0.9730605957390419 0.05047363129234052 0.2256533121879432 0.9730605950840028 0.05047363129233992
2.8 0.0014142135623730952 0.9730203593364133 0.051222588531136336 0.2259660531949365 0.973020358578047 0.0512225885311369
2.8 0.002 0.9729673687888634 0.05228049526471384 0.2264088256660891 0.9729673681652787 0.05228049526471338
2.8 0.0028284271247461905 0.9728974018504 0.05377427551930343 0.22703597644221923 0.9728974012064336 0.053774275519303284
2.8 0.004 0.9728042060741163 0.055882619426318246 0.22792484269065327 0.9728042053321758 0.05588261942631844
2.8 0.005656854249492381 0.9726781261522724 0.058856815860139945 0.22918574166134942 0.9726781254794059 0.05885681586014024
2.8 0.008 0.9725036882813404 0.06304974316786516 0.23097654379379678 0.9725036875444029 0.06304974316786537
2.8 0.011313708498984762 0.9722552358121308 0.06895601308480889 0.2335241369285701 0.9722552349964613 0.06895601308480878
2.8 0.016 0.9718888086268562 0.077267166111915 0.2371563961603661 0.971888807820234 0.07726716611191539
2.8 0.022627416997969524 0.9713264989747761 0.08894676530938984 0.24235038553365168 0.9713264981522245 0.08894676530939023
2.8 0.032 0.9704250049070027 0.10533088032280687 0.24980591609141178 0.9704250040154758 0.1053308803228069
2.8 0.04525483399593905 0.9689088643866814 0.1282588036954767 0.26055897649613136 0.9689088631445024 0.128258803695477
2.8 0.064 0.9662176988828457 0.16023414348864376 0.2761579019689993 0.9662176970401666 0.16023414348864404
2.8 0.0905096679918781 0.9611166509564357 0.20459957304461118 0.29893765439308106 0.9611166482511366 0.20459957304461074
2.8 0.128 0.9505161588079923 0.2656518405701547 0.33244556363994815 0.950516153726727 0.2656518405701547
2.8 0.1810193359837562 0.9245467438870052 0.34840123658088795 0.3820964776591773 0.9245467306810423 0.3484012365808876
2.8 0.256 0.8091817196065298 0.4560744824860453 0.4561670725951452 6.42192018599173e-7 0.456167072595149
2.8 0.3620386719675124 1.53796592608304e-7 0.5672779896104695 0.5672779896104683 1.5722952290674999e-7 0.5672779896104698
2.8 0.512 0.9012911199822334 0.8331968894973693 0.7345590201871395 7.65867170799444e-8 0.7345590201871391
2.8 0.7240773439350248 0.8006743231186443 1.070367125060256 0.9867518185683928 3.5931013152227815e-8 0.9867518185683928
2.7 0.001 0.9715334076973066 0.05029908260785535 0.20430950418950428 0.9715334070383029 0.050299082607855705
2.7 0.0014142135623730952 0.971488109414322 0.05100682966612666 0.2045950552548405 0.9714881087768756 0.05100682966612693
2.7 0.002 0.9714282624908563 0.05200645013564231 0.20499937868289075 0.9714282618512703 0.05200645013564224
2.7 0.0028284271247461905 0.9713490630340311 0.05341777637570557 0.20557216066023115 0.9713490623519321 0.05341777637570601
2.7 0.004 0.9712434342045757 0.0554094472249634 0.20638414964613716 0.9712434335376641 0.05540944722496321
2.7 0.005656854249492381 0.9711004861476996 0.05821849431800099 0.20753634898987522 0.971100485372103 0.05821849431800109
2.7 0.008 0.9709027973455899 0.06217755201746565 0.20917346262702358 0.9709027965693384 0.06217755201746586
2.7 0.011313708498984762 0.9706214881542055 0.06775244674804357 0.21150376234745016 0.9706214873737303 0.06775244674804354
2.7 0.016 0.9702070011936408 0.0755937057533831 0.2148287886673067 0.9702070004276376 0.07559370575338259
2.7 0.022627416997969524 0.9695712019026106 0.08660628044726572 0.21958831103722476 0.9695712010511415 0.08660628044726591
2.7 0.032 0.9685509832429253 0.10204208661145973 0.22642921528993426 0.9685509820851224 0.1020420866114601
2.7 0.04525483399593905 0.9668296942543317 0.12361865936952002 0.2363121263507963 0.9668296928912594 0.12361865936952024
2.7 0.064 0.9637528268467377 0.1536610492098116 0.2506775256507318 0.9637528251608138 0.15366104920981202
2.7 0.0905096679918781 0.9578389542350376 0.19524313979772207 0.2717050299225438 0.9578389511249168 0.195243139797722
2.7 0.128 0.94519027930167 0.2522327692921805 0.30271663286639433 0.9451902730054658 0.25223276929218075
2.7 0.1810193359837562 0.9117139783753079 0.32883279116507425 0.34879820889639923 0.911713959658606 0.32883279116507425
2.7 0.256 2.9926041797807564e-7 0.4177440176975924 0.41774401769759095 3.017714559481933e-7 0.4177440176975923
2.7 0.3620386719675124 1.2414261309863625e-7 0.5214661815667372 0.5214661815667363 1.2433978889601738e-7 0.5214661815667371
2.7 0.512 0.8748270792744719 0.767778785922397 0.6780554832733199 6.890706140944346e-8 0.6780554832733204
2.7 0.7240773439350248 4.46510575434823e-8 0.9147360100573749 0.9147360100573747 8.022602419740676e-9 0.9147360100573749
2.6 0.001 0.9698229174855033 0.050115698522940184 0.18407863553953258 0.9698229167011996 0.0501156985229401
2.6 0.0014142135623730952 0.9697716184403946 0.050782245283883934 0.18433758981891757 0.9697716176602669 0.05078224528388411
2.6 0.002 0.9697035974791375 0.05172359522575429 0.18470430447476766 0.9697035966800494 0.05172359522575504
2.6 0.0028284271247461905 0.9696133349132244 0.053052491325096034 0.1852239087295096 0.9696133340452147 0.053052491325096304
2.6 0.004 0.9694927440502213 0.054927522747532875 0.1859607101500514 0.9694927433031498 0.054927522747533195
2.6 0.005656854249492381 0.9693294281540092 0.05757146248741176 0.1870066093206742 0.9693294273893693 0.05757146248741159
2.6 0.008 0.9691035920499983 0.06129669106114522 0.18849344578815436 0.9691035912035064 0.0612966910611453
2.6 0.011313708498984762 0.9687824222310266 0.06654021906561003 0.19061130797163167 0.968782421371359 0.06654021906561007
2.6 0.016 0.96830950574005 0.07391148201199599 0.19363602079362635 0.9683095048295113 0.07391148201199621
2.6 0.022627416997969524 0.9675840926979762 0.08425663090827754 0.19797094058024484 0.9675840916552471 0.08425663090827731
2.6 0.032 0.9664183632173603 0.09874298065973632 0.20421127125458505 0.9664183618768478 0.09874298065973616
2.6 0.04525483399593905 0.9644433265464085 0.1189652293260103 0.21324400065196392 0.9644433250341662 0.11896522932601021
2.6 0.064 0.9608813136294411 0.14706711201807923 0.22640410454145188 0.9608813112269422 0.14706711201807957
2.6 0.0905096679918781 0.9539117768376575 0.18584587135949754 0.24571897253487884 0.9539117731828681 0.1858458713594977
2.6 0.128 0.9384113324792697 0.23871285377009938 0.27428931127677775 0.9384113241846097 0.23871285377009943
2.6 0.1810193359837562 0.891780546933109 0.308901954538656 0.31687719750059506 7.605257150511313e-7 0.31687719750059873
2.6 0.256 1.9747067463405712e-7 0.38080105038122225 0.38080105038122136 1.9536631817249484e-7 0.38080105038122225
2.6 0.3620386719675124 9.731194438864094e-8 0.4772728573516589 0.4772728573516585 9.956355911274299e-8 0.4772728573516589
2.6 0.512 0.8192486530837658 0.6928096000397143 0.6233551889220921 6.153517352616896e-8 0.6233551889220924
2.6 0.7240773439350248 4.2257577389570326e-8 0.8447686431902919 0.8447686431902911 1.842548843086386e-9 0.8447686431902911
2.5 0.001 0.9678938994964148 0.04992181927537199 0.1650390337669988 0.9678938987487693 0.049921819275371565
2.5 0.0014142135623730952 0.967835421318066 0.05054717419091713 0.16527207774558267 0.9678354204097657 0.05054717419091714
2.5 0.002 0.9677575614918185 0.0514302677008858 0.1656021562167999 0.9677575605333972 0.0514302677008856
2.5 0.0028284271247461905 0.9676539076554005 0.05267675581041868 0.16606996157186082 0.96765390673201 0.052676755810418516
2.5 0.004 0.9675151173601835 0.05443517967969751 0.16673353178940953 0.9675151163390259 0.05443517967969778
2.5 0.005656854249492381 0.9673269255192398 0.056914051838524014 0.16767590941758886 0.9673269245408933 0.05691405183852412
2.5 0.008 0.967066599042155 0.06040548721720244 0.16901641975850507 0.9670665981419395 0.06040548721720239
2.5 0.011313708498984762 0.9666964474798048 0.06531764437681407 0.1709274689771882 0.9666964464675585 0.06531764437681398
2.5 0.016 0.9661515178196598 0.07221877342221061 0.1736598820830771 0.9661515168615318 0.07221877342221056
2.5 0.022627416997969524 0.9653152122475859 0.08189599725985805 0.17758161825816204 0.9653152111866389 0.08189599725985855
2.5 0.032 0.9639682337583204 0.09543148246783663 0.1832376255094183 0.963968232273666 0.09543148246783639
2.5 0.04525483399593905 0.961673438903478 0.11429573844420057 0.19144322174757378 0.9616734372765532 0.11429573844420035
2.5 0.064 0.9574868957773004 0.14044761428624836 0.2034305313723495 0.9574868930847673 0.14044761428624825
2.5 0.0905096679918781 0.9491000967320924 0.1763969525169534 0.22107821403791744 0.9491000925435091 0.1763969525169538
2.5 0.128 0.9293702223243021 0.22505621504194806 0.24727020245929454 6.952643146265461e-6 0.2472702024593258
2.5 0.1810193359837562 0.8503581711717387 0.28831398665257923 0.2864505244800509 3.2387364744266804e-7 0.28645052448005237
2.5 0.256 1.4294902434371387e-7 0.3454690599154918 0.3454690599154908 1.459454599618334e-7 0.3454690599154917
2.5 0.3620386719675124 8.113525093914799e-8 0.43484699122808346 0.43484699122808324 7.973755074027318e-8 0.43484699122808335
2.5 0.512 5.5708735747316845e-8 0.5706307396068845 0.5706307396068844 1.5500706644410778e-8 0.5706307396068842
2.5 0.7240773439350248 3.684464078228997e-8 0.7770532190220955 0.7770532190220951 2.7904352213250576e-10 0.7770532190220948
2.4 0.001 0.9657013928911502 0.04971534340302271 0.14727095954935587 0.9657013919986417 0.0497153434030228
2.4 0.0014142135623730952 0.9656342347170608 0.05029951224296187 0.14747889928348773 0.9656342337743855 0.05029951224296154
2.4 0.002 0.9655444033289629 0.051124360042388 0.14777348366461424 0.9655444024324256 0.05112436004238788
2.4 0.0028284271247461905 0.96542435367623 0.052288458243824026 0.14819110942487834 0.9654243525623254 0.052288458243824
2.4 0.004 0.9652631545397043 0.053930301539586244 0.14878374628043023 0.9652631535375136 0.053930301539586244
2.4 0.005656854249492381 0.9650441857172469 0.056244139413232766 0.14962586632822145 0.9650441845659885 0.05624413941323282
2.4 0.008 0.964741010710638 0.05950180681589892 0.1508246918492383 0.9647410095244539 0.059501806815898686
2.4 0.011313708498984762 0.9643097795634026 0.06408256643591233 0.15253553446585888 0.9643097786157276 0.06408256643591262
2.4 0.016 0.9636746901167345 0.07051336914270853 0.15498505638552945 0.9636746890151946 0.07051336914270809
2.4 0.022627416997969524 0.9626988008550781 0.07952203009221512 0.15850700278383117 0.9626987995655303 0.0795220300922152
2.4 0.032 0.9611217194317561 0.09210488361799433 0.1635977158092537 0.9611217179597706 0.09210488361799425
2.4 0.04525483399593905 0.9584148738734853 0.10960651747357145 0.17100310136625996 0.9584148716715102 0.10960651747357103
2.4 0.064 0.9534008816627206 0.13379612262413004 0.18185545209884635 0.9534008784045762 0.1337961226241299
2.4 0.0905096679918781 0.9430256104539564 0.16688066059114154 0.1978886435037241 0.9430256042627707 0.16688066059114148
2.4 0.128 0.9163624016745167 0.21120161794167935 0.22177489549132662 5.358391953297816e-7 0.2217748954913289
2.4 0.1810193359837562 2.055062516781945e-7 0.2576466141308251 0.25764661413082424 2.0017349680555359e-7 0.25764661413082507
2.4 0.256 1.1490279219492406e-7 0.31189330193679143 0.3118933019367908 1.1355958666664235e-7 0.3118933019367917
2.4 0.3620386719675124 6.746470862882172e-8 0.39435578987161457 0.39435578987161424 6.961807445974236e-8 0.39435578987161457
2.4 0.512 4.58844330928474e-8 0.5200779170080632 0.5200779170080626 2.8222568743355498e-9 0.5200779170080627
2.4 0.7240773439350248 3.653885032256551e-8 0.7118227728392093 0.7118227728392094 4.3394430734417e-11 0.7118227728392091
2.3 0.001 0.9631870275991712 0.04949357049342764 0.13085269435159502 0.9631870265218705 0.049493570493427605
2.3 0.0014142135623730952 0.9631092460941331 0.05003655434360231 0.13103648993296674 0.9631092448794283 0.05003655434360248
2.3 0.002 0.9630046636533472 0.0508031609594738 0.13129694065640668 0.9630046625449405 0.05080316095947392
2.3 0.0028284271247461905 0.9628642730615524 0.051884879365779006 0.13166631582087118 0.9628642718900333 0.051884879365778826
2.3 0.004 0.9626750955782798 0.053410158839206266 0.1321907567530223 0.9626750944274035 0.05341015883920615
2.3 0.005656854249492381 0.9624174785726869 0.055558981873995605 0.13293650757333564 0.9624174773927685 0.05555898187399553
2.3 0.008 0.9620602211044027 0.05858288513031601 0.1339991766792388 0.9620602198510613 0.058582885130316065
2.3 0.011313708498984762 0.9615515217177226 0.06283218097886417 0.1355176786348666 0.9615515204508231 0.06283218097886452
2.3 0.016 0.9608014674496663 0.06879237963053259 0.13769550250687895 0.9608014661398026 0.06879237963053247
2.3 0.022627416997969524 0.9596463143127906 0.07713163733668735 0.14083357011873793 0.9596463126750163 0.07713163733668774
2.3 0.032 0.9577703770381745 0.08875958056037406 0.1453815421714682 0.9577703752736558 0.08875958056037365
2.3 0.04525483399593905 0.9545177733306085 0.10489258591928106 0.15201852179392333 0.9545177706577993 0.104892585919281
2.3 0.064 0.9483661802264564 0.12710354109947294 0.16178042690656175 0.9483661762291317 0.1271035410994731
2.3 0.0905096679918781 0.9350218389640782 0.15727269168322 0.17626083088837008 7.908189602203998e-7 0.1762608308883729
2.3 0.128 0.8945524227467504 0.19702432974264433 0.19792596030105247 2.7403028586152785e-7 0.19792596030105342
2.3 0.1810193359837562 1.4787351201063862e-7 0.23060384677438123 0.2306038467743809 1.471791621729381e-7 0.2306038467743814
2.3 0.256 8.942772184509645e-8 0.28023282054702003 0.28023282054701953 8.848193324929201e-8 0.2802328205470198
2.3 0.3620386719675124 5.988816703625303e-8 0.3559851705867859 0.35598517058678547 6.417536456516762e-8 0.3559851705867859
2.3 0.512 4.546810852856129e-8 0.4719175271598749 0.4719175271598748 4.59760854490722e-10 0.471917527159875
2.3 0.7240773439350248 5.6171606056362e-9 0.6493434773783152 0.6493434773783153 4.986752620717814e-12 0.6493434773783154
2.2 0.001 0.9602735047850717 0.04925297135410046 0.11585402451476592 0.9602735035553219 0.04925297135410072
2.2 0.0014142135623730952 0.9601825291119346 0.04975476336664414 0.11601483303557653 0.960182527692429 0.04975476336664428
2.2 0.002 0.960059498920556 0.05046312249627514 0.11624278973078228 0.9600594976691749 0.05046312249627547
2.2 0.0028284271247461905 0.9598934817244988 0.05146245672778241 0.11656623921143464 0.9598934803069579 0.0514624567277826
2.2 0.004 0.959668798894724 0.05287116979926114 0.11702578337981806 0.9596687975480547 0.05287116979926165
2.2 0.005656854249492381 0.9593618029900288 0.054854970800413266 0.1176798505401904 0.9593618016658116 0.054854970800413266
2.2 0.008 0.9589350080494456 0.057645073714562206 0.11861302276456376 0.9589350066168862 0.05764507371456211
2.2 0.011313708498984762 0.9583260752413947 0.06156277074034357 0.1199486526699226 0.9583260737021688 0.06156277074034318
2.2 0.016 0.9574262114792285 0.06705195071378658 0.12186823514058476 0.9574262099500601 0.0670519507137864
2.2 0.022627416997969524 0.956035216553704 0.07472065754202811 0.12464151360419187 0.9560352146814097 0.07472065754202825
2.2 0.032 0.9537601568326148 0.08539065336707573 0.1286737237301918 0.9537601545553582 0.08539065336707559
2.2 0.04525483399593905 0.9497591870560891 0.10014695990037667 0.13458019657069442 0.949759183939866 0.10014695990037656
2.2 0.064 0.9419639397147823 0.12035638242020721 0.1433044570606123 9.133608721018994e-7 0.14330445706061537
2.2 0.0905096679918781 0.9237366680236273 0.1475318482543445 0.15630490836378896 3.4847635486926377e-7 0.15630490836378996
2.2 0.128 1.9046942824820728e-7 0.1758483137779301 0.17584831377792914 1.848273695254066e-7 0.17584831377793003
2.2 0.1810193359837562 1.1729469945767489e-7 0.20546659994780747 0.2054665999478068 1.1538143138321543e-7 0.20546659994780747
2.2 0.256 8.059148643675263e-8 0.2506574303975135 0.2506574303975129 6.294069274215754e-8 0.25065743039751304
2.2 0.3620386719675124 5.214801702527901e-8 0.3199380355738528 0.3199380355738524 3.567591404852118e-9 0.3199380355738528
2.2 0.512 3.700317776549939e-8 0.4263954104767024 0.42639541047670215 3.13804748118339e-10 0.42639541047670215
2.2 0.7240773439350248 3.88768200021143e-10 0.5899169377460823 0.5899169377460822 5.008626537210815e-13 0.589916937746082
2.1 0.001 0.9568560075507129 0.04898884284660547 0.10232641102319884 0.9568560060880351 0.04898884284660524
2.1 0.0014142135623730952 0.9567483481078778 0.04944942284691292 0.10246563412230661 0.9567483465026361 0.049449422846912755
2.1 0.002 0.9566018281129127 0.05009950959432801 0.10266308294087922 0.9566018265929194 0.050099509594328476
2.1 0.0028284271247461905 0.9564029221837611 0.05101642969226773 0.10294342287717048 0.9564029206378108 0.05101642969226739
2.1 0.004 0.9561323002073963 0.0523085387113575 0.10334206599723464 0.9561322985714529 0.0523085387113572
2.1 0.005656854249492381 0.9557609021311865 0.054127261361231964 0.10391012266087701 0.9557609005840566 0.05412726136123217
2.1 0.008 0.9552427014292937 0.056683454646059665 0.10472185647894985 0.9552426998012981 0.0566834546460596
2.1 0.011313708498984762 0.9545009423728297 0.06026929715504778 0.10588605997695733 0.9545009405132328 0.06026929715504775
2.1 0.016 0.95340066825999 0.0652868168731254 0.10756363960117216 0.9534006663535457 0.0652868168731253
2.1 0.022627416997969524 0.9516900650966691 0.07228333826755795 0.10999510645899668 0.9516900629580537 0.07228333826755806
2.1 0.032 0.9488629313147736 0.08199116856237174 0.11354391760462976 4.408374497672376e-6 0.11354391760464141
2.1 0.04525483399593905 0.943787886538812 0.0953594285527016 0.11876515868411022 8.198447999576385e-7 0.11876515868411264
2.1 0.064 0.933442379585476 0.1135332721690974 0.1265145709657676 3.886902724413689e-7 0.12651457096576854
2.1 0.0905096679918781 0.9056083942169122 0.1375761292340953 0.13812131927146484 2.2361351363948845e-7 0.13812131927146576
2.1 0.128 1.461345489923519e-7 0.15566026277769882 0.15566026277769826 1.440096682287204e-7 0.15566026277769887
2.1 0.1810193359837562 9.81019271366394e-8 0.18237681612871337 0.18237681612871276 9.70901033885353e-8 0.18237681612871315
2.1 0.256 7.056072157374175e-8 0.22334016827477066 0.22334016827477027 5.681216952506241e-9 0.22334016827477
2.1 0.3620386719675124 4.88143996731237e-8 0.2864281114832931 0.28642811148329267 1.8372184453181713e-10 0.28642811148329295
2.1 0.512 7.5224992859461e-9 0.3837783211703104 0.38377832117031063 5.6101944746669585e-12 0.38377832117031074
2.1 0.7240773439350248 1.337699656812218e-11 0.533878912227505 0.533878912227505 1.9369388953016232e-13 0.5338789122275054
2.0 0.001 0.9527882510599007 0.04869477259003146 0.090290004329349 0.9527882492941075 0.04869477259003139
2.0 0.0014142135623730952 0.9526590124412828 0.04911409784662181 0.09040932727020304 0.9526590106517183 0.04911409784662181
2.0 0.002 0.952481901454136 0.04970585534938572 0.09057865617276972 0.9524818996741701 0.049705855349385514
2.0 0.0028284271247461905 0.9522398089478441 0.05054028645295001 0.09081927206728674 0.9522398071036738 0.05054028645294996
2.0 0.004 0.9519083152749481 0.05171569083461581 0.09116181658081518 0.9519083134162176 0.05171569083461564
2.0 0.005656854249492381 0.9514507764730572 0.05336918924479087 0.09165067816274483 0.9514507745497476 0.0533691892447909
2.0 0.008 0.9508091286140121 0.055691230281512225 0.09235064649024904 0.9508091265375844 0.05569123028151229
2.0 0.011313708498984762 0.9498860886653856 0.058944747083603186 0.09335714322943026 0.9498860865520734 0.05894474708360328
2.0 0.016 0.9485087913984138 0.06348957385342405 0.09481214396976645 4.058372706100073e-6 0.09481214396977566
2.0 0.022627416997969524 0.9463484552570743 0.06981146256915627 0.09692920509695338 1.2715667755802617e-6 0.09692920509695657
2.0 0.032 0.942721710123142 0.07855095390409829 0.10003308177032535 6.551899870716407e-7 0.10003308177032713
2.0 0.04525483399593905 0.9360040778035086 0.0905141967570141 0.10462269966084922 3.905977563626606e-7 0.10462269966085022
2.0 0.064 0.9212242422318275 0.10659669456904677 0.11147136267783128 2.4790156624156814e-7 0.11147136267783217
2.0 0.0905096679918781 0.8588483689326036 0.1271566425075049 0.12178591967648505 1.693841764382276e-7 0.1217859196764857
2.0 0.128 1.1503592365460925e-7 0.13745822272213154 0.13745822272213115 1.1608733011867798e-7 0.13745822272213157
2.0 0.1810193359837562 8.290163610299428e-8 0.1614585450379482 0.16145854503794785 1.2250922369420913e-8 0.16145854503794788
2.0 0.256 5.8759148668388786e-8 0.1984420820436399 0.19844208204363956 3.913397718554099e-10 0.1984420820436395
2.0 0.3620386719675124 4.317252298066997e-9 0.25566566969446197 0.2556656696944622 8.594474995785044e-12 0.25566566969446214
2.0 0.512 5.411207952205311e-10 0.34434153483760405 0.3443415348376041 1.1920323785852573e-13 0.3443415348376037
2.0 0.7240773439350248 1.0747024239437336e-12 0.4815900140729562 0.48159001407295654 2.2876913987988765e-15 0.4815900140729562
1.9 0.001 0.9478585695671184 0.04836177592503282 0.07971986698540577 1.0834370795995774e-5 0.07971986698542653
1.9 0.0014142135623730952 0.9477005795699152 0.04873976467684619 0.07982126317595495 7.744205804232137e-6 0.07982126317596987
1.9 0.002 0.94748244532883 0.049273080140200654 0.07996526816411935 5.518677205478545e-6 0.07996526816413001
1.9 0.0028284271247461905 0.9471819450190259 0.05002486753474207 0.0801701232553103 3.932634857629862e-6 0.08017012325531794
1.9 0.004 0.9467673004436927 0.051083352653679005 0.08046218903409308 2.795004466821568e-6 0.08046218903409862
1.9 0.005656854249492381 0.9461907905458284 0.05257131595908325 0.08087982559950409 1.9897809813164434e-6 0.08087982559950804
1.9 0.008 0.9453765822914784 0.05465871473908347 0.08147932725471808 1.4164106726948805e-6 0.08147932725472118
1.9 0.011313708498984762 0.9441966213157931 0.05757903747004485 0.08234411498752725 1.0094276256529914e-6 0.08234411498752933
1.9 0.016 0.9424197865838448 0.061649430834336175 0.08359913105226917 7.216582561503106e-7 0.08359913105227065
1.9 0.022627416997969524 0.939594148362669 0.06729279280961323 0.08543356986651768 5.146301768175711e-7 0.08543356986651898
1.9 0.032 0.9347327467795029 0.07505426331284192 0.08813697931705385 3.707937103771417e-7 0.08813697931705472
1.9 0.04525483399593905 0.9252482021989792 0.08558473598845187 0.09215678235887284 2.653593181915143e-7 0.09215678235887359
1.9 0.064 0.9008058484481647 0.09946726835864295 0.09819000549261522 1.8799615322642412e-7 0.0981900054926157
1.9 0.0905096679918781 1.3734215229517476e-7 0.10732928899706248 0.10732928899706187 1.3745404121878543e-7 0.10732928899706248
1.9 0.128 1.0040273538591154e-7 0.12129409086537932 0.12129409086537876 3.230484607826955e-8 0.12129409086537893
1.9 0.1810193359837562 7.590291636070782e-8 0.142793318435458 0.14279331843545756 1.3809014609562613e-9 0.14279331843545767
1.9 0.256 2.650145476508311e-8 0.17608585950650982 0.17608585950650982 2.6838409310329057e-11 0.17608585950650993
1.9 0.3620386719675124 2.1214117666796337e-10 0.2278301189017486 0.22783011890174865 3.004082084221928e-13 0.2278301189017487
1.9 0.512 2.918239171776376e-11 0.30834165534620883 0.30834165534620905 2.3994437533906736e-15 0.30834165534620894
1.9 0.7240773439350248 3.368493239710201e-14 0.4334105037622328 0.433410503762233 1.4515235068238255e-16 0.43341050376223295
1.8 0.001 0.9417459227183709 0.047976835248162604 0.0705369295303378 8.979981855033154e-7 0.07053692953033941
1.8 0.0014142135623730952 0.9415480403905181 0.04831333558928254 0.07062259853150783 8.644352396766961e-7 0.07062259853150939
1.8 0.002 0.9412726472666382 0.04878799489991466 0.07074439542008343 8.303454067307484e-7 0.07074439542008489
1.8 0.0028284271247461905 0.9408899226841401 0.04945683734396071 0.07091790468475119 7.791769892474225e-7 0.07091790468475263
1.8 0.004 0.9403569367573426 0.0503979758250027 0.0711657482267906 7.18852872831021e-7 0.07116574822679197
1.8 0.005656854249492381 0.9396088927659758 0.05171978009628614 0.07152102347248458 6.503070228060399e-7 0.07152102347248579
1.8 0.008 0.9385420686713305 0.05357157098021882 0.07203260404381916 5.771076577146273e-7 0.07203260404382031
1.8 0.011313708498984762 0.9369789332545702 0.05615706356117678 0.07277340591559085 4.920422022981271e-7 0.07277340591559185
1.8 0.016 0.9345911731102629 0.059749916478109615 0.07385339804690821 4.0898792141345863e-7 0.07385339804690902
1.8 0.022627416997969524 0.9307086430493514 0.06470805276440146 0.07544022128710628 3.296521549287327e-7 0.07544022128710702
1.8 0.032 0.9237457042983372 0.07147476862952176 0.07779201618198761 2.6511798182504727e-7 0.077792016181988
1.8 0.04525483399593905 0.9087216005256051 0.08051993544752455 0.08130982889152091 2.0457099943389724e-7 0.08130982889152133
1.8 0.064 1.5427639228419355e-7 0.08662132809198721 0.0866213280919867 1.553067031237694e-7 0.08662132809198714
1.8 0.0905096679918781 1.2063973424183951e-7 0.09471429668284488 0.09471429668284466 8.843801680270547e-8 0.0947142966828446
1.8 0.128 8.794296478938834e-8 0.10714839914360949 0.10714839914360913 6.114961203658617e-9 0.10714839914360907
1.8 0.1810193359837562 6.469065955041221e-8 0.12638798616010152 0.12638798616010127 1.8923641510147073e-10 0.12638798616010127
1.8 0.256 3.0206722028750217e-9 0.15631768000184215 0.15631768000184215 2.580444029914906e-12 0.15631768000184212
1.8 0.3620386719675124 5.370440588956886e-11 0.20302579739362794 0.20302579739362822 1.5645097218327922e-14 0.20302579739362817
1.8 0.512 8.879850588292418e-13 0.27596723492353625 0.2759672349235363 1.8965126941326693e-16 0.2759672349235362
1.8 0.7240773439350248 1.0667539294932012e-14 0.38964777201165507 0.3896477720116552 1.7528272030005438e-16 0.389647772011655
1.7 0.001 0.9339307792275696 0.04752026548129997 0.06261047506244852 4.686460098023202e-7 0.06261047506244932
1.7 0.0014142135623730952 0.9336742033571185 0.04781499176584701 0.06268270339924648 4.62778321914717e-7 0.06268270339924725
1.7 0.002 0.9333141045476321 0.048230586532660345 0.06278552983617429 4.514415776723648e-7 0.06278552983617505
1.7 0.0028284271247461905 0.9328086853074147 0.048815898863505736 0.06293227771456365 4.3620590388036663e-7 0.06293227771456436
1.7 0.004 0.9320969621438085 0.04963884477912295 0.06314238851120148 4.18394083965536e-7 0.06314238851120217
1.7 0.005656854249492381 0.9310857359839108 0.050793238769067786 0.06344448088882083 3.931214736320874e-7 0.06344448088882143
1.7 0.008 0.929623487172227 0.052407484773381266 0.06388110094239852 3.644638305762735e-7 0.0638811009423992
1.7 0.011313708498984762 0.9274444756776392 0.05465491513584649 0.06451617129074004 3.2646668486496434e-7 0.0645161712907406
1.7 0.016 0.9240364969327912 0.05776422456952177 0.06544676143404565 2.918604561963189e-7 0.06544676143404622
1.7 0.022627416997969524 0.918273407876552 0.06202428132603054 0.06682179007806627 2.510416391910129e-7 0.06682179007806682
1.7 0.032 0.907050857345471 0.06776250315608336 0.06887185807388582 2.04881622383237e-7 0.06887185807388622
1.7 0.04525483399593905 0.87427312179823 0.07518484952760554 0.07195694872167645 1.6846449746731448e-7 0.0719569487216769
1.7 0.064 1.3186207250338778e-7 0.07664273606612512 0.07664273606612483 1.3432023064472669e-7 0.07664273606612503
1.7 0.0905096679918781 1.0672694545588974e-7 0.08382241837857349 0.08382241837857328 2.8186482083855176e-8 0.08382241837857322
1.7 0.128 8.176150680069969e-8 0.09491021392144497 0.09491021392144465 1.8176909114702708e-9 0.09491021392144464
1.7 0.1810193359837562 6.327897176511384e-8 0.11214580219460145 0.11214580219460123 5.001077639389685e-11 0.11214580219460128
1.7 0.256 1.4220092252884626e-9 0.13906662193317182 0.13906662193317168 4.998223742873571e-13 0.13906662193317165
1.7 0.3620386719675124 1.0110486876338178e-11 0.1812268465846857 0.18122684658468582 1.7499494218907342e-15 0.18122684658468585
1.7 0.512 6.963270501422561e-14 0.24726714182888646 0.24726714182888623 2.152657845867715e-16 0.24726714182888634
1.7 0.7240773439350248 1.2542321930102172e-13 0.3504680886697147 0.3504680886697147 1.723549531335632e-16 0.3504680886697148
1.6 0.001 0.923487434888166 0.046960517967355356 0.055774467883084426 3.131398455287386e-7 0.055774467883084926
1.6 0.0014142135623730952 0.9231361814319006 0.04721290488535565 0.05583545022945125 3.0920768345202963e-7 0.055835450229451716
1.6 0.002 0.9226386779398088 0.04756861843091002 0.05592241129590581 3.029843930921196e-7 0.05592241129590628
1.6 0.0028284271247461905 0.9219323314702361 0.04806921308145119 0.056046789058058995 2.984072821744723e-7 0.05604678905805939
1.6 0.004 0.9209236431347054 0.04877221872602264 0.056225371695848514 2.852424837195015e-7 0.05622537169584893
1.6 0.005656854249492381 0.9194660327159628 0.049756570325983684 0.056483033923513955 2.734956263690471e-7 0.05648303392351439
1.6 0.008 0.9173133749674028 0.05112913673022857 0.05685701099182961 2.5978564183756893e-7 0.056857010991830034
1.6 0.011313708498984762 0.9140126022892042 0.05303153285577393 0.05740362906874958 2.418662171776053e-7 0.057403629068749996
1.6 0.016 0.9086158111035749 0.05564415502802121 0.05820897029926199 2.196329586864715e-7 0.058208970299262336
1.6 0.022627416997969524 0.898677564508306 0.05917655778256334 0.05940585355955289 1.9604504126011714e-7 0.059405853559553176
1.6 0.032 0.8736728151565475 0.0637916473748898 0.061200966351084386 1.7069062347869534e-7 0.061200966351084664
1.6 0.04525483399593905 1.4205614806111556e-7 0.0639183091609997 0.06391830916099944 1.4587089283326308e-7 0.06391830916099972
1.6 0.064 1.1864097720077455e-7 0.06806877854876549 0.06806877854876525 9.44804764425993e-8 0.06806877854876536
1.6 0.0905096679918781 9.723549434558338e-8 0.07446136069958041 0.07446136069958026 1.3179129726176523e-8 0.07446136069958023
1.6 0.128 7.196870551286315e-8 0.08437982834055734 0.08437982834055709 9.504283981257277e-10 0.08437982834055714
1.6 0.1810193359837562 5.60104100259373e-8 0.09986085280337972 0.09986085280337963 2.7020982148812725e-11 0.09986085280337965
1.6 0.256 1.020507587532037e-9 0.12412562606469343 0.12412562606469346 2.3693806891459995e-13 0.12412562606469352
1.6 0.3620386719675124 4.81385277459749e-12 0.16223739281998004 0.16223739281998018 9.187655666894785e-16 0.16223739281998006
1.6 0.512 1.0839296200038384e-14 0.22208110019093869 0.22208110019093855 2.660452367033617e-16 0.22208110019093863
1.6 0.7240773439350248 1.386025045930269e-16 0.31578883693181914 0.31578883693181914 3.6711494487063946e-17 0.31578883693181903
1.5 0.001 0.9084781800085276 0.04624238915208628 0.0498514931504354 2.2315352638419801e-7 0.04985149315043573
1.5 0.0014142135623730952 0.9079467530167347 0.046451187349027014 0.04990318253078282 2.240206003315111e-7 0.049903182530783144
1.5 0.002 0.9071855713236114 0.04674519720695807 0.04997703767743495 2.2000195157055337e-7 0.0499770376774353
1.5 0.0028284271247461905 0.9060882748570058 0.04715838434663773 0.050082940072620576 2.1622993907342962e-7 0.050082940072620825
1.5 0.004 0.9044889106994505 0.04773740762183297 0.05023548230548478 2.1063087475269806e-7 0.050235482305485066
1.5 0.005656854249492381 0.9021125728393776 0.04854546059343056 0.05045642748120172 2.0756167533351364e-7 0.050456427481201965
1.5 0.008 0.898460795664845 0.04966616796956787 0.05077856751575146 1.9760791915796545e-7 0.050778567515751764
1.5 0.011313708498984762 0.8924960175443715 0.051205486060482724 0.05125181741747979 1.851587101173666e-7 0.05125181741748009
1.5 0.016 0.8814683187298435 0.053284110575546564 0.05195289381766805 1.7528516108247936e-7 0.051952893817668336
1.5 0.022627416997969524 0.8505670547299679 0.05597793000934695 0.053000753259481094 1.6109872092693994e-7 0.053000753259481344
1.5 0.032 1.3982124889804312e-7 0.05458129998763582 0.05458129998763559 1.379517213146482e-7 0.054581299987635806
1.5 0.04525483399593905 1.2291921883819512e-7 0.05698700469380727 0.05698700469380704 1.2367997647837536e-7 0.05698700469380727
1.5 0.064 1.0484515483199259e-7 0.06068042876439543 0.060680428764395264 5.214440081432828e-8 0.06068042876439524
1.5 0.0905096679918781 8.58458282992578e-8 0.06639580425290625 0.06639580425290612 8.419774511670726e-9 0.06639580425290613
1.5 0.128 6.898052219967449e-8 0.07530049792471522 0.0753004979247151 6.726407790414365e-10 0.07530049792471508
1.5 0.1810193359837562 5.381853265103905e-8 0.08924913460077871 0.0892491346007786 2.3906596611853696e-11 0.0892491346007786
1.5 0.256 1.5399442797241152e-9 0.11117790137387516 0.1111779013738752 2.757309808409162e-13 0.11117790137387515
1.5 0.3620386719675124 9.397717010340525e-12 0.14570513082699255 0.14570513082699255 9.197463018235424e-16 0.1457051308269925
1.5 0.512 1.7372524595319927e-14 0.2000262710385629 0.20002627103856296 1.2922186336345305e-16 0.20002627103856296
1.5 0.7240773439350248 1.4010482333269383e-17 0.28521715748367693 0.28521715748367715 1.7829518896003736e-16 0.28521715748367704
1.4 0.001 0.8832104199246744 0.04525199325075275 0.04467391133371639 1.7019290989148228e-7 0.04467391133371661
1.4 0.0014142135623730952 0.8821675774147064 0.045413620814839795 0.04471794400952499 1.6314525408095053e-7 0.04471794400952518
1.4 0.002 0.8806387641283031 0.04564060927800602 0.04478100053291184 1.6679190218630544e-7 0.04478100053291204
1.4 0.0028284271247461905 0.8783566585850411 0.04595832142309477 0.044871675079097464 1.599957545994172e-7 0.04487167507909766
1.4 0.004 0.8748453847770118 0.04640070423783103 0.04500273580520876 1.616122134272477e-7 0.045002735805209
1.4 0.005656854249492381 0.8691347822218857 0.04701145296893722 0.04519334214323201 1.5666363819853387e-7 0.04519334214323218
1.4 0.008 0.8586457287965625 0.047841592950209275 0.04547253425971061 1.500530654177404e-7 0.04547253425971082
1.4 0.011313708498984762 0.8209473301748219 0.048921945394075204 0.04588475758979871 1.4649691178150755e-7 0.045884757589798916
1.4 0.016 1.384845727638294e-7 0.04649865363005501 0.04649865363005482 1.3752426294572264e-7 0.04649865363005504
1.4 0.022627416997969524 1.252976871313431e-7 0.04742110738361038 0.04742110738361023 1.286512567557448e-7 0.04742110738361037
1.4 0.032 1.175160577098436e-7 0.04881976609389206 0.04881976609389191 1.1328531546477201e-7 0.04881976609389206
1.4 0.04525483399593905 1.0411734093617292e-7 0.05095919755036274 0.0509591975503626 1.0623366184620197e-7 0.050959197550362656
1.4 0.064 8.937247200242984e-8 0.0542589249049652 0.0542589249049651 3.315095134140755e-8 0.054258924904965096
1.4 0.0905096679918781 7.51905145363977e-8 0.05938628631544926 0.05938628631544915 6.352001159525513e-9 0.059386286315449156
1.4 0.128 6.419015393787034e-8 0.06740407299464005 0.06740407299463987 6.339456662151383e-10 0.06740407299463991
1.4 0.1810193359837562 4.958785862628275e-8 0.08000287039014373 0.08000287039014362 3.026113167434801e-11 0.08000287039014364
1.4 0.256 3.782058620755672e-9 0.09986144223177526 0.09986144223177529 5.052944415288355e-13 0.09986144223177532
1.4 0.3620386719675124 3.354180955538444e-11 0.13119540045437517 0.1311954004543752 2.7460329085690896e-15 0.1311954004543752
1.4 0.512 9.048950637170947e-14 0.18057450870244035 0.1805745087024404 2.5015613067881635e-16 0.1805745087024404
1.4 0.7240773439350248 1.5279771555402318e-16 0.258112763432954 0.25811276343295386 1.6412931610726969e-16 0.25811276343295386
1.3 0.001 1.25504551447459e-7 0.040095959539429946 0.04009595953942981 1.2416457355758687e-7 0.04009595953942995
1.3 0.0014142135623730952 1.2949342382656093e-7 0.04013365165749306 0.04013365165749292 1.2672628100676248e-7 0.04013365165749306
1.3 0.002 1.2418640031426883e-7 0.04018776060491918 0.04018776060491902 1.277301483080501e-7 0.04018776060491918
1.3 0.0028284271247461905 1.249169604149602e-7 0.04026580356939091 0.040265803569390794 1.265127149070638e-7 0.04026580356939095
1.3 0.004 1.2100872301349837e-7 0.04037901153362834 0.04037901153362821 1.222983394449447e-7 0.040379011533628356
1.3 0.005656854249492381 1.2204208481049156e-7 0.040544330155056166 0.04054433015505601 1.207482099345779e-7 0.04054433015505614
1.3 0.008 1.1649196563420569e-7 0.04078757607104246 0.040787576071042324 1.2063985165604233e-7 0.0407875760710425
1.3 0.011313708498984762 1.1234318716188658e-7 0.04114844381586243 0.04114844381586233 1.1384803834947741e-7 0.041148443815862454
1.3 0.016 1.0838416563229846e-7 0.041688487665391905 0.041688487665391814 1.1222694926163967e-7 0.04168848766539191
1.3 0.022627416997969524 1.0489484511391974e-7 0.04250389880615535 0.042503898806155245 1.0116280745648425e-7 0.042503898806155356
1.3 0.032 9.41813992982226e-8 0.04374602000186983 0.04374602000186974 9.313768321149374e-8 0.04374602000186984
1.3 0.04525483399593905 8.994208562107106e-8 0.04565432855821861 0.0456543285582185 5.6398765672625246e-8 0.045654328558218535
1.3 0.064 7.51565146138161e-8 0.04860942545675473 0.04860942545675465 1.9812555047960985e-8 0.04860942545675461
1.3 0.0905096679918781 6.747026794125758e-8 0.05321787419361067 0.05321787419361057 4.858342556306815e-9 0.05321787419361053
1.3 0.128 5.3766689121546916e-8 0.06044712755422254 0.06044712755422245 6.002098185940177e-10 0.06044712755422244
1.3 0.1810193359837562 4.937058776093787e-8 0.071837870718986 0.07183787071898587 4.3538024832207346e-11 0.0718378707189859
1.3 0.256 9.552225726259548e-9 0.0898333231911421 0.08983332319114212 1.0747636931517704e-12 0.08983332319114215
1.3 0.3620386719675124 1.4717083772126254e-10 0.11828042061728547 0.11828042061728547 9.590879611900255e-15 0.11828042061728548
1.3 0.512 7.886869935287247e-13 0.1631761046734085 0.16317610467340848 2.5231153016937107e-16 0.16317610467340848
1.3 0.7240773439350248 1.3418445311479079e-15 0.23375370129548811 0.23375370129548814 1.6371928837997745e-16 0.23375370129548811
1.2 0.001 9.917230715345679e-8 0.03599710893108631 0.03599710893108621 9.605493814164515e-8 0.03599710893108629
1.2 0.0014142135623730952 9.998682414613767e-8 0.03602949505975701 0.03602949505975691 1.0021377017797296e-7 0.03602949505975701
1.2 0.002 9.634442589937126e-8 0.03607610688095891 0.0360761068809588 9.681315468396135e-8 0.03607610688095892
1.2 0.0028284271247461905 9.360040955154981e-8 0.03614354457077894 0.03614354457077885 9.868646416885565e-8 0.03614354457077895
1.2 0.004 9.64757998288474e-8 0.036241718676623236 0.03624171867662314 9.873992914258844e-8 0.03624171867662324
1.2 0.005656854249492381 9.69825826758202e-8 0.03638565366543948 0.03638565366543939 9.62730672184169e-8 0.03638565366543948
1.2 0.008 9.299763824978437e-8 0.03659833838846247 0.0365983383884624 9.057015707994056e-8 0.03659833838846249
1.2 0.011313708498984762 8.992958956325447e-8 0.03691525595050039 0.036915255950500304 8.716714828289393e-8 0.03691525595050039
1.2 0.016 8.595050228857218e-8 0.03739161774632738 0.0373916177463273 8.484621737479314e-8 0.03739161774632739
1.2 0.022627416997969524 8.121728387979899e-8 0.03811396264272739 0.03811396264272728 8.250322052592969e-8 0.038113962642727386
1.2 0.032 7.551979110640244e-8 0.03921880712882035 0.03921880712882027 6.19350133285589e-8 0.03921880712882028
1.2 0.04525483399593905 6.984885578888195e-8 0.040922665665282895 0.040922665665282805 3.0865661490793105e-8 0.040922665665282805
1.2 0.064 6.64142311544265e-8 0.04357032286365075 0.043570322863650666 1.211451752018119e-8 0.04357032286365067
1.2 0.0905096679918781 5.631019672346052e-8 0.04771216740967727 0.04771216740967722 3.4640564846058403e-9 0.04771216740967721
1.2 0.128 5.067058582986619e-8 0.05422722792147441 0.05422722792147431 5.811208698136273e-10 0.05422722792147433
1.2 0.1810193359837562 4.169316371240167e-8 0.06451683238722694 0.06451683238722686 5.596089217797824e-11 0.06451683238722687
1.2 0.256 2.4997349289754477e-8 0.08080493202507572 0.08080493202507567 2.310370521397853e-12 0.08080493202507572
1.2 0.3620386719675124 6.777283444248893e-10 0.10659512395114179 0.10659512395114182 4.0535532865967104e-14 0.10659512395114182
1.2 0.512 6.637401700992489e-12 0.14735107050762916 0.1473510705076292 1.214711935030041e-16 0.14735107050762916
1.2 0.7240773439350248 2.100193922414681e-14 0.21148684467840145 0.21148684467840145 1.723515596456828e-16 0.21148684467840143
1.1 0.001 7.842483225837721e-8 0.0322801366824922 0.03228013668249211 7.46962244217663e-8 0.032280136682492175
1.1 0.0014142135623730952 7.904293291658807e-8 0.03230802202742833 0.03230802202742826 7.327278965556144e-8 0.032308022027428315
1.1 0.002 7.746509195539759e-8 0.032348261623643404 0.03234826162364333 7.760277572017064e-8 0.0323482616236434
1.1 0.0028284271247461905 7.311823848637606e-8 0.03240665896094026 0.03240665896094021 7.471666697814302e-8 0.032406658960940256
1.1 0.004 7.778088256531561e-8 0.03249196627609552 0.032491966276095414 7.715724774400812e-8 0.032491966276095505
1.1 0.005656854249492381 7.760586299129288e-8 0.03261750525565709 0.03261750525565702 7.162807646192069e-8 0.032617505255657084
1.1 0.008 7.10510839262477e-8 0.03280373281195906 0.03280373281195899 7.042108879030484e-8 0.03280373281195905
1.1 0.011313708498984762 6.982125494740703e-8 0.03308232534005132 0.03308232534005125 7.280098602385506e-8 0.03308232534005133
1.1 0.016 7.201384359928575e-8 0.03350271171947521 0.03350271171947515 5.971449881411867e-8 0.033502711719475164
1.1 0.022627416997969524 7.049204965721383e-8 0.034142563980338575 0.034142563980338506 4.531056964156836e-8 0.03414256398033854
1.1 0.032 6.403422933142643e-8 0.03512468651886965 0.03512468651886958 2.7999946457630986e-8 0.0351246865188696
1.1 0.04525483399593905 5.8920912225563974e-8 0.03664422995421967 0.03664422995421959 1.6429025860830643e-8 0.036644229954219586
1.1 0.064 5.567402947785123e-8 0.03901248524098229 0.0390124852409822 7.084152046202796e-9 0.0390124852409822
1.1 0.0905096679918781 4.9948731198547656e-8 0.0427270839800278 0.04272708398002774 2.3124511598999136e-9 0.04272708398002772
1.1 0.128 4.4956423452538464e-8 0.048583728083616155 0.04858372808361608 5.258296263348004e-10 0.048583728083616086
1.1 0.1810193359837562 3.817529688429766e-8 0.057852093579150346 0.0578520935791503 6.479061230499696e-11 0.05785209357915031
1.1 0.256 3.508196770393953e-8 0.0725486496087688 0.07254864960876875 4.376218450331361e-12 0.07254864960876874
1.1 0.3620386719675124 2.1105195369906887e-9 0.09585183933133862 0.0958518393313386 1.1829564010856512e-13 0.0958518393313386
1.1 0.512 3.5428293795342545e-11 0.13272020509958893 0.13272020509958893 1.1075423622327708e-15 0.13272020509958893
1.1 0.7240773439350248 2.8424799827580006e-13 0.19079206929677503 0.190792069296775 1.1472520152235483e-18 0.19079206929677503
