3.0 0.001 0.997485540509254 0.006981628404810445 0.21386889909467965 0.9974855404505962 0.00698162840481021
3.0 0.0014142135623730952 0.9974783948087294 0.007805331376874714 0.21421686954946073 0.9974783947496086 0.007805331376874551
3.0 0.002 0.9974680400441237 0.008968622348256164 0.2147094783532293 0.9974680399819867 0.008968622348256405
3.0 0.0028284271247461905 0.9974525466647373 0.010611027177786385 0.2154071373516503 0.9974525465943858 0.010611027177786527
3.0 0.004 0.9974286377328196 0.012929045587783034 0.2163957760204217 0.9974286376628 0.012929045587782961
3.0 0.005656854249492381 0.9973906491906508 0.016199143955259687 0.21779789393657445 0.9973906491108397 0.016199143955260245
3.0 0.008 0.9973287139741538 0.02080980634398318 0.2197886538938647 0.9973287138860097 0.020809806343983227
3.0 0.011313708498984762 0.997225307766318 0.02730601907352441 0.22261953169025095 0.9972253076426447 0.027306019073524916
3.0 0.016 0.9970488141221882 0.03645063441873481 0.22665345251473346 0.9970488139886913 0.03645063441873442
3.0 0.022627416997969524 0.9967410019790202 0.04930825781166345 0.23241762882259231 0.9967410017927122 0.04930825781166376
3.0 0.032 0.9961918366637952 0.06735833687610238 0.240683998591936 0.9961918363265043 0.06735833687610279
3.0 0.04525483399593905 0.9951863008485227 0.09264413165309379 0.2525930259285415 0.9951863004060235 0.09264413165309346
3.0 0.064 0.9932844132726277 0.12796077883557916 0.26984573410915613 0.993284412483119 0.12796077883557938
3.0 0.0905096679918781 0.9895231776929081 0.17707165435443295 0.2950025064931241 0.9895231760928691 0.17707165435443328
3.0 0.128 0.981556061977833 0.24489452955446211 0.3319468079341865 0.9815560585560392 0.24489452955446245
3.0 0.1810193359837562 0.9624062110594698 0.3374208471399731 0.3865987087633568 0.9624062015562926 0.33742084713997333
3.0 0.256 0.896446836248532 0.46011797303431956 0.4679974709512259 8.698739900466455e-7 0.4679974709512317
3.0 0.3620386719675124 1.647686278906336e-7 0.5899143847209587 0.5899143847209577 1.6492849423038756e-7 0.5899143847209581
3.0 0.512 0.951207395224426 0.8892164540736964 0.7732073003619206 7.803446781554473e-8 0.7732073003619204
3.0 0.7240773439350248 0.9213335845126482 1.203865463201534 1.0491927033284831 4.1688905760000136e-8 1.0491927033284836
2.9 0.001 0.9973521260562108 0.006880881063991003 0.189647485263567 0.9973521259912479 0.00688088106399092
2.9 0.0014142135623730952 0.9973441674254955 0.007663064747228767 0.18996637408531092 0.997344167358934 0.007663064747228514
2.9 0.002 0.9973326813284242 0.00876759469253845 0.1904178587276737 0.9973326812563231 0.00876759469253843
2.9 0.0028284271247461905 0.9973155527688615 0.010326821985453346 0.19105736608147283 0.99731555270165 0.010326821985453233
2.9 0.004 0.997289189115419 0.012527074041189664 0.19196377860644032 0.9972891890447682 0.012527074041189325
2.9 0.005656854249492381 0.9972473948731362 0.015630384809236248 0.19324963467077605 0.9972473947867613 0.015630384809236227
2.9 0.008 0.9971793258175068 0.020004741848868902 0.19507601729298674 0.9971793257315331 0.020004741848868798
2.9 0.011313708498984762 0.9970656958258004 0.026165983630679387 0.19767450015283938 0.9970656957090387 0.026165983630679478
2.9 0.016 0.996871574851899 0.03483543146302373 0.20137986870436275 0.9968715746963864 0.03483543146302377
2.9 0.022627416997969524 0.9965322998285038 0.047018346696265714 0.20667952046394733 0.9965322995823555 0.04701834669626581
2.9 0.032 0.9959248108175343 0.06410900656919188 0.2142889778019017 0.9959248105209433 0.06410900656919187
2.9 0.04525483399593905 0.9948061944316884 0.0880275654622989 0.22526856234342518 0.9948061939055273 0.08802756546229923
2.9 0.064 0.9926718693486283 0.12138903671934734 0.24120499533274764 0.9926718683062099 0.12138903671934714
2.9 0.0905096679918781 0.9883908151511871 0.1676871269662124 0.26449475276461454 0.9883908133518728 0.16768712696621257
2.9 0.128 0.979087847595266 0.23141561075614603 0.298784760663132 0.9790878431148108 0.23141561075614564
2.9 0.1810193359837562 0.9553683060226199 0.3178081001565154 0.34965160476045476 1 -1
2.9 0.256 0.8310625896152861 0.4299213979775629 0.4256333884803044 3.237784422084889e-7 0.42563338848030674
2.9 0.3620386719675124 1.3112522246711613e-7 0.539768572311512 0.5397685723115114 1.3037575426904936e-7 0.5397685723115115
2.9 0.512 0.9390690854505437 0.8266988922087501 0.7118441720495792 6.792362205805332e-8 0.7118441720495792
2.9 0.7240773439350248 0.8757745976203581 1.0911028428696832 0.9716169838223521 2.1166575874147736e-8 0.9716169838223514
2.8 0.001 0.9972037268735091 0.006780055558709759 0.1663791226384259 0.9972037267966435 0.00678005555870953
2.8 0.0014142135623730952 0.9971948083436593 0.0075207125585742725 0.16666926920588931 0.9971948082787883 0.007520712558573897
2.8 0.002 0.9971819834571682 0.008566467098804265 0.16708011124441174 0.9971819833845125 0.008566467098804511
2.8 0.0028284271247461905 0.9971629361750918 0.010042489477350784 0.16766215111548205 0.9971629361027072 0.010042489477350234
2.8 0.004 0.99713367992931 0.012124923709535971 0.16848731112790588 0.9971336798466577 0.012124923709536214
2.8 0.005656854249492381 0.9970874130664715 0.015061350743824052 0.16965829390043152 0.9970874129735541 0.015061350743824056
2.8 0.008 0.9970121463474211 0.019199223107606325 0.1713222847902517 0.9970121462366481 0.01919922310760708
2.8 0.011313708498984762 0.9968865109866638 0.025025158250603953 0.1736912209218387 0.9968865108584217 0.025025158250603807
2.8 0.016 0.9966716400408326 0.03321880480350117 0.17707213633079688 0.9966716398712034 0.03321880480350146
2.8 0.022627416997969524 0.996295156173609 0.044725798170494824 0.1819131808526807 0.9962951559429081 0.04472579817049556
2.8 0.032 0.9956181707088576 0.06085466382055185 0.18887428426912511 0.9956181703632674 0.06085466382055185
2.8 0.04525483399593905 0.9943632214305986 0.08340118902302171 0.1989368028296178 0.9943632208815975 0.08340118902302193
2.8 0.064 0.9919434220120931 0.11479731896121984 0.21357480253971883 0.9919434209546387 0.11479731896121972
2.8 0.0905096679918781 0.9870036930284125 0.15825939732810262 0.23502309279534983 0.9870036909009149 0.1582593973281024
2.8 0.128 0.9759025403607519 0.21783283954238364 0.2666950221346317 0.9759025350544304 0.21783283954238325
2.8 0.1810193359837562 0.9449357292749694 0.29787746106023494 0.31382750894778155 6.122049228832487e-7 0.31382750894778544
2.8 0.256 1.932550363616925e-7 0.38446234039912897 0.38446234039912763 1.8913196323799768e-7 0.38446234039912885
2.8 0.3620386719675124 1.0148687212176778e-7 0.4909112561573843 0.4909112561573834 1.0192537688645423e-7 0.49091125615738396
2.8 0.512 0.9193560174142463 0.7600117373422886 0.6518981700927464 6.429459216838935e-8 0.6518981700927473
2.8 0.7240773439350248 3.7690535913783263e-8 0.8956300643668584 0.8956300643668589 4.097927233941898e-9 0.8956300643668589
2.7 0.001 0.9970376695935219 0.006679138424121183 0.1441451653942164 0.9970376695105899 0.006679138424121371
2.7 0.0014142135623730952 0.9970275996811482 0.007378260302090987 0.14440693965817109 0.9970275996065145 0.007378260302090734
2.7 0.002 0.9970131756611458 0.00836522296659696 0.14477766437624223 0.9970131755873807 0.008365222966597169
2.7 0.0028284271247461905 0.9969918206342423 0.009758008959137619 0.14530298371629075 0.9969918205514903 0.009758008959137412
2.7 0.004 0.9969591468434452 0.01172256599162748 0.14604795547185168 0.9969591467521937 0.011722565991627158
2.7 0.005656854249492381 0.9969075728814433 0.014491997971920224 0.14710558511864902 0.9969075727741181 0.014491997971920363
2.7 0.008 0.9968237711549117 0.01839317713550296 0.14860936234054373 0.9968237710324594 0.018393177135502977
2.7 0.011313708498984762 0.9966838847375818 0.023883413388645913 0.15075188343968188 0.9966838846014687 0.023883413388645792
2.7 0.016 0.9964443082762067 0.031600513720879984 0.15381286500770747 0.9964443080817806 0.03160051372087999
2.7 0.022627416997969524 0.9960232759540191 0.04243014787153447 0.15820184463122444 0.9960232757246716 0.042430147871534776
2.7 0.032 0.9952623324170764 0.05759437852454659 0.1645240817364425 0.9952623320201615 0.05759437852454616
2.7 0.04525483399593905 0.9938403286266217 0.07876305104292855 0.17368328339345873 0.9938403278562307 0.07876305104292869
2.7 0.064 0.9910626336512601 0.10818125116034341 0.18704269362300308 0.9910626323443142 0.10818125116034277
2.7 0.0905096679918781 0.9852634363176547 0.14877754351008338 0.20667793538168666 0.9852634338301289 0.14877754351008354
2.7 0.128 0.9716113207990713 0.2041126865340651 0.2357720395585129 9.171716699438013e-7 0.23577203955851767
2.7 0.1810193359837562 0.9268729306290864 0.27744617223509416 0.27922644466519975 2.598528829390113e-7 0.27922644466520097
2.7 0.256 1.3437609982831386e-7 0.3445919311534811 0.3445919311534804 1.327176714911427e-7 0.34459193115348097
2.7 0.3620386719675124 8.37447523157846e-8 0.44346023247970456 0.4434602324797038 8.346024218769038e-8 0.44346023247970423
2.7 0.512 0.8771973911609787 0.6830450750770998 0.5935006951993498 2.1342106192376532e-8 0.5935006951993494
2.7 0.7240773439350248 3.939893140736975e-8 0.8213814371552048 0.8213814371552037 6.788253435231185e-10 0.8213814371552037
2.6 0.001 0.9968505958056921 0.006578112861101852 0.12303913413726131 0.9968505957140805 0.006578112861101963
2.6 0.0014142135623730952 0.9968391296585069 0.007235689906239106 0.12327294188335464 0.9968391295618452 0.007235689906239288
2.6 0.002 0.9968227723271996 0.008163841667116128 0.1236041259413791 0.9968227722287867 0.008163841667116308
2.6 0.0028284271247461905 0.9967986460901448 0.009473354777976565 0.12407354571237816 0.9967986459867328 0.009473354777976378
2.6 0.004 0.9967618510809908 0.011319965489110219 0.12473950071448503 0.99676185097752 0.011319965489109752
2.6 0.005656854249492381 0.9967039231082073 0.013922272283126392 0.12568545390917696 0.9967039229946304 0.013922272283126499
2.6 0.008 0.9966098602259301 0.017586513335389877 0.12703142569009845 0.9966098600807354 0.01758651333538987
2.6 0.011313708498984762 0.9964528459861925 0.022740587443216737 0.12895100449059316 0.9964528458532296 0.022740587443216626
2.6 0.016 0.9961834652805754 0.029980255750511706 0.13169707983888945 0.9961834650590876 0.02998025575051158
2.6 0.022627416997969524 0.9957083282934025 0.04013080651574846 0.1356412964269192 0.995708328011495 0.04013080651574862
2.6 0.032 0.9948442936568844 0.05432695411393408 0.1413352865742566 0.9948442931745167 0.054326954113933845
2.6 0.04525483399593905 0.9932135512955065 0.07411059119932084 0.14960659160468703 0.9932135505559464 0.07411059119932119
2.6 0.064 0.9899755348913941 0.10153491435968595 0.16170968712207728 1 -1
2.6 0.0905096679918781 0.9830105638843847 0.1392259612315634 0.17956376801967366 7.647162499296853e-7 0.17956376801967733
2.6 0.128 0.965440623725513 0.1902010015687518 0.2061251506280931 2.97135331353727e-7 0.20612515062809478
2.6 0.1810193359837562 0.8638727358674168 0.2559308180139831 0.24596440628549132 1.6243379235672194e-7 0.24596440628549154
2.6 0.256 1.0111158225728984e-7 0.3061471587443133 0.30614715874431286 1.0250232196752291e-7 0.3061471587443134
2.6 0.3620386719675124 6.789265124786372e-8 0.3975525573075471 0.3975525573075471 7.043436525959467e-8 0.39755255730754735
2.6 0.512 4.6816436854427724e-8 0.5368048602131629 0.5368048602131626 2.8623666277023015e-9 0.5368048602131619
2.6 0.7240773439350248 3.644768442591126e-8 0.7490455421473929 0.7490455421473934 8.016770132443346e-11 0.7490455421473934
2.5 0.001 0.9966382372820389 0.0064769576261596365 0.10316935377779529 0.9966382371946176 0.006476957626159472
2.5 0.0014142135623730952 0.9966250548153608 0.007092978555490393 0.10337564348848899 0.9966250547138141 0.007092978555490548
2.5 0.002 0.9966063294254042 0.007962297216208801 0.10366792495735339 0.9966063293034133 0.007962297216209006
2.5 0.0028284271247461905 0.9965788196258758 0.009188494700319419 0.10408235494944107 0.9965788195188303 0.009188494700319886
2.5 0.004 0.9965369993784634 0.010917077788683074 0.10467059408183177 0.9965369992651982 0.010917077788683498
2.5 0.005656854249492381 0.9964713004409642 0.013352105620142028 0.10550673745175959 0.9964713003067924 0.013352105620141793
2.5 0.008 0.9963647895327099 0.01677911760458535 0.10669759324985573 0.996364789384666 0.016779117604585038
2.5 0.011313708498984762 0.9961868909298359 0.021596475696960847 0.10839812202372856 0.9961868907286194 0.021596475696961076
2.5 0.016 0.995881001233732 0.02835764445348711 0.11083494781290781 0.9958810009937366 0.028357644453487235
2.5 0.022627416997969524 0.9953390341565751 0.03782701229540165 0.11434264691995627 0.9953390338308524 0.03782701229540153
2.5 0.032 0.9943459221518296 0.051050817961134295 0.11942041733537861 1 -1
2.5 0.04525483399593905 0.9924480055141327 0.06944036145949224 0.12682132073310198 9.818541976011463e-7 0.12682132073310526
2.5 0.064 0.9885981380010067 0.0948500168558137 0.13769337910140445 4.63183454598714e-7 0.13769337910140622
2.5 0.0905096679918781 0.9799642233881248 0.12958110095568964 0.15380244140804883 2.7210478574803004e-7 0.15380244140804972
2.5 0.128 0.9554842590897784 0.17599824956715582 0.17788210813080696 1.7178541016164457e-7 0.17788210813080807
2.5 0.1810193359837562 1.146900547678295e-7 0.21417718734753266 0.21417718734753233 1.161961998286523e-7 0.214177187347533
2.5 0.256 7.90131537757591e-8 0.2692746269457651 0.26927462694576465 8.15701785409818e-8 0.2692746269457653
2.5 0.3620386719675124 5.507791646345834e-8 0.35334924940913126 0.35334924940913115 1.1607236664722554e-8 0.35334924940913104
2.5 0.512 4.3918925981834016e-8 0.48199082803775684 0.4819908280377565 3.0856730972175744e-10 0.48199082803775695
2.5 0.7240773439350248 1.1526032417633063e-8 0.6788279368015688 0.6788279368015686 6.36548690681361e-12 0.6788279368015686
2.4 0.001 0.996395083655657 0.00637564544332966 0.08466231428004561 1.5296332069485622e-6 0.08466231428005039
2.4 0.0014142135623730952 0.9963797618335518 0.006950097000912153 0.08484158647153767 1.4612212868978778e-6 0.08484158647154189
2.4 0.002 0.9963580884734125 0.007760556377963103 0.08509567858017475 1.387320251566765e-6 0.0850956785801788
2.4 0.0028284271247461905 0.9963263759862246 0.008903387595280785 0.08545613788261974 1.2872316291721948e-6 0.0854561378826238
2.4 0.004 0.9962783414099343 0.0105138462930045 0.08596812226625822 1.1653125020394069e-6 0.08596812226626183
2.4 0.005656854249492381 0.9962030581900689 0.012781411169752652 0.08669655945503585 1.035770135875372e-6 0.08669655945503896
2.4 0.008 0.9960811327649598 0.01597084382336556 0.08773534240262498 8.903928081433753e-7 0.08773534240262787
2.4 0.011313708498984762 0.9958773384582473 0.020450814159372402 0.08922124492038014 7.439345221733847e-7 0.08922124492038241
2.4 0.016 0.9955259077149256 0.026732176403996957 0.0913552792383201 6.038138369030825e-7 0.09135527923832215
2.4 0.022627416997969524 0.9948997027250293 0.03551775855033519 0.09443591204365392 4.790456526604924e-7 0.09443591204365537
2.4 0.032 0.993741069670304 0.04776384929612884 0.09891128680894568 3.709056885333289e-7 0.09891128680894706
2.4 0.04525483399593905 0.9914906099742676 0.0647475659249009 0.10546191861715337 2.831957485859875e-7 0.10546191861715454
2.4 0.064 0.9867908513252959 0.08811440440859192 0.11513200055251394 2.1046719171500227e-7 0.11513200055251477
2.4 0.0905096679918781 0.975564647194756 0.11980447402543154 0.12953749417940397 1.5656494679056572e-7 0.12953749417940463
2.4 0.128 0.933931665219025 0.16126291612097704 0.15119373963205646 1.1937260516796331e-7 0.15119373963205707
2.4 0.1810193359837562 8.816506442865896e-8 0.18402545708433304 0.1840254570843326 8.85071443957785e-8 0.18402545708433327
2.4 0.256 6.73275959362853e-8 0.2341481439466836 0.23414814394668304 1.73570237749904e-8 0.2341481439466827
2.4 0.3620386719675124 4.6820932444700044e-8 0.31104155197450867 0.31104155197450845 4.000049006260108e-9 0.3110415519745088
2.4 0.512 3.474154726307501e-8 0.4292729284951502 0.4292729284951501 2.626070769701764e-11 0.4292729284951501
2.4 0.7240773439350248 3.881254769613095e-10 0.6109735313737158 0.6109735313737161 3.891457569732334e-13 0.6109735313737156
2.3 0.001 0.9961138939016785 0.006274140678128674 0.067666940824956 3.0472669191321594e-7 0.06766694082495694
2.3 0.0014142135623730952 0.9960958560646274 0.006807007085844136 0.06781976157065284 3.040683573928773e-7 0.06781976157065378
2.3 0.002 0.9960704516633135 0.007558575888542656 0.06803647277452818 3.021110488797555e-7 0.06803647277452934
2.3 0.0028284271247461905 0.9960334363618353 0.008617980044435865 0.06834411992531714 2.960275753546836e-7 0.06834411992531803
2.3 0.004 0.9959775909220023 0.010110197577450167 0.06878151678457611 2.892133997539869e-7 0.068781516784577
2.3 0.005656854249492381 0.9958902175145427 0.012210076138441103 0.0694046589934153 2.776295478710869e-7 0.06940465899341614
2.3 0.008 0.9957488663539151 0.015161501217492976 0.07029487512561317 2.638771343569302e-7 0.07029487512561394
2.3 0.011313708498984762 0.9955123133382595 0.019303255242090187 0.07157127576760741 2.5096975823739136e-7 0.07157127576760824
2.3 0.016 0.9951028244369249 0.025103180494356003 0.07341003751557351 2.2994381264138406e-7 0.07341003751557418
2.3 0.022627416997969524 0.9943677736138039 0.03320167953946504 0.07607465094004662 2.0824896403499318e-7 0.07607465094004734
2.3 0.032 0.9929904152821131 0.0444630959870303 0.07996382097064425 1.836777984061407e-7 0.07996382097064492
2.3 0.04525483399593905 0.990255786594169 0.060025252214499086 0.08568775034735981 1.5800147402230403e-7 0.08568775034736054
2.3 0.064 0.9842991164805317 0.08130911373943628 0.09418979396668131 1.356889082775084e-7 0.09418979396668187
2.3 0.0905096679918781 0.9684335018684418 0.10982441230709725 0.10693992031489596 1.0832133751762574e-7 0.10693992031489608
2.3 0.128 8.778033206711424e-8 0.12624019330369718 0.12624019330369668 2.2656766435175965e-8 0.12624019330369673
2.3 0.1810193359837562 6.779810288107406e-8 0.15570159183535498 0.15570159183535465 3.2299255215608134e-9 0.1557015918353548
2.3 0.256 5.251612163979148e-8 0.20097627938939644 0.2009762793893961 3.4753260231016076e-10 0.2009762793893961
2.3 0.3620386719675124 7.021475266473901e-9 0.270859405045772 0.2708594050457719 3.6408504891712283e-11 0.2708594050457718
2.3 0.512 2.54812531231487e-9 0.37890930666181344 0.3789093066618132 7.146811433283205e-12 0.37890930666181355
2.3 0.7240773439350248 5.395416701122623e-12 0.5457777715497208 0.5457777715497207 1.7849903827017132e-14 0.545777771549721
2.2 0.001 0.9957849569204817 0.006172395837798257 0.0523598976501623 1.677037367566387e-7 0.0523598976501628
2.2 0.0014142135623730952 0.9957634024219948 0.006663658021977992 0.05248692008361272 1.6763756014212128e-7 0.052486920083613164
2.2 0.002 0.9957331796752404 0.007356298278255858 0.0526671862160053 1.6483935398912722e-7 0.0526671862160058
2.2 0.0028284271247461905 0.9956893250179437 0.008332201238850881 0.05292336788476898 1.583954785945997e-7 0.05292336788476931
2.2 0.004 0.9956233733690147 0.009706034387203022 0.05328812513464126 1.603117054391007e-7 0.05328812513464176
2.2 0.005656854249492381 0.9955204988139024 0.011637950793948467 0.05380880638340779 1.5558749083766607e-7 0.05380880638340829
2.2 0.008 0.9953541068727159 0.014350834977801444 0.05455460322197436 1.5562648095676404e-7 0.05455460322197486
2.2 0.011313708498984762 0.9950750990489384 0.01815332981483341 0.05562760201856115 1.3212436229317104e-7 0.05562760201856132
2.2 0.016 0.9945895880490878 0.023469736893745916 0.05718008762116211 9.613654958827674e-8 0.05718008762116228
2.2 0.022627416997969524 0.9937094473205272 0.03087686127274436 0.05944193896820055 6.33201507367154e-8 0.05944193896820066
2.2 0.032 0.9920315420847283 0.04114427976966137 0.06276433736895187 3.434024281211897e-8 0.06276433736895193
2.2 0.04525483399593905 0.9885941980125831 0.055262767608886404 0.06768977183341462 1.4403109030541909e-8 0.06768977183341468
2.2 0.064 0.9805873737317553 0.074401670940273 0.07506417682584016 4.9554403326695364e-9 0.07506417682584016
2.2 0.0905096679918781 0.9530005098323573 0.0994650162718804 0.08621592321763627 1.1612008839255215e-9 0.08621592321763627
2.2 0.128 7.107938836282544e-8 0.10323939733521081 0.10323939733521048 2.0549575698237683e-10 0.10323939733521043
2.2 0.1810193359837562 2.9255580321176007e-8 0.1294389831014121 0.129438983101412 2.5377537066663698e-11 0.1294389831014121
2.2 0.256 2.0245368682855433e-9 0.17001271173449856 0.17001271173449856 2.2777419341672884e-12 0.17001271173449867
2.2 0.3620386719675124 6.9302702572443e-11 0.2330830930834219 0.23308309308342168 1.6663767731469483e-13 0.23308309308342157
2.2 0.512 1.6894035076715262e-11 0.33121523054163315 0.33121523054163315 1.2169615644948941e-14 0.3312152305416334
2.2 0.7240773439350248 2.4270209230691044e-14 0.4836021030298081 0.4836021030298078 2.9841711152203773e-15 0.48360210302980744
2.1 0.001 0.9953949390724128 0.006070346139532459 0.03895163411320782 6.728954937973191e-10 0.03895163411320779
2.1 0.0014142135623730952 0.9953687207019195 0.0065199806052768875 0.039053637683705095 6.811081885783517e-10 0.03905363768370507
2.1 0.002 0.9953321134911224 0.0071536453791122175 0.03919858091960429 6.373448208383313e-10 0.03919858091960429
2.1 0.0028284271247461905 0.9952792278301635 0.008045955041827474 0.03940492150242708 6.162794537994427e-10 0.03940492150242711
2.1 0.004 0.9951999677957643 0.009301224711262577 0.03969940515024237 5.403776720252314e-10 0.03969940515024231
2.1 0.005656854249492381 0.9950765894488678 0.01106483123874195 0.04012109389636287 4.775879760787239e-10 0.04012109389636284
2.1 0.008 0.9948770146888357 0.013538495371450833 0.04072758522490688 4.1787921059998936e-10 0.04072758522490694
2.1 0.011313708498984762 0.9945413205058975 0.017000385425229626 0.04160474957192972 3.1109155956918834e-10 0.04160474957192972
2.1 0.016 0.9939528548586513 0.021830540934065126 0.04288215944988297 2.3034340931165782e-10 0.042882159449882884
2.1 0.022627416997969524 0.9928713339334159 0.02854050890349718 0.04475775374620036 1.429359849915924e-10 0.04475775374620039
2.1 0.032 0.9907578590743662 0.03780086135963294 0.047537478918216663 6.999470525475156e-11 0.04753747891821661
2.1 0.04525483399593905 0.9862130185411179 0.05044244382647228 0.05169913957489536 2.9355908318734506e-11 0.05169913957489525
2.1 0.064 0.974195202237599 0.06732681034229596 0.05799515520658255 9.213833864790611e-12 0.057995155206582605
2.1 0.0905096679918781 4.7129940874046725e-9 0.06761726711280791 0.06761726711280802 2.028607512523541e-12 0.06761726711280791
2.1 0.128 6.25243159572546e-10 0.08245850499324753 0.08245850499324747 2.9735279122227896e-13 0.08245850499324753
2.1 0.1810193359837562 5.1484257180598764e-11 0.10552477533614096 0.10552477533614085 3.2323184617300006e-14 0.10552477533614102
2.1 0.256 2.631225935476851e-12 0.14157052596670577 0.1415705259667056 2.291504230248205e-15 0.1415705259667055
2.1 0.3620386719675124 1.0410995186467234e-13 0.19805946842397093 0.19805946842397093 4.1421532153954953e-16 0.19805946842397115
2.1 0.512 4.562188648173356e-14 0.28658174535936964 0.28658174535936953 2.886202526247393e-16 0.2865817453593693
2.1 0.7240773439350248 1.9604160792268038e-16 0.42489575628726783 0.42489575628726817 1.9121461986780327e-16 0.4248957562872685
2.0 0.001 0.9949250149046016 0.005967900768574131 0.02769099496073435 1.0199883662651804e-13 0.02769099496073446
2.0 0.0014142135623730952 0.9948924298347728 0.00637587789409793 0.027768972462155594 1.0350026159175605e-13 0.027768972462155622
2.0 0.002 0.9948471266507911 0.006950507847799964 0.027880031713665182 9.504412365302725e-14 0.027880031713665182
2.0 0.0028284271247461905 0.994781943744473 0.007759107155110022 0.028038630328620306 9.11002803580095e-14 0.028038630328620362
2.0 0.004 0.9946845668449171 0.008895584034177792 0.028265923359721667 8.323151963995268e-14 0.028265923359721695
2.0 0.005656854249492381 0.9945332233010922 0.010490431144910167 0.0285931748374178 7.076080292412745e-14 0.028593174837417745
2.0 0.008 0.9942881418969676 0.012723986151812815 0.029067117263008563 5.960922721898156e-14 0.02906711726300859
2.0 0.011313708498984762 0.993873835611267 0.015843480240884732 0.02975847141764576 4.810279158389486e-14 0.029758471417645677
2.0 0.016 0.9931396835331168 0.020183659752630964 0.030775610875379722 3.283627470611889e-14 0.030775610875379694
2.0 0.022627416997969524 0.9917628697033953 0.026188314135984783 0.0322866070495228 1.772269629998841e-14 0.032286607049522825
2.0 0.032 0.9889670810408179 0.03442207016406498 0.03455491040777858 8.620375907819931e-15 0.03455491040777858
2.0 0.04525483399593905 0.9824152649960394 0.04553103933827811 0.03799715900745129 3.016962189392448e-15 0.03799715900745132
2.0 0.064 0.9564500615630533 0.05988849996832524 0.04327670717628354 1.161932910869388e-15 0.04327670717628346
2.0 0.0905096679918781 5.945875023843459e-13 0.05145429252006595 0.05145429252006603 6.235604475942256e-16 0.051454292520066
2.0 0.128 6.258524365170817e-14 0.06422877644097802 0.06422877644097802 4.211231609734057e-16 0.06422877644097807
2.0 0.1810193359837562 3.974795893954849e-15 0.08431690969024619 0.08431690969024619 1.6061111975303011e-16 0.08431690969024624
2.0 0.256 5.601584684413299e-16 0.11604180418797111 0.11604180418797105 5.443528554883841e-16 0.11604180418797128
2.0 0.3620386719675124 4.613455147415478e-16 0.16622460396995248 0.1662246039699526 3.314762247864686e-16 0.16622460396995242
2.0 0.512 2.542894078175642e-16 0.24550209614641327 0.24550209614641338 2.9902116319934246e-16 0.24550209614641338
2.0 0.7240773439350248 1.9768361063711918e-16 0.37022692745751495 0.3702269274575155 1.510195495026935e-16 0.3702269274575156
1.9 0.001 0.9943476676103862 0.005864928190472105 0.018857661463626677 1.3529527425276333e-16 0.018857661463626663
1.9 0.0014142135623730952 0.9943061064035188 0.006231209510935708 0.018913065103803903 1.5633229088179705e-16 0.01891306510380389
1.9 0.002 0.9942485325536552 0.006746727479207029 0.018992359683127097 1.492545202265476e-16 0.01899235968312707
1.9 0.0028284271247461905 0.9941659937611524 0.00747146337784898 0.019106328662031657 2.5788728901712347e-16 0.019106328662031657
1.9 0.004 0.9940429795640728 0.008488845061528017 0.019271025343543996 1.409593759736454e-16 0.019271025343544024
1.9 0.005656854249492381 0.9938519147200922 0.00991433287632268 0.019510639280549635 1.5248584560334665e-16 0.019510639280549635
1.9 0.008 0.993541613021923 0.011906573219174248 0.01986208380550239 1.5901712337221342e-16 0.019862083805502306
1.9 0.011313708498984762 0.9930127216791923 0.014681188281674973 0.020382393891464706 2.595250705624802e-16 0.020382393891464706
1.9 0.016 0.9920596769668465 0.018526059908076195 0.02116071884379994 2.5872796828066004e-16 0.02116071884379997
1.9 0.022627416997969524 0.9902138841137085 0.02381311387144156 0.022337832855525375 1.2493319685744418e-16 0.02233783285552532
1.9 0.032 0.9862044475705469 0.030988002353820862 0.02413794458575122 1.4255475320073188e-16 0.024137944585751248
1.9 0.04525483399593905 0.9746735931512689 0.04044822068306765 0.026920587232645954 1.2259243655568322e-16 0.026920587232645926
1.9 0.064 1.5068860508773126e-16 0.03126512189804739 0.03126512189804731 1.4436113233305937e-16 0.031265121898047366
1.9 0.0905096679918781 1.1215356271057267e-16 0.03810769219581775 0.03810769219581772 1.1561002745583073e-16 0.038107692195817666
1.9 0.128 1.2164751617633182e-16 0.048961236539628084 0.04896123653962803 1.1377637481271033e-16 0.04896123653962803
1.9 0.1810193359837562 1.5785490276320255e-16 0.0662641504842714 0.06626415048427126 1.498587940302846e-16 0.06626415048427142
1.9 0.256 4.595509739864779e-18 0.09392256652376701 0.09392256652376718 1.5813450079761131e-18 0.09392256652376701
1.9 0.3620386719675124 3.378143192600825e-16 0.13813431700809253 0.13813431700809253 3.7715521058533935e-16 0.13813431700809248
1.9 0.512 2.8505667345158205e-16 0.2086087461560432 0.2086087461560429 3.0437143526972036e-16 0.2086087461560432
1.9 0.7240773439350248 1.3364724874664243e-16 0.32032761545727795 0.3203276154572776 2.3693224155495497e-16 0.32032761545727795
1.8 0.001 0.9936210813540867 0.005761230158046962 0.012690576281854923 1.3132288604187296e-16 0.012690576281854937
1.8 0.0014142135623730952 0.993566291590831 0.006085763760723131 0.012726168477614028 1.5926385811573593e-16 0.012726168477614028
1.8 0.002 0.9934906009198852 0.006542065663420185 0.01277772059969702 1.4524997584297363e-16 0.012777720599696993
1.8 0.0028284271247461905 0.99338235698886 0.007182730606595428 0.01285292805464959 2.1900247909046089e-16 0.012852928054649604
1.8 0.004 0.9932212885548806 0.008080602847006808 0.01296358174310848 1.3108242815582127e-16 0.012963581743108452
1.8 0.005656854249492381 0.9929707386176432 0.009335897179815573 0.013127966969447638 1.4956440515474695e-16 0.01312796696944761
1.8 0.008 0.9925613040689567 0.011085110291924227 0.013374757566804174 1.574597215805375e-16 0.013374757566804174
1.8 0.011313708498984762 0.9918534865612822 0.01351120823578205 0.013749364763771268 2.2009408022868787e-16 0.013749364763771255
1.8 0.016 0.9905413993636971 0.016852579232977078 0.014324326906193105 1.6444531429572847e-16 0.014324326906193077
1.8 0.022627416997969524 0.9878479859880613 0.02140153880809339 0.015216362957870863 1.0127988308914579e-16 0.015216362957870891
1.8 0.032 0.9810377654712367 0.027453171784948188 0.016614415957378545 1.4239868591067986e-16 0.01661441595737856
1.8 0.04525483399593905 1.122496427798788e-16 0.018825777059113563 0.01882577705911355 1.0902742783810094e-16 0.01882577705911355
1.8 0.064 1.3992112276053158e-16 0.022351782904321355 0.02235178290432137 1.354031872143757e-16 0.02235178290432141
1.8 0.0905096679918781 1.0439426127465787e-16 0.02801138566663018 0.02801138566663025 1.0751875137673309e-16 0.02801138566663018
1.8 0.128 -4.13026674063483e-19 0.037140967898430244 0.03714096789843013 1.1752141101895302e-16 0.03714096789843016
1.8 0.1810193359837562 1.451782759337069e-16 0.05191278947690936 0.051912789476909305 1.3745065778083855e-16 0.05191278947690939
1.8 0.256 -1.4680943191585383e-18 0.07583247373095034 0.07583247373095045 7.480236776822289e-19 0.07583247373095034
1.8 0.3620386719675124 4.658788239953492e-16 0.11449722161177328 0.11449722161177323 4.0692116662293636e-16 0.11449722161177328
1.8 0.512 2.7777985687744323e-16 0.17672028496928355 0.1767202849692835 2.679811093076976e-16 0.1767202849692836
1.8 0.7240773439350248 2.976580527814827e-16 0.2761555331442234 0.2761555331442235 3.233876023788261e-17 0.2761555331442234
1.7 0.001 0.9926782661201667 0.005656492665124422 0.009068007723708985 1.5209599102898102e-16 0.009068007723708985
1.7 0.0014142135623730952 0.9926028632516257 0.005939204727456158 0.009089856546257942 1.602029549822965e-16 0.009089856546257921
1.7 0.002 0.9924988590771215 0.006336143130890731 0.00912231468367828 1.557229694275351e-16 0.009122314683678294
1.7 0.0028284271247461905 0.9923502277270076 0.006892441629030042 0.00917102792608903 2.3847507824703114e-16 0.009171027926089023
1.7 0.004 0.9921287915718083 0.007670207284994625 0.009244917010339304 1.4795524051215213e-16 0.009244917010339311
1.7 0.005656854249492381 0.9917825047812177 0.008754081212162888 0.009358195377344662 1.5467673560283466e-16 0.009358195377344648
1.7 0.008 0.9912093489264131 0.010257670677046905 0.009533675785361038 1.569294185244269e-16 0.009533675785361045
1.7 0.011313708498984762 0.9901919231299172 0.012329471802031273 0.009808207873131344 2.367311940681898e-16 0.009808207873131351
1.7 0.016 0.9881997551897075 0.015153262620762595 0.010241644756468028 1.6817892584357797e-16 0.010241644756468021
1.7 0.022627416997969524 0.9835191894149165 0.01892280266751791 0.01093165746808434 1.0743125339886265e-16 0.010931657468084333
1.7 0.032 1.5608744866556536e-16 0.01203823363102545 0.012038233631025456 1.530988582586731e-16 0.01203823363102547
1.7 0.04525483399593905 1.4362921059562933e-16 0.013824178928058303 0.013824178928058324 1.318007592200173e-16 0.013824178928058345
1.7 0.064 1.5430198618266495e-16 0.016721948942282766 0.0167219489422828 1.488895741428204e-16 0.01672194894228278
1.7 0.0905096679918781 1.2508947681556115e-16 0.02144347623978217 0.02144347623978217 1.2994991990018865e-16 0.021443476239782176
1.7 0.128 1.1820500930954196e-16 0.029159295579481312 0.029159295579481326 1.056277710618498e-16 0.02915929557948134
1.7 0.1810193359837562 1.3460104482411068e-16 0.04178693368808374 0.0417869336880838 1.3715241428096685e-16 0.04178693368808378
1.7 0.256 -2.801755602825055e-18 0.06244575829098245 0.06244575829098245 2.943822552822637e-18 0.06244575829098249
1.7 0.3620386719675124 4.610020943021902e-16 0.09615422588561445 0.09615422588561442 4.536654423278186e-16 0.09615422588561437
1.7 0.512 2.5328049304711937e-16 0.15086490206599462 0.15086490206599468 2.7926269812669663e-16 0.15086490206599465
1.7 0.7240773439350248 -1.0403207641217656e-17 0.23895748172273895 0.23895748172273923 3.201351409528535e-17 0.23895748172273934
1.6 0.001 0.9914043579386451 0.005550185532851027 0.007116369289008304 1.5997048959570043e-16 0.007116369289008315
1.6 0.0014142135623730952 0.9912945450230666 0.005790963026321854 0.007131728987378613 2.1015864778388165e-16 0.007131728987378613
1.6 0.002 0.9911427368030603 0.006128314153274341 0.007155171873907466 1.6204645188380725e-16 0.007155171873907466
1.6 0.0028284271247461905 0.990925106187774 0.006599795652345008 0.007191314660376442 2.280642762893234e-16 0.007191314660376442
1.6 0.004 0.9905987310420707 0.007256529303057944 0.007247579176884348 1.6063314199765237e-16 0.007247579176884355
1.6 0.005656854249492381 0.9900813046978276 0.008167025108245799 0.0073359667834438265 1.561757839799388e-16 0.007335966783443833
1.6 0.008 0.9892008607656628 0.009420646216868951 0.007475983496882315 1.5703704536555388e-16 0.007475983496882322
1.6 0.011313708498984762 0.9875456526101571 0.011127665777667585 0.007699471739992955 2.3103513566411063e-16 0.007699471739992966
1.6 0.016 0.9838159896370273 0.0134038742087502 0.008058601257225236 2.267050402475262e-16 0.008058601257225233
1.6 0.022627416997969524 1.1418872687660163e-16 0.008639089305324678 0.008639089305324685 1.1444425452373653e-16 0.008639089305324685
1.6 0.032 1.558457333600531e-16 0.009582056912415926 0.009582056912415916 1.6132833508323923e-16 0.009582056912415923
1.6 0.04525483399593905 1.5339812228804908e-16 0.01112009222948673 0.01112009222948673 1.4452024800028596e-16 0.011120092229486726
1.6 0.064 1.5464082841011428e-16 0.013636549808119743 0.013636549808119746 1.5773237800846367e-16 0.013636549808119756
1.6 0.0905096679918781 1.4583105586445908e-16 0.01776254408108814 0.017762544081088134 1.4661306523721794e-16 0.017762544081088138
1.6 0.128 3.335796138200354e-16 0.024534438881200674 0.024534438881200663 3.3240603287328073e-16 0.024534438881200663
1.6 0.1810193359837562 1.5762232824349148e-16 0.03564712868763089 0.03564712868763089 1.5082648839360854e-16 0.03564712868763091
1.6 0.256 4.102760209824604e-18 0.05385645261434287 0.05385645261434289 3.6525310312886054e-18 0.05385645261434288
1.6 0.3620386719675124 4.766486449448259e-19 0.08360806821594181 0.08360806821594184 6.161546858026266e-18 0.08360806821594186
1.6 0.512 2.7428959995905964e-16 0.13199443408704659 0.13199443408704656 2.6683025927159965e-16 0.13199443408704653
1.6 0.7240773439350248 1.6555875908232913e-17 0.2101507055483527 0.21015070554835275 4.044479179515295e-17 0.2101507055483527
1.5 0.001 0.9895839289458661 0.005441333304400444 0.005928819931670782 4.34780354276017e-15 0.005928819931670786
1.5 0.0014142135623730952 0.9894103200128137 0.005639983087490216 0.005941157759084747 3.3620861357356768e-15 0.005941157759084752
1.5 0.002 0.9891683563641627 0.005917370145077865 0.005960320157513077 3.07758412765845e-15 0.00596032015751307
1.5 0.0028284271247461905 0.9888174644718415 0.006303272401864375 0.005990350021167164 2.3482026784878022e-15 0.005990350021167165
1.5 0.004 0.9882811312889178 0.006837370016921961 0.0060378043311923625 1.799127323809323e-15 0.006037804331192364
1.5 0.005656854249492381 0.9874006730135756 0.007570925538701159 0.006113367552996584 1.9134196365494714e-15 0.0061133675529965684
1.5 0.008 0.9857927375583846 0.008565937286576328 0.006234520081018836 7.476547579283016e-16 0.006234520081018845
1.5 0.011313708498984762 0.9821787856461115 0.00988308197122241 0.006429957098144949 3.9026229460581664e-16 0.006429957098144938
1.5 0.016 1.7619982947726563e-11 0.00674690960495594 0.006746909604955942 2.4688242594142215e-16 0.006746909604955938
1.5 0.022627416997969524 3.6183655212765437e-12 0.007263268814149895 0.007263268814149891 3.369047767579087e-16 0.007263268814149891
1.5 0.032 4.2778383966725674e-13 0.008107635630296484 0.00810763563029649 1.5685510567347966e-16 0.008107635630296489
1.5 0.04525483399593905 1.8502209798375798e-14 0.009492381198549693 0.009492381198549697 1.4646613850969275e-16 0.009492381198549695
1.5 0.064 3.522353868755178e-16 0.011767913396891524 0.011767913396891533 1.5406808305038057e-16 0.011767913396891521
1.5 0.0905096679918781 5.852658291626139e-16 0.015511152932430184 0.015511152932430175 5.859172928796918e-16 0.015511152932430168
1.5 0.128 3.737125284146902e-16 0.021668435503427945 0.02166843550342795 3.687408399839627e-16 0.02166843550342794
1.5 0.1810193359837562 3.4881584157849714e-16 0.03178345712430988 0.0317834571243099 3.237151124116438e-16 0.03178345712430988
1.5 0.256 1.3277054128615395e-16 0.048355199726076575 0.0483551997260766 1.375023987373086e-16 0.04835519972607659
1.5 0.3620386719675124 4.118944632464589e-16 0.0753896411814483 0.07538964118144831 4.3960214454381534e-16 0.07538964118144828
1.5 0.512 2.1985218607027132e-16 0.11923340236082128 0.11923340236082136 2.3478760483902076e-16 0.1192334023608213
1.5 0.7240773439350248 2.1684386166815585e-16 0.18980938055462765 0.18980938055462765 2.1728619366009867e-16 0.18980938055462765
1.4 0.001 0.9867528844106782 0.0053279055493600305 0.0050937055386816674 4.846363843269013e-13 0.005093705538681668
1.4 0.0014142135623730952 0.9864408889392751 0.005484034607203116 0.0051042404766771755 4.567998239306324e-13 0.005104240476677178
1.4 0.002 0.9859960146470665 0.00570070476935408 0.005120780655476772 4.2043880275125097e-13 0.005120780655476773
1.4 0.0028284271247461905 0.9853291210780944 0.005999488628522676 0.005146958512958151 3.504325630347615e-13 0.005146958512958151
1.4 0.004 0.9842513350968918 0.006407553661000207 0.005188695973584199 2.976435127135551e-13 0.005188695973584198
1.4 0.005656854249492381 0.9822727998407419 0.006955767253195515 0.005255686353727539 2.212556774291269e-13 0.005255686353727536
1.4 0.008 0.977248515208614 0.007665549219962067 0.005363850256411363 1.4991886936536377e-13 0.005363850256411365
1.4 0.011313708498984762 3.9838730488078625e-8 0.0055394090006669625 0.0055394090006669625 8.915559114469869e-14 0.005539409000666961
1.4 0.016 2.280244305276016e-8 0.005825641714545943 0.00582564171454594 4.407722775566477e-14 0.0058256417145459444
1.4 0.022627416997969524 9.087783303402631e-9 0.00629408574992734 0.0062940857499273455 1.583194160477793e-14 0.0062940857499273395
1.4 0.032 2.2114220466698507e-9 0.007063068425296295 0.007063068425296294 3.607904744991965e-15 0.007063068425296295
1.4 0.04525483399593905 4.036713006681116e-10 0.00832827118005676 0.008328271180056752 5.210355423174391e-16 0.008328271180056752
1.4 0.064 3.476520100574481e-11 0.010412889855844827 0.010412889855844827 1.5331190116178597e-16 0.010412889855844824
1.4 0.0905096679918781 9.323271630505367e-13 0.013849365616023724 0.013849365616023715 5.941911380122369e-16 0.013849365616023724
1.4 0.128 5.757450119548026e-15 0.01951123454435673 0.019511234544356718 3.9584286966695063e-16 0.019511234544356732
1.4 0.1810193359837562 3.5614384669437916e-16 0.02882301647685509 0.028823016476855087 3.5408816383107245e-16 0.028823016476855073
1.4 0.256 1.3890534516639596e-16 0.0440886998636013 0.044088699863601304 1.4575145156675163e-16 0.044088699863601304
1.4 0.3620386719675124 1.4595075299370238e-16 0.06899537014290431 0.06899537014290431 1.4837785969170872e-16 0.06899537014290434
1.4 0.512 2.565645938784032e-16 0.10936773236087383 0.10936773236087381 2.4841908096782364e-16 0.10936773236087383
1.4 0.7240773439350248 1.156586613529262e-16 0.17427242939148 0.17427242939147997 1.2254460734294595e-16 0.17427242939147997
1.3 0.001 0.981638611236149 0.0052047362660081874 0.004448964209416461 4.198371780999294e-12 0.0044489642094164596
1.3 0.0014142135623730952 0.980920470013555 0.00531724937763923 0.004458201355589472 4.0166911815086656e-12 0.0044582013555894695
1.3 0.002 0.9798200935945662 0.005471100666229757 0.0044728088312524766 3.774756814058369e-12 0.004472808831252476
1.3 0.0028284271247461905 0.9779518119719526 0.00567821015218125 0.004496078977623662 3.224989783729637e-12 0.004496078977623663
1.3 0.004 0.9738785976230367 0.005948114554790287 0.004533397571398799 2.8518049508222677e-12 0.004533397571398798
1.3 0.005656854249492381 9.389319565088308e-8 0.004593606460514596 0.004593606460514576 2.4003717621504205e-12 0.004593606460514576
1.3 0.008 8.887407033160368e-8 0.0046912648284338915 0.004691264828433875 1.7532730555642848e-12 0.0046912648284338715
1.3 0.011313708498984762 8.469304530569579e-8 0.004850403910247382 0.004850403910247363 1.2497640832132129e-12 0.004850403910247361
1.3 0.016 8.582824520311713e-8 0.005110760833503194 0.005110760833503175 7.218189112567244e-13 0.005110760833503174
1.3 0.022627416997969524 7.918777825564412e-8 0.005538118633761859 0.0055381186337618415 3.447902856184836e-13 0.00553811863376184
1.3 0.032 7.250187568720592e-8 0.006241422717009943 0.006241422717009927 1.1647832281216432e-13 0.006241422717009922
1.3 0.04525483399593905 6.541062643845057e-8 0.00740101958274818 0.007401019582748167 2.7239825303668212e-14 0.007401019582748169
1.3 0.064 1.1827654625776368e-8 0.009315007275466752 0.009315007275466752 3.477484366718509e-15 0.009315007275466754
1.3 0.0905096679918781 9.825194916184507e-10 0.012474756181444493 0.012474756181444493 5.986863557045297e-16 0.012474756181444498
1.3 0.128 2.9346292906446474e-11 0.017686713452224154 0.017686713452224154 5.399932647484111e-16 0.01768671345222416
1.3 0.1810193359837562 2.249664210415536e-13 0.026266214964544905 0.02626621496454489 3.6305081473613027e-16 0.02626621496454489
1.3 0.256 3.8989333256377926e-16 0.04034058773497706 0.04034058773497706 3.5269201212208465e-16 0.04034058773497706
1.3 0.3620386719675124 1.4189603991485728e-16 0.06331334181373906 0.06331334181373906 1.2758308345410186e-16 0.06331334181373907
1.3 0.512 1.9562427262592713e-16 0.10055844727591026 0.10055844727591028 1.7320133721959184e-16 0.10055844727591025
1.3 0.7240773439350248 1.48176820313703e-16 0.1604339826533159 0.16043398265331593 1.4879161507179315e-16 0.16043398265331588
1.2 0.001 0.9667648487605753 0.005050566779528643 0.003920621830475116 9.501246063883916e-12 0.003920621830475115
1.2 0.0014142135623730952 8.287140215780166e-8 0.003928813899347829 0.003928813899347816 8.487478125764281e-12 0.003928813899347816
1.2 0.002 8.391874458515848e-8 0.003941835261421983 0.00394183526142197 8.08176433193463e-12 0.003941835261421972
1.2 0.0028284271247461905 8.220073827885889e-8 0.003962674542561981 0.003962674542561969 7.54418635021389e-12 0.003962674542561967
1.2 0.004 8.183868828370187e-8 0.003996232458193886 0.003996232458193875 6.849060358073221e-12 0.003996232458193875
1.2 0.005656854249492381 8.042613406354771e-8 0.004050571334425958 0.004050571334425945 5.9805950731437245e-12 0.0040505713344259455
1.2 0.008 7.590176572767122e-8 0.00413899063868021 0.0041389906386801985 4.946194761024166e-12 0.004138990638680198
1.2 0.011313708498984762 7.935413526026604e-8 0.004283476002268506 0.004283476002268492 3.489670946052282e-12 0.004283476002268491
1.2 0.016 7.211715624249579e-8 0.004520429170771706 0.004520429170771695 2.404528108055165e-12 0.004520429170771694
1.2 0.022627416997969524 6.894879741551025e-8 0.004910177001573496 0.004910177001573485 1.3112416362939486e-12 0.004910177001573483
1.2 0.032 7.059862456466405e-8 0.005552718333686469 0.005552718333686456 5.81228155535358e-13 0.005552718333686456
1.2 0.04525483399593905 6.25610955222166e-8 0.006613710347293262 0.00661371034729325 1.756909505767192e-13 0.006613710347293249
1.2 0.064 5.7288462454912833e-8 0.008367129679586565 0.008367129679586553 3.56550056692062e-14 0.008367129679586548
1.2 0.0905096679918781 3.535971622204433e-8 0.011264788222285573 0.011264788222285573 4.183420809446546e-15 0.011264788222285575
1.2 0.128 2.6593331427637197e-9 0.016048452715610156 0.016048452715610152 3.8765067640169487e-16 0.016048452715610156
1.2 0.1810193359837562 8.103632105476302e-11 0.023928232036462875 0.02392823203646288 1.5185787785206796e-16 0.02392823203646287
1.2 0.256 7.951606815132377e-13 0.03686151024879086 0.03686151024879086 3.564316742202831e-16 0.03686151024879088
1.2 0.3620386719675124 1.8717722166039676e-15 0.057980012924351565 0.05798001292435158 1.3433497547984096e-16 0.057980012924351565
1.2 0.512 1.4339244704007275e-16 0.0922283272522767 0.09222832725227667 1.4020956530338315e-16 0.09222832725227666
1.2 0.7240773439350248 1.4677981049778903e-16 0.14729571426071206 0.14729571426071209 1.66781331885717e-16 0.14729571426071209
1.1 0.001 6.889235779739568e-8 0.0034695465388490184 0.0034695465388490084 1.006210272497285e-11 0.0034695465388490106
1.1 0.0014142135623730952 6.850853988190618e-8 0.00347683819514793 0.0034768381951479238 9.784425390390935e-12 0.0034768381951479216
1.1 0.002 7.148432277064718e-8 0.0034884726704622632 0.0034884726704622537 9.40625058792184e-12 0.0034884726704622546
1.1 0.0028284271247461905 6.787565474759764e-8 0.0035071562372055226 0.0035071562372055174 8.898873152020948e-12 0.003507156237205514
1.1 0.004 6.686932538029315e-8 0.0035373345252486467 0.003537334525248639 8.23186136598541e-12 0.0035373345252486393
1.1 0.005656854249492381 6.970994270679326e-8 0.003586332483380779 0.0035863324833807723 7.37886024994546e-12 0.003586332483380773
1.1 0.008 6.902903398554805e-8 0.0036662492655867105 0.003666249265586701 5.75725007971285e-12 0.0036662492655867005
1.1 0.011313708498984762 6.840181491315826e-8 0.003797108913067904 0.003797108913067893 4.638659170502233e-12 0.003797108913067895
1.1 0.016 6.53262512888616e-8 0.004012097169080207 0.004012097169080197 3.4316285037872585e-12 0.004012097169080196
1.1 0.022627416997969524 6.36272619825645e-8 0.004366255440645854 0.004366255440645847 2.038345838163456e-12 0.004366255440645847
1.1 0.032 6.139288886060062e-8 0.004950882293766357 0.004950882293766346 1.0219012839125773e-12 0.004950882293766347
1.1 0.04525483399593905 5.733734612363042e-8 0.005917304989600863 0.005917304989600852 4.066310133882561e-13 0.005917304989600853
1.1 0.064 5.099340816508635e-8 0.007515910914974595 0.007515910914974583 1.18654823993675e-13 0.007515910914974588
1.1 0.0905096679918781 4.356670254524059e-8 0.01015975557668411 0.010159755576684106 2.0156617649701256e-14 0.010159755576684106
1.1 0.128 3.2235603871692625e-8 0.014527159507310566 0.014527159507310566 1.990733968079542e-15 0.014527159507310566
1.1 0.1810193359837562 2.4594243959784815e-9 0.02172494680153323 0.021724946801533234 1.5751195540667312e-16 0.02172494680153323
1.1 0.256 6.51773955315909e-11 0.03354368527024808 0.03354368527024808 1.3899510703649524e-16 0.03354368527024807
1.1 0.3620386719675124 7.018828475748523e-13 0.052848456710951446 0.05284845671095143 1.3681691118910352e-16 0.05284845671095145
1.1 0.512 1.6785908334617234e-15 0.08416306557598485 0.08416306557598485 1.6974048848483953e-16 0.08416306557598485
1.1 0.7240773439350248 1.6204790862893652e-16 0.1345225166828394 0.13452251668283938 1.1120675690974183e-17 0.1345225166828394
