#1=α 2=ρ 3=ϕ 4=Σ 5=E 6=q0 7=q1 8=δq 9=qh0 10=qh1 11=δqh 12=ρh 13=m 
2.0 0.8 -0.030797465951544464 8.351155603256776e-5 0.03080232294149805 0.7591896604126759 0.7906161900001253 0.6563159725288479 0.08323234312847831 0.1232461821293329 1.523656351295101 0.668523620093175 17.19409692641434
2.0 0.79 -0.03270150118479792 3.8909074071485615e-5 0.032704255645842416 0.7646419904497175 0.8116637138744293 0.6731792796038434 0.07857476308274534 0.13080311152269264 1.485488383701425 0.590698110137483 14.125839299579082
2.0 0.77 -0.03605297487357176 2.096178587095507e-5 0.036054914118945514 0.7774097018852191 0.8651457317840034 0.6987202406198918 0.06801260129834169 0.14424853849726027 1.431187966034616 0.4674937557879176 10.809248873112681
2.0 0.76 -0.03751464976712954 -7.958592103089209e-5 0.0375065528694628 0.7830119385955697 0.8948491427695938 0.7092316763015436 0.06280416287562984 0.14999674766702498 1.4099765047364168 0.42023765778420596 9.829186968463743
2.0 0.75 -0.03885043149216566 -6.694085159048398e-5 0.03884308368756573 0.788146652743999 0.9255949175030795 0.7176544600624677 0.05815159579818241 0.15537934766052253 1.3934282522440626 0.38073923607634397 9.11032005275335
2.0 0.74 -0.040073877025778 -2.446836020326789e-5 0.0400710183219798 0.7925477244112212 0.9566315311505934 0.7250010980141921 0.05401874226345267 0.16030144461276485 1.379308255862014 0.34750995422061504 8.559249901532324
2.0 0.73 -0.041197645674292876 1.1320562906607262e-5 0.04119903832596637 0.796303014267713 0.9876460332633309 0.7312012994484451 0.050378499732226405 0.16482115146043697 1.367612449204225 0.3192530866792386 8.12878275454968
2.0 0.72 -0.0422330877196091 6.319558738628145e-5 0.04224120591426495 0.7995840689026567 1.0185424249189245 0.7363860790500425 0.04719621001944539 0.16901496617260925 1.3579833031200486 0.29497873128914165 7.784438543944119
2.0 0.71 -0.043190167449231015 9.045509833567123e-5 0.043202224631429025 0.8021770210473647 1.048822324481325 0.7408625252775511 0.04439290702277992 0.17287061093718134 1.3497780841666507 0.27400020813472814 7.50217562032067
2.0 0.7 -0.04407756334702795 4.935557645398374e-5 0.04408435551180322 0.8040188866247567 1.0783865778224395 0.744843199927149 0.04187114775033444 0.176379006644467 1.342564448595097 0.25560985157435645 7.266545804910018
2.0 0.69 -0.044902772412377806 -7.809739841618979e-5 0.04489172879414142 0.80549831010113 1.1074947297713944 0.7481208155514558 0.039609966934425714 0.17959177930348955 1.3366824972820441 0.23927132098094936 7.071722033895049
2.0 0.68 -0.045672311675609034 4.835029499016738e-5 0.04567932892038887 0.8062754948490406 1.1358993263017516 0.7514846462851805 0.03763760426864201 0.18275145376445143 1.3306991765477925 0.22496724213660899 6.890210689118313
2.0 0.67 -0.04639179951063971 -7.854498714636431e-5 0.046380151590702606 0.8066243884783193 1.1634038688514177 0.7542897331415022 0.03582067930046507 0.1854974160053757 1.3257505121210569 0.21201541410942312 6.743262966306471
2.0 0.66 -0.04706614939916709 1.4615029539944174e-5 0.04706836177764919 0.8066254427815996 1.190286809534074 0.7568450018643906 0.03425018852674196 0.18826793317106014 1.3212744981292444 0.2005273306631139 6.606025893934377
2.0 0.65 -0.047699620861326425 -9.865290405567513e-5 0.04768442395766907 0.80627144927816 1.2165226460218195 0.7590685365351915 0.03276749096367436 0.19069367054869166 1.3174040970852943 0.1899322091691856 6.491645027172762
2.0 0.64 -0.04829596206317449 -9.574226613764154e-5 0.04828096819586378 0.8055836346017271 1.2420388898288177 0.761097478581731 0.03145556325864086 0.1930809429895319 1.3138921467240365 0.1803807084677088 6.3854283990646605
2.0 0.63 -0.04885844725836033 -9.811149990952755e-5 0.048842847811936436 0.80453490800966 1.2668895247671585 0.7629895329306002 0.030249521074193212 0.19532409538114412 1.3106339691962188 0.17161850602132045 6.289421896358831
2.0 0.62 -0.049389968008851065 -9.843228341608732e-5 0.04937409732349347 0.8031647114775534 1.2910600647150638 0.7647328141926577 0.029142332460719872 0.1974461905196456 1.3076462542747296 0.16355687533908814 6.20214446939193
2.0 0.61 -0.049893080050167765 -9.739035613749519e-5 0.04987717272337012 0.8014877608881859 1.3145643809328003 0.766348052823588 0.02812110262687498 0.1994566628193972 1.3048901165932745 0.1561065684149708 6.1223584186314115
2.0 0.6 -0.0503700512593748 -9.54423943397739e-5 0.050354273191831514 0.7995177260867387 1.3374184238604363 0.7678523800007993 0.02717498616218412 0.20136403237058784 1.3023336594971033 0.14919274980096375 6.049054745008774
2.0 0.59 -0.05082290088315858 -9.778213158491406e-5 0.0508065541249336 0.7973058020326589 1.359658061487844 0.7692375953961603 0.026296421493728756 0.20317432841698843 1.2999884638828612 0.14275050695089497 5.981744529353371
2.0 0.58 -0.051253432942514 -9.537013713354885e-5 0.051237320753240494 0.7948024780418474 1.3812688382664111 0.7705525555090045 0.025475422804820586 0.20489840169002346 1.2977700130258194 0.1367304412985827 5.919129642448688
2.0 0.57 -0.05166326354099876 -9.204904400917364e-5 0.051647557653009275 0.7920246401118523 1.402275425716704 0.7718027300337029 0.02470483025011684 0.20653945543847027 1.2956678709290554 0.13108391527538732 5.860798451561489
2.0 0.56 -0.05205384551865916 -8.8520912962277e-5 0.052038600029382286 0.7890001298174455 1.4227031192151918 0.7729861556025215 0.023980140166162303 0.20810407643789827 1.2936842306322145 0.12577207836983476 5.806367467429249
2.0 0.55 -0.05242648817513848 -8.501367451248102e-5 0.05241171712316678 0.7857378801899811 1.4425691324353471 0.7741103190884067 0.0232963842076563 0.20959718708413175 1.2918055415894745 0.12076093426960367 5.755424507025704
2.0 0.54 -0.05278237472636338 -8.157893610377038e-5 0.0527680817260098 0.7822468198651531 1.4618904887159405 0.7751814268793389 0.022649336589483166 0.21102342592227427 1.2900205878586568 0.1160211079809237 5.707614502601981
2.0 0.53 -0.053122577119806114 -7.824994471980903e-5 0.053108758466363266 0.7785353622689032 1.4806836237020686 0.7762048039058458 0.022035335076890483 0.21238701372050525 1.288319777161931 0.11152701590311231 5.662631677062037
2.0 0.52 -0.05344806879372793 -7.504505294227766e-5 0.05343471608288258 0.7746114187233301 1.4989643040135319 0.7771850578616029 0.021451191385915017 0.21369179548091918 1.2866948352705911 0.10725627603136445 5.620211042645092
2.0 0.51 -0.053759735689912796 -7.197520274483062e-5 0.05374683718955213 0.7704824562190263 1.5167475907557688 0.7781261903394361 0.02089411989293782 0.21494127997456755 1.2851385963037392 0.10318922447349888 5.580121776351173
2.0 0.5 -0.05405838578974731 -6.904663493748467e-5 0.05404592735996592 0.7661555425427701 1.5340478216914781 0.7790316896577316 0.020361677558109855 0.216138671960131 1.283644828927756 0.09930851428419096 5.542161905557237
2.0 0.49 -0.05434475739882877 -6.625902193185812e-5 0.05433272376796897 0.7616373870319687 1.5508786060284092 0.7799046115869057 0.019851715249740276 0.21728690683397997 1.2822080869162418 0.09559878554610268 5.506153770531936
2.0 0.48 -0.054619526365898674 -6.361161617888439e-5 0.05460790130964296 0.7569343767798589 1.5672528335021765 0.780747642198409 0.019362335556111065 0.2183886749551611 1.2808235926069858 0.09204638631565842 5.471940503307551
2.0 0.47 -0.05488331251406753 -6.30009356802238e-5 0.05487173048267152 0.7520969122190683 1.583193812436524 0.7815497732746381 0.01889387911425868 0.21944625731018516 1.2795090398530493 0.08864018487353409 5.439541089652416
2.0 0.46 -0.05513668463296681 -5.968653906829518e-5 0.05512564881127309 0.747023407072575 1.5986860605411066 0.7823484486825123 0.01843994809779639 0.22046189310787054 1.2782028285273856 0.085366800025799 5.408436338026621
2.0 0.45 -0.0553801662984838 -5.716256748963062e-5 0.05536953896189354 0.7418020595739285 1.6137607909398337 0.7831150737606052 0.018003010358919286 0.22143857261180952 1.2769515407204328 0.08221840360533861 5.3788234713494285
2.0 0.44 -0.055614239298728 -5.4898509580777594e-5 0.05560397892343032 0.7364182767959628 1.6284235240970626 0.7838599981600947 0.01758091397759763 0.22237735279873047 1.2757380174358142 0.07918559237518608 5.35053621217847
2.0 0.43 -0.055839347831943054 -5.276350729159818e-5 0.05582943636959426 0.7308779610411094 1.64268400172039 0.7845844563962947 0.01717265003394091 0.22328018474127018 1.2745600449353003 0.07626048432574084 5.323483602601398
2.0 0.42 -0.05605590176218317 -5.0747370867426166e-5 0.056046322422768156 0.7251863109733665 1.6565512231606017 0.7852897501429568 0.016777269918383002 0.2241487152110366 1.2734153219470332 0.0734358796412593 5.297585633921232
2.0 0.41 -0.056264278932044054 -5.458752808253228e-5 0.05625392620911772 0.719305518207255 1.6700289317065122 0.7860306663345775 0.01639120317147381 0.2249667245157738 1.2722149946937875 0.0707021295732745 5.272770117673452
2.0 0.4 -0.05646483057544549 -5.247626962443421e-5 0.05645483313419819 0.713327971055073 1.683134627531758 0.7866998099455551 0.01601930863766924 0.2257715873033028 1.271132886213875 0.06805978352897313 5.248970044070519
2.0 0.39 -0.05665787945856565 -5.049521707524051e-5 0.05664821739160061 0.7072147294290584 1.695870878942216 0.7873527359147139 0.01565799596113322 0.22654637269470254 1.2700787771293407 0.06550000299443415 5.226129901388486
2.0 0.38 -0.056843724863752276 -4.862029590849904e-5 0.05683438234261269 0.7009701536475856 1.708244472493412 0.7879905157813192 0.015306618577636412 0.22729225950257612 1.2690508070499642 0.06301780471718033 5.204194369171856
2.0 0.37 -0.05702264375338795 -4.684021803428588e-5 0.05701360667423838 0.6945992506686055 1.7202618321517664 0.7886138815523309 0.014964617314153892 0.2280103655660781 1.2680476762995465 0.06060863472923117 5.18311472756537
2.0 0.36 -0.057194892463887925 -4.51481148327005e-5 0.05718614765367967 0.6881070694223481 1.73192893239281 0.7892234926452786 0.01463148713354013 0.22870172033950806 1.2670682123871555 0.058268306807551795 5.162846735094737
2.0 0.35 -0.05736070823038292 -4.353760869482171e-5 0.057352243395713855 0.6814987581485241 1.7432513173560205 0.789819930931392 0.014306773574896006 0.22936727696043488 1.2661113765776388 0.055992966214169014 5.143350153540854
2.0 0.34 -0.05752031055817314 -4.2003681666724726e-5 0.057512114059542686 0.6747796041149431 1.7542341199329827 0.7904037078428092 0.013990068391519714 0.23000791689042896 1.2651762511707176 0.053779056004676924 5.124588383468251
2.0 0.33 -0.05767390245847037 -4.054014983337725e-5 0.057665963571426226 0.6679550785333199 1.7648820773402405 0.7909752677343369 0.013681006201798834 0.23062445660970707 1.2642620329512853 0.05162328788110848 5.106528107522775
2.0 0.32 -0.05782167161332996 -3.887448329815722e-5 0.057814032949762194 0.661068963569088 1.7752037111581813 0.7915314961572442 0.013380744148221971 0.23121811124626743 1.2633736052890352 0.04952367206101371 5.089173381348283
2.0 0.31 -0.05796379116891209 -3.7589653160346496e-5 0.057956380583951084 0.6540507911786192 1.7851943746451737 0.7920800926649889 0.013085981324454517 0.23178852647243173 1.2624985898022696 0.04747520984538234 5.072427258863198
2.0 0.3 -0.05810042099022461 -3.62814342499015e-5 0.05809324549657966 0.6469452737178507 1.7948621843541228 0.7926173014341393 0.012798005549223465 0.2323370610457509 1.2616429116430172 0.04547640655383489 5.056298011696873
2.0 0.29 -0.0582317082334608 -3.502382515623774e-5 0.05822476011642539 0.639759164778097 1.8042104253093127 0.793143452074601 0.012516588765065468 0.232864187998949 1.2608059707034485 0.043524796456972936 5.040764998308204
2.0 0.28 -0.05835778816815829 -3.381473898349404e-5 0.0583510599485088 0.6324996564388705 1.813242041966622 0.7936587193447902 0.012241543459220199 0.23337044602333987 1.2599874172938665 0.041618093375550565 5.025807828091536
2.0 0.27 -0.05847878445960969 -3.630489503013649e-5 0.058471540009784564 0.6251696320038203 1.8219589444040114 0.7942152888330245 0.01197235164694825 0.23383981074820423 1.2591044444250663 0.039753732839598044 5.011408168529862
2.0 0.26 -0.058594811380065115 -3.497485931231201e-5 0.05858781297769387 0.6177895948961001 1.8303648704916906 0.7947073729925984 0.011709723532389964 0.23430636160171045 1.2583248048075095 0.037930667225127834 4.997549077205604
2.0 0.25 -0.05870597193294491 -3.369346800476325e-5 0.058699211900853816 0.6103619566577361 1.83846109266177 0.7951886481884962 0.01145310696774943 0.23475342445511413 1.2575632238690542 0.03614648695637879 4.984217168014175
2.0 0.24 -0.058812360034113775 -3.195435112119507e-5 0.05880593234272374 0.6028710086779501 1.846247626383336 0.7956648079950908 0.011201679290324715 0.23518099305785964 1.2568106443211802 0.03439906238789092 4.971357394462932
2.0 0.23 -0.058914060508549526 -3.065671040425248e-5 0.058907878524218506 0.5953780016504702 1.8537291477982603 0.7961240005413819 0.010956925658610827 0.2355903740425269 1.2560857345337884 0.03268745646234367 4.959040457352994
2.0 0.22 -0.05901114957178294 -2.9482140265384533e-5 0.0590051902352516 0.5878704134495695 1.8609050101595561 0.7965724981427047 0.010718094245938581 0.23598109667455344 1.2553785152407426 0.031009706154438987 4.947218555346193
2.0 0.21 -0.05910369521518971 -2.833514541413558e-5 0.05909795457047174 0.5803619041824508 1.8677759656887458 0.7970097222934047 0.010485244551821768 0.2363536252159015 1.254689838817134 0.029364330523806666 4.935882084016604
2.0 0.2 -0.05919175756348333 -2.7208144041525423e-5 0.059186233094988196 0.5728676331603781 1.8743424614655047 0.7974353525346496 0.010258466564884047 0.23670821391874594 1.2540201494973862 0.027749908055874073 4.92502474500551
2.0 0.19 -0.05927538922615294 -2.609672450160152e-5 0.0592700792309524 0.5654044602251639 1.8806046397816485 0.7978490215961931 0.010037891194292032 0.23704507856603382 1.253369964657448 0.026165079947126912 4.914641824711605
2.0 0.18 -0.05935463562775395 -2.499602556643672e-5 0.05934953931770364 0.5579911921431303 1.8865623377839746 0.7982502904548219 0.00982369436323593 0.23736440627475372 1.252739913730851 0.02460854218799824 4.904730151754889
2.0 0.17 -0.05942953532750073 -2.3900594161244637e-5 0.059424652960278254 0.5506488231178993 1.8922150912558622 0.798638642933597 0.009616100396207562 0.2376663569947368 1.2521307462994185 0.02307903664688915 4.895288099435843
2.0 0.16 -0.0595001201897849 -2.2751041040514834e-5 0.05949546416590367 0.543473550744798 1.8975642729495905 0.7990066660479953 0.009417426094840031 0.23795183844432796 1.2515540138684278 0.02157616365217052 4.886366913244714
2.0 0.15 -0.059566416267385625 -2.1777793689592214e-5 0.05956195165408688 0.5363477481962314 1.9026043485610864 0.7993678000270741 0.009223929802753177 0.23821913482935383 1.2509885936938292 0.0200970366631692 4.877867853796094
2.0 0.14 -0.05962844332397976 -2.0668546878441962e-5 0.059624199128529294 0.5293690249556262 1.9073362244219982 0.7997137812834194 0.009037980561431565 0.23846960484075194 1.2504473768041757 0.018641335194136136 4.8698386112635506
2.0 0.13 -0.059686215682706545 -1.9533460116220102e-5 0.05968219834340846 0.5225717177597505 1.9117583062935275 0.8000438876075315 0.008860082888052729 0.23870310886797694 1.2499314293749835 0.017207901546911764 4.862287864391478
2.0 0.12 -0.05973974250981856 -1.837443068463978e-5 0.059735958042166824 0.5159914187486949 1.9158686604214599 0.8003571853642861 0.008690757132079275 0.2389196699148499 1.2494421469394879 0.015795559136666526 4.85522202210095
2.0 0.11 -0.05978902802753783 -1.7117963020949523e-5 0.05978549760036862 0.5097406441488038 1.9196662558789124 0.8006461837099232 0.008532504714321414 0.23912008312310104 1.2489911528290063 0.014403665657303222 4.848694563158844
2.0 0.1 -0.05983407278658348 -1.6014366881335173e-5 0.059830765827017185 0.5037161637421733 1.923146175596134 0.8009230358579082 0.008382152148442776 0.23930254922088776 1.2485594186073727 0.013029840423284256 4.842625547814671
2.0 0.09 -0.05987486785774193 9.06671559369919e-5 0.05989362317136245 0.49816388913533577 1.926293481675986 0.8012462125519342 0.008254544343427043 0.2395791497522559 1.248055821462227 0.011680534345748228 4.83421166776921
2.0 0.08 -0.059911414418883036 -6.594892046828423e-5 0.05989777229375476 0.4936675443377331 1.9291668497859895 0.8012084260966978 0.00813214711372554 0.23959236065129727 1.2481146820581606 0.010334961372038265 4.83421166776921
2.0 0.07 -0.05994371032368534 -1.689493706778051e-5 0.05994021069623333 0.4879292687722963 1.931660536665529 0.8016457766703131 0.007997759711611532 0.23973792147025105 1.247433753288843 0.009007317931186698 4.827638741395719
2.0 0.06 -0.059971724141566984 6.59413683525418e-5 0.05998540019097083 0.48389140356996396 1.9338383320086505 0.8018359724119017 0.00790852742761183 0.2399480569237333 1.2471378616152935 0.00769921870058532 4.821667895846912
2.0 0.05 -0.05999545689800628 -4.0419199718796785e-5 0.059987074072686934 0.4806109027481934 1.9357159264315225 0.8018292245534528 0.007822626638906996 0.23994897347945351 1.2471483570044601 0.006395610133158591 4.821667895846912
2.0 0.04 -0.06001489650768049 6.710439140014556e-5 0.06002883134154914 0.47702737869017886 1.9372169995227697 0.8021347870640025 0.007747094199296783 0.24012200183776142 1.2466732725309546 0.0051060764820753946 4.815586036595976
2.0 0.03 -0.06003002988272005 -1.851265770682472e-6 0.0600296454506371 0.47485314397946293 1.9384176354656346 0.8021396222905448 0.007691116986779388 0.240119360095381 1.2466657576949718 0.003821626670119649 4.815586036595976
2.0 0.02 -0.06004084341893923 -5.128119345738996e-5 0.060030194415252515 0.4732252736096668 1.9392772067131299 0.802129549045957 0.007649471403483356 0.24012123541750083 1.2466814134816364 0.0025438726558579816 4.815586036595976
2.0 0.01 -0.0600473332388628 -8.15105140121096e-5 0.060030406843322844 0.4722151012570004 1.9397935791654712 0.8021249312330396 0.007623727597871195 0.24012164022702007 1.2466885905949632 0.001270748890003226 4.815586036595976
2.0 0.0 -0.06004949633324175 -9.043425313078503e-5 0.0600307168425539 0.47195668357136106 1.9399654802469422 0.8021253362391221 0.007617156511420129 0.24012188675204268 1.246687961121689 0.0 4.815586036595976

2.5 0.77 -0.0676982586399878 4.7553928048448464e-5 0.06770061918012905 0.6836943357057985 0.6942929415196446 0.41460326649316137 0.23013308860492152 0.27083137990949185 2.41194433526368 1.2258882446605772 20.145358775007388
2.5 0.76 -0.0722082999202871 -4.045250240632063e-5 0.07220570886437486 0.6851397925602418 0.7015555640267975 0.4245141448343386 0.23202038026021682 0.28882028427212875 2.3556341105906733 1.116328627797647 15.61236182329141
2.5 0.75 -0.07655445189327115 3.4019116522877895e-5 0.07655718346217608 0.6885091024542207 0.7130525473507277 0.4345025269558871 0.2300071323987381 0.3063226591132339 2.3014825874684135 1.0132834656027823 12.454057615567399
2.5 0.77 -0.0676982826770817 7.564681743172897e-5 0.06770204263287655 0.6836862904778707 0.6942922908902754 0.4146991526438182 0.23013757821787184 0.27085704903950786 2.411386648910975 1.225954519112303 20.119070956978263
2.5 0.77 -0.06769829281655554 5.330597748346997e-5 0.06770093292618272 0.683712155850626 0.6942910662138678 0.41447301365750633 0.23021204612125923 0.27085045615354847 2.4127023160700345 1.2259782196322175 20.190819704861028
2.5 0.76 -0.0722084015157084 -3.373785962657269e-5 0.07220624066378244 0.6851242146957857 0.7015333338864286 0.42452527582401167 0.23204036085060134 0.2888223161121028 2.355572346214205 1.1164575595898338 15.613221443464903
2.5 0.75 -0.07655402756860313 -4.273514041141413e-5 0.07655059420830694 0.6883263478878628 0.7128353678296311 0.43464171296525933 0.22996038958409354 0.3061920297101061 2.3007455800265793 1.0139160212824931 12.447030525401777
2.5 0.74 -0.08069994860420837 -8.898703956921504e-5 0.08069128664054817 0.6927242072201072 0.7277171411229408 0.4441732566198411 0.2246922567527009 0.3227206925859871 2.251373726572374 0.920779926103926 10.273310193863935
2.5 0.73 -0.0846277777868551 -7.470941657690073e-5 0.08461922962803423 0.6976415377254641 0.7454435434122799 0.4529822176318259 0.21727150663312522 0.3384609514323067 2.207592177079176 0.8383448298678042 8.739825515934324
2.5 0.72 -0.08833377425788655 9.601184692286284e-5 0.08834636109350356 0.7024890834971169 0.7651114012298301 0.46119004820482523 0.20884145861979705 0.35346651831164033 2.1683035093503977 0.766878986268593 7.627957482266078
2.5 0.71 -0.09182427746809987 -8.417683684386969e-5 0.09181197207755683 0.707038183368258 0.7859054728616226 0.4680035126733797 0.1999253084028477 0.3671882790115544 2.1367360990256064 0.7047098662122525 6.840647320327135
2.5 0.7 -0.09511108969078841 -7.20148753504049e-5 0.09509953886646869 0.7111053818744487 0.8075072423123374 0.47417012827752814 0.19125921797212864 0.3803466899002239 2.108947696963963 0.651042845944971 6.234609180873946
2.5 0.69 -0.09820830446506262 -7.940438129722504e-5 0.09819454285469871 0.7148189911393228 0.8296784186089762 0.47934778766797814 0.1830162008444764 0.39282186200390035 2.0861679676566167 0.6041577813458568 5.769991970230861
2.5 0.68 -0.10113051285034225 -5.798229850984418e-5 0.10111976646218879 0.7177472078621182 0.8516886752322818 0.4841945079516883 0.17530915020741145 0.40451828878240725 2.0652857138556775 0.5634373701407513 5.395515002980522
2.5 0.67 -0.10389171438282296 -3.242480233253059e-5 0.10388534626475801 0.7201785765387186 0.8736938348242349 0.4884660511850689 0.16815972397618903 0.41560000846319056 2.0472251808982387 0.527506780834755 5.091740134495822
2.5 0.66 -0.10650493100100933 -1.9355377575159977e-5 0.10650093314824921 0.7221339513585141 0.895515889285424 0.4922453239776905 0.1615796533361374 0.42608079148243044 2.0315073628720173 0.4956204608011493 4.841443328840401
2.5 0.65 -0.10898205630304059 -6.569800995932287e-7 0.10898191442021905 0.7236012914462808 0.9170529728764781 0.4956569755635347 0.15552272210457077 0.43602209956472565 2.0175243148006814 0.4671474387478447 4.630441462141232
2.5 0.64 -0.11133384161034682 2.1817651472488367e-5 0.11133874434131198 0.7246199261373175 0.9382509741865659 0.49875082920827696 0.14994883655469454 0.44546638677811495 2.005009197854187 0.44155266625267586 4.450101714230297
2.5 0.63 -0.11356995647666146 6.144711583542399e-6 0.11357138728696585 0.725161876052913 0.9589995079778765 0.5015820901319592 0.14476981233409275 0.4543699645420673 1.9936916003857224 0.4183784740202644 4.294567605985478
2.5 0.62 -0.11569907386420852 1.2701143693581938e-5 0.11570212802622201 0.7253886533584973 0.9794145332257498 0.5041487491877934 0.140018300257769 0.46289871842575264 1.9835415670693348 0.3972959393186426 4.158634557528074
2.5 0.61 -0.11772898167083362 1.5154702289324198e-5 0.11773273407817463 0.7252532500804664 0.9994058684295613 0.5065125647666107 0.1356143654064427 0.4710223671516855 1.974284686226445 0.37800807674376335 4.038661294503748
2.5 0.6 -0.11966667185644908 3.978552060729386e-5 0.11967679059359607 0.7248485927818425 1.0190089592938287 0.5086722919859175 0.13156566917833698 0.4788306803560349 1.9659022434579263 0.36030160947275736 3.931866203199626
2.5 0.59 -0.12151844833588915 3.772574630085728e-5 0.12152828291051483 0.724059872670418 1.038131343287527 0.5107040092285984 0.12775088986975727 0.4862354380102962 1.9580813581441578 0.3439245927593093 3.836032338637775
2.5 0.58 -0.12328997100003758 -6.00525283931953e-5 0.12327396527296643 0.7230732473596135 1.0568461249213603 0.5125105674790333 0.12415093330754577 0.49317199149467855 1.9511792799099856 0.3286479480549276 3.75194004784877
2.5 0.57 -0.12498640054789062 1.0661718513987523e-5 0.1249893050995108 0.7215634349622447 1.0750838375375926 0.5144269110138406 0.12079854904388528 0.5000354406509143 1.9439107453169289 0.3145535785892271 3.670693417847999
2.5 0.56 -0.1266123375765162 6.287437941273305e-5 0.12662981706976387 0.7198237842478804 1.0928996335429473 0.5162069249447323 0.11765011978214779 0.5065938929738055 1.9372076422784617 0.3013710561228234 3.5970367402430026
2.5 0.55 -0.12817199759761505 -9.271077132581158e-5 0.1281457590173547 0.7178566824772079 1.1102172269174158 0.5177794634046049 0.11455786232763047 0.5125205515127406 1.9313241846723779 0.2888447903838522 3.5333760594472614
2.5 0.54 -0.12966922150719734 1.51085741816436e-5 0.1296735749330987 0.7157208714893576 1.1272291509861194 0.5193344687847974 0.11182680716913032 0.5187004614715106 1.9255413613117631 0.2772821417448834 3.4705022030908927
2.5 0.53 -0.13110748256408344 2.099612395899532e-5 0.13111363198641732 0.7134454711873441 1.1438408699195917 0.5207489596773103 0.1091975185070453 0.524466706536275 1.9203110854406003 0.2662970586890523 3.41432460140871
2.5 0.52 -0.13248997162540777 2.6310000492950018e-5 0.13249779731212685 0.7109315565444144 1.1600387605579747 0.5221123964583674 0.10669006234269003 0.5300009993658427 1.915296412771036 0.2559038479377218 3.362005334148921
2.5 0.51 -0.13381960175134794 3.0007546969186522e-5 0.13382865841576805 0.7082273128326585 1.1758414425868136 0.5234111600495188 0.10430435219772319 0.5353221018827846 1.9105439018636763 0.2460484785744843 3.3133111239671558
2.5 0.5 -0.1350990435122128 3.0231453309213262e-5 0.1351082940232673 0.7053918904195333 1.1912700665736389 0.524628164291236 0.10204317689905748 0.5404478049808591 1.9061119247209752 0.23668424158074242 3.2680846637690055
2.5 0.49 -0.13633074851591315 3.193082946087046e-5 0.13634064796553744 0.7023334171774397 1.206301629741844 0.5258150292189829 0.09986887656422137 0.5453759067408636 1.901809466126037 0.22776159341444946 3.225515626901419
2.5 0.48 -0.1375169724118589 3.280128485251133e-5 0.13752726928937256 0.6991070551731406 1.220957299128496 0.5269540988705912 0.09778585775544733 0.5501210558062074 1.897698494315307 0.21924440379184063 3.1855564766093516
2.5 0.47 -0.13865979314284016 3.320970947596238e-5 0.13867034275635037 0.6957190125812642 1.2352434962925867 0.5280497216103726 0.09578616115154585 0.5546920953669597 1.8937610589971323 0.21109852160222653 3.147955083265461
2.5 0.46 -0.1397611278862888 3.325563033513753e-5 0.13977181243482495 0.6921757536270229 1.2491666930252607 0.5291054786750657 0.09386272805916086 0.5590968184393529 1.8899823197901908 0.20329349867370672 3.1124974745202842
2.5 0.45 -0.14082274790598726 3.301391871534751e-5 0.14083347020312292 0.6884833885214554 1.2627331886651134 0.5301245280249498 0.0920092489424611 0.5633423973139261 1.88634923897152 0.1958021896432404 3.0789968136143093
2.5 0.44 -0.1418462917528096 3.254989288193494e-5 0.14185697334249592 0.6846477555865875 1.2759490822312403 0.5311096579310663 0.09022009105828405 0.5674354577739348 1.8828503399759142 0.1886003271972525 3.047289199251469
2.5 0.43 -0.1428332767062538 3.377137124758782e-5 0.1428444698707969 0.680651270452677 1.2888156025863717 0.5320714286310317 0.08848528557453463 0.5713824083181106 1.8794469054143788 0.18166533585384226 3.017142392348759
2.5 0.42 -0.14378511034934605 3.279336420211864e-5 0.14379608312545433 0.6765462023890453 1.3013479827192689 0.5329954728118667 0.08681030325191809 0.5751880727544733 1.8761885438245978 0.17497920510450837 2.9886114396659225
2.5 0.41 -0.1447030980916978 3.185217354619787e-5 0.14471385356849403 0.6723134522819307 1.3135465372366328 0.5338924412891553 0.08518596422056185 0.5788584890309422 1.8730364445418353 0.1685235753075276 2.961484102436582
2.5 0.4 -0.1455884526733815 3.0835623117988196e-5 0.14559895647440027 0.6679589384063844 1.3254165534864315 0.534763827617589 0.08360877095041483 0.5823983289798828 1.869984371334671 0.16228246938476687 2.9356632958748627
2.5 0.39 -0.14644230125787416 2.9768727299492723e-5 0.14645252734040168 0.6634877297675024 1.3369629086997898 0.5356111808555801 0.08207548610417492 0.5858121250729152 1.8670259989767373 0.15624142350983972 2.9110587773368644
2.5 0.38 -0.14726569211569862 2.8664039730329512e-5 0.14727561874695846 0.6589049032011027 1.3481902281145641 0.5364358697811547 0.08058322147654293 0.5891040851385697 1.8641557291982782 0.15038729585192812 2.887589856015438
2.5 0.37 -0.14805960061768708 2.753624106733929e-5 0.14806921125372155 0.6542155345626334 1.3591028706512205 0.5372391141945696 0.07912939820744253 0.5922781243922203 1.861368566767896 0.1447081180307174 2.8651840490661806
2.5 0.36 -0.14882493462811286 2.6393199809459606e-5 0.1488342156677856 0.6494247575334394 1.369704936045467 0.5380219936290813 0.0777117202723257 0.5953378790224394 1.8586600768023835 0.139192963835022 2.843776208282886
2.5 0.35 -0.14956253936350788 2.5245261447615557e-5 0.14957148109611634 0.6445377903815547 1.380000263565646 0.5387854629398094 0.0763281509548311 0.5982867393033996 1.8560263199078089 0.133831838427384 2.823307579532719
2.5 0.34 -0.150273201779897 2.4093947983118147e-5 0.1502817953282354 0.6395599824015019 1.3899924329062816 0.5395303592873351 0.07497688994004943 0.6011278531614649 1.853463818645718 0.12861557643462093 2.803725194102287
2.5 0.33 -0.1509576465761897 -9.906913420153362e-5 0.15092209357353847 0.6344567566908782 1.3996754688833821 0.5402306197398399 0.07358262394919364 0.6035928011155488 1.851061312447583 0.12347861890013578 2.786519472725741
2.5 0.32 -0.15161657882320445 2.6479599055500154e-5 0.151626149125997 0.6292811626816105 1.4090719437610115 0.5409848606804595 0.07235222358747928 0.6065014335338014 1.8484805632863444 0.11858222197513868 2.766850707806073
2.5 0.31 -0.1522506042935161 -9.347660191366505e-5 0.15221662848732262 0.6241043889871923 1.4181769663593995 0.5416347066601317 0.0710357103042412 0.6087769085644233 1.84626278136103 0.11370545261013547 2.751269576395481
2.5 0.3 -0.15286033177583963 -9.60424447475155e-5 0.1528252113993659 0.6187260771688872 1.4269789584536974 0.5423306290109584 0.06978060390382264 0.6112016396608854 1.8438936444059717 0.10898663686115251 2.73466444243062
2.5 0.29 -0.15344630613437138 -9.324981079173577e-5 0.15341200837175026 0.613383772145426 1.4355023920836416 0.542992133639721 0.06857464973729022 0.6135520040223551 1.841647305821759 0.1043843779613418 2.7188307243782046
2.5 0.28 -0.15400903448645487 -9.091355074155469e-5 0.15397540841994797 0.6079879764777167 1.443738681005321 0.5436379193731051 0.06739409490953359 0.6158085255753009 1.8394596189190562 0.09988491300017006 2.703662967029481
2.5 0.27 -0.15454898873124512 -8.859085746057935e-5 0.15451604466217744 0.6025462973371299 1.451689672050284 0.544268414808984 0.06623868582842844 0.6179739934775162 1.8373287385250137 0.09548313013127419 2.689129180690823
2.5 0.26 -0.1550666056516291 -8.625288161837868e-5 0.15503436406251017 0.5970670458127393 1.459356973705724 0.5448837454613522 0.06510814664802045 0.6200502295355957 1.8352538653053447 0.09117411304798706 2.6752056575189
2.5 0.25 -0.1555622888479981 -8.389602269882722e-5 0.15553077116239106 0.5915590401920998 1.4667419419613483 0.5454839825254665 0.06400232403636648 0.622038847042372 1.833234397406553 0.08695324838631224 2.661871298064335
2.5 0.24 -0.1560364082980712 -9.194555067872673e-5 0.15600170017096526 0.5859607114321117 1.4738407978301518 0.5461029768728558 0.06290367924969148 0.6238903438732234 1.8311564711225161 0.08281023320066971 2.6491072364147845
2.5 0.23 -0.1564893108147115 -8.892956423117117e-5 0.15645558568679455 0.5804254380916561 1.4806645945861112 0.5466723318253663 0.06184817953790369 0.625709835000432 1.8292493359979467 0.07875345087227088 2.6368933114240596
2.5 0.22 -0.15692130793146453 -8.587246944227345e-5 0.1568885973739522 0.5748953965157408 1.4872088413295694 0.5472257253554305 0.06081842543811976 0.627446210321736 1.8273994691139308 0.07477268532812831 2.625221823562501
2.5 0.21 -0.15733268646518528 -8.281903837723002e-5 0.15730100452052367 0.569379939529896 1.4934737411073462 0.5477635458006933 0.05981438485389113 0.6291001751340675 1.8256052409224315 0.07086417042334592 2.614076858659457
2.5 0.2 -0.15772370752379256 -7.974322918068924e-5 0.157693077663656 0.5638924362886492 1.499459455428743 0.5482854730406181 0.058836775413889035 0.6306728262267525 1.8238673996856345 0.06702446606332564 2.6034473819073822
2.5 0.19 -0.1580946076756724 -7.663798802368405e-5 0.15806505564952888 0.5584474444374798 1.5051659178866434 0.5487911078913488 0.057886489551497104 0.6321651190022148 1.8221869589730733 0.06325028261866539 2.593324317307045
2.5 0.18 -0.1584456001075062 -7.349274227116845e-5 0.15841715534510434 0.553060828513555 1.5105928222676597 0.5492799628214771 0.05696461209843983 0.6335779138416653 1.8205652266347359 0.05953846378164984 2.5837003393771454
2.5 0.17 -0.1587768757396752 -7.030253966644976e-5 0.15874956922031852 0.5477498614195305 1.5157396338347435 0.5497514665642169 0.05607242760787817 0.6349119799631264 1.819003787747401 0.05588596421135513 2.574569784898945
2.5 0.16 -0.1590886043165064 -6.706279223877038e-5 0.15906246844153332 0.5425333485334222 1.520605578546089 0.5502049464975658 0.055211431085251034 0.6361679974614676 1.817504561465121 0.05228982755456357 2.565928720880924
2.5 0.15 -0.1593809354895624 -6.375844474133018e-5 0.15935600817887038 0.5374316635683637 1.5251896721837759 0.5506396452731208 0.05438332867778475 0.6373465777781417 1.8160697446766552 0.04874716386382701 2.5577747045842525
2.5 0.14 -0.15965399972944694 -6.199653780911458e-5 0.15962968911153796 0.5325285593048118 1.5294926297014007 0.5510470740758258 0.05359939466539161 0.6384464510539312 1.814726993473515 0.045256351385580824 2.550183547010142
2.5 0.13 -0.15990790930196708 -6.471602433035927e-5 0.15988246103444986 0.5277372631682563 1.5335072196780666 0.551467074998818 0.05284331663933462 0.639430837431898 1.8133448855530383 0.04181163027361379 2.5430424403776466
2.5 0.12 -0.1601427617925668 -6.086933039443569e-5 0.160118762974674 0.5231180534207619 1.5372374945541432 0.5518388677053416 0.052126160899964524 0.6403818250122484 1.8121231731251592 0.038412320257918964 2.5363470261875407
2.5 0.11 -0.16035863681945106 -5.657182515389118e-5 0.16033627766452677 0.5187125173550375 1.5406800011646529 0.5521874345051241 0.05145114207374037 0.6412583964804375 1.810979275354592 0.03505518285124021 2.530141472047359
2.5 0.1 -0.160555600188788 -5.3272135467929295e-5 0.16053449817118168 0.514617381634486 1.5438341075619841 0.5525051123176119 0.05083110694295238 0.6420580472982218 1.8099380036598507 0.0317383014536432 2.524504360756192
2.5 0.09 -0.1607337056786683 -4.900081294107403e-5 0.16071425578666176 0.5107594495392132 1.5466959365625501 0.55279801797533 0.05025347143823023 0.6427867689923206 1.8089789895820991 0.028456967479939532 2.5193359903811037
2.5 0.08 -0.16089299508796562 -4.46545180068855e-5 0.16087523723767058 0.5071560560226673 1.5492630705337684 0.5530719423468069 0.049719216723764253 0.6434365472512971 1.8080830420664218 0.025208036612545115 2.5146353452122665
2.5 0.07 -0.1610334917919437 9.28209404859297e-5 0.16107048869585477 0.5040213724924707 1.5515120985611546 0.5533813041480979 0.04931349484921524 0.6442978026516277 1.8070722529006455 0.022002794755476826 2.5088840057819053
2.5 0.06 -0.16115523755354555 4.857646008481609e-5 0.16117462060003462 0.5014232798223964 1.5534989435361946 0.5535155500308799 0.04891606820654726 0.6447226804651152 1.8066339779328902 0.01880786160562975 2.5061313303972796
2.5 0.05 -0.16125823520750515 5.184890987558604e-5 0.16127895007814055 0.4988627178104182 1.5551710753501546 0.5537138155574561 0.04854472125891981 0.6451358419423681 1.805987085572792 0.01563656783568068 2.5029801435001597
2.5 0.04 -0.16134247291814519 -9.082607517932033e-5 0.16130618574446737 0.49757759133495905 1.5565811144998176 0.5536531576014931 0.048304862524585705 0.6452357086822458 1.8061849485915462 0.01248315574464697 2.5029801435001597
2.5 0.03 -0.16140802970993506 8.063943566051649e-5 0.16144031241677426 0.49486783878197 1.5576034930731943 0.55404776807637 0.0479786986809844 0.6457746051929947 1.8048985261179855 0.009349667147162677 2.497914318715556
2.5 0.02 -0.16145483769101648 2.9835451164885043e-6 0.16145603210553028 0.4941681570227081 1.5583887861685644 0.5540137108322647 0.047849624916032174 0.6458326965858019 1.8050094798154996 0.006225980054841429 2.497914318715556
2.5 0.01 -0.16148291376959967 -4.447515420541789e-5 0.1614651088537656 0.49373098948463506 1.5588606507453862 0.5539931392062754 0.04776938808925766 0.6458665250258511 1.8050765058800822 0.003110811035433869 2.497914318715556
2.5 0.0 -0.16149227238307673 -6.489788485443834e-5 0.1614662915540434 0.493506766830249 1.5590200567806471 0.5539893082764928 0.047729020375472574 0.6458681193616256 1.8050889882894743 0.0 2.497914318715556

3.0 0.7 -0.14770496593236587 -3.7057518948351794e-5 0.14770033602389357 0.6433632362509571 0.6761388553318506 0.3362812392807859 0.42798199868227904 0.5907992367826241 2.9737014236617245 1.169365183573412 8.003942015276099
3.0 0.69 -0.15411369766477756 3.934907683533641e-5 0.15411945951727832 0.6480077482345048 0.6917673332920325 0.34278630925807896 0.41756560352503097 0.6165249564538121 2.9172693686757265 1.0753843783776746 6.829240566321963
3.0 0.68 -0.16021769967559474 4.547279019291744e-5 0.1602252987853118 0.6525765003212022 0.70878273663684 0.34851659821209946 0.40547361402064225 0.6409589738382014 2.8693038011102723 0.9929143472373612 5.983962843804768
3.0 0.67 -0.16602459981085516 -9.34356388850115e-5 0.1660071894563179 0.6568974993016969 0.7266542235854005 0.35336628276364257 0.3927537705271381 0.66401772905178 2.829924779973624 0.9206741031699827 5.366670660558349
3.0 0.66 -0.17154828736836714 -9.061772215322515e-5 0.17152971650442522 0.6606038585740692 0.7449662868390283 0.3579518757441047 0.3798880280014148 0.6861247377254464 2.7936716295206345 0.8575841706840447 4.8795641622630885
3.0 0.65 -0.17680537796823104 -8.320259154546506e-5 0.17678688085970148 0.6638316110484654 0.7635369079702442 0.36199481800664346 0.36738898444056733 0.7072269043062461 2.762470483711859 0.8019906698891743 4.498140420841075
3.0 0.64 -0.18181317435763905 -7.220607051513292e-5 0.1817959445441443 0.6664309050816769 0.782000046132184 0.3656905721626229 0.35546401809435757 0.727257955074334 2.7345523131378395 0.7529292269126131 4.190763326435836
3.0 0.63 -0.1865885226315333 -4.2406201066823815e-5 0.18657775214716593 0.6684533438888556 0.8003352603165657 0.3690703103128694 0.3441221338229584 0.7463802964013942 2.7095108223478537 0.709200895872286 3.9372603515664997
3.0 0.62 -0.19114729692230353 -3.355292590190158e-5 0.19113829527251178 0.6700278233889667 0.818492161600568 0.3720866998117587 0.33348060335833585 0.764615358711529 2.6875456728389016 0.6699258309441625 3.7274196039739254
3.0 0.61 -0.19550420489689213 -2.906259275512884e-5 0.1954960183793014 0.6711512104330247 0.8364010361558166 0.37482452669411526 0.32349945107684747 0.7820392124380238 2.6679150610015308 0.6344447774467299 3.550055616810421
3.0 0.6 -0.1996726941475475 -1.2446744074296556e-5 0.19966903126427268 0.6718833462674509 0.8540524236113054 0.37731302987014104 0.3141809335550707 0.7987622617000589 2.650319286201615 0.602205989534976 3.398072813247097
3.0 0.59 -0.2036650066908821 -1.4690615591842123e-5 0.20366050902611857 0.6721941457599895 0.8713551119919679 0.379611840034366 0.3054147482922927 0.8147149925197272 2.634269784392055 0.5727451509920933 3.2662762487155867
3.0 0.58 -0.20749226375596957 -1.8270053331840517e-5 0.20748646520730563 0.6721449165416145 0.8883287017804695 0.38173374832182505 0.29719178762346093 0.8300065379829302 2.6196269111552013 0.5456845689091326 3.150797620347692
3.0 0.57 -0.2111645664939985 -7.0799589915057905e-6 0.21116224419999083 0.6717927658953076 0.9049860156742817 0.38369227046709864 0.2895097603093627 0.8447320691273852 2.6062552648835524 0.5207254919993853 3.0486919262146976
3.0 0.56 -0.21469109384515833 -1.4470791642445885e-5 0.21468620122682294 0.6710956548513505 0.9212682022897352 0.38552724701729923 0.28223625909534983 0.8588109748353112 2.5938503899184315 0.49757556724605556 2.9576784148021353
3.0 0.55 -0.21808018519165928 5.451160378109194e-7 0.21808037474247777 0.6701381366486666 0.9372245377371237 0.3872401636019682 0.2754256577595968 0.8724104950785794 2.5823767625195697 0.47605223561009163 2.8758305670519975
3.0 0.54 -0.22133943743170215 -1.051344127527378e-5 0.22133568535411927 0.668879380539497 0.9528044178275772 0.3888521254044337 0.2689380352424345 0.8854106559597064 2.571671683573618 0.45591967935965083 2.8020319524424737
3.0 0.53 -0.22447577593392964 -5.645601943964695e-6 0.2244737117057553 0.667403505972106 0.9680557150190783 0.39036227665754963 0.2628402015717589 0.8979747453952136 2.561722942499546 0.4370640104965351 2.734969909893352
3.0 0.52 -0.22749553457516375 -2.459627034351671e-6 0.2274946146452377 0.6656872522308646 0.9829562840802732 0.3917905590952122 0.2570490224555511 0.9100672300754731 2.5523841164252845 0.4193290184331121 2.6737112955298907
3.0 0.51 -0.23040451057215872 -2.673214691592905e-6 0.23040348928537596 0.6637400201607591 0.9975074995054961 0.3931462917672788 0.2515305664470367 0.9217053921262153 2.543582429595815 0.4025950686241119 2.6174966098982777
3.0 0.5 -0.23320800001543524 -5.281504022671749e-5 0.23318742633391648 0.6617547293282136 1.01175825963717 0.39435210290554346 0.24634342723974945 0.932841710277188 2.5358049130006135 0.3867418727432348 2.5671166426180774
3.0 0.49 -0.23591094191328688 -4.767300165603795e-6 0.2359090485846573 0.6592653067998805 1.0256045551739628 0.395656788044501 0.24126936325907622 0.9437320379335201 2.527443052202927 0.3717530189299433 2.5179464838518117
3.0 0.48 -0.2385177849614447 3.2544104157483764e-5 0.23853094735344602 0.6565981704435926 1.0391200722935159 0.3968943466098065 0.2364095481425955 0.9542172427046136 2.5195622173553334 0.35749333824419705 2.4725068326684667
3.0 0.47 -0.24103267427932307 6.408527801418941e-5 0.24105904306099668 0.6537673730718518 1.0523117032148361 0.39807129778621264 0.2317534289227502 0.9643273064741109 2.512112793766552 0.34390106116066743 2.4303465669146784
3.0 0.46 -0.2434594359653015 9.062819383588949e-5 0.24349733825002326 0.6507798725733122 1.0651831039069284 0.39919372512469753 0.2272828943655937 0.9740782160205796 2.5050493959734137 0.3309176969565897 2.3911010774471086
3.0 0.45 -0.2458016091407722 -9.146615329746657e-5 0.2457628025360857 0.6477282493721687 1.0777147671648566 0.40014973722434455 0.22280214242061822 0.9829544665884704 2.499064492548567 0.31833239667017343 2.3569738717515585
3.0 0.44 -0.24806246537017124 -9.635030559162752e-5 0.2480209900964523 0.6445070602506701 1.0899682423145898 0.40114313157480197 0.21866921591478924 0.9919920087364531 2.492875787438301 0.3064100336938047 2.323078233178881
3.0 0.43 -0.25024504696097427 2.379974954643151e-5 0.2502554407945819 0.641095640000474 1.1019230537304952 0.40215897343982765 0.2147918670671083 1.001065829714376 2.4865788557360706 0.29505420403169724 2.289795127081145
3.0 0.42 -0.25235214872579304 2.4624092073076583e-5 0.25236304584120905 0.6375758326638212 1.1135574215114314 0.40309496406709644 0.21092436842132767 1.0094941833127535 2.4808049942135892 0.28403993120740256 2.2596890216356567
3.0 0.41 -0.25438639260352214 2.702223020444642e-5 0.25439850340259806 0.633919601621029 1.124889110091284 0.4040011881497274 0.20717529630868226 1.0176360392855077 2.4752402451583597 0.27342861411888675 2.2312508064113783
3.0 0.4 -0.2563502079106452 2.8701882991809426e-5 0.2563632283283316 0.6301372638315135 1.1359225938780204 0.40487823097825126 0.2035359246308131 1.025494633977164 2.469878406610892 0.2631892768789612 2.204374981140326
3.0 0.39 -0.2582458547039175 2.9847923741343282e-5 0.258259553102197 0.626234530818798 1.1466615870456889 0.4057281099939929 0.19999841103287072 1.0330794474211478 2.4647047502200548 0.25329527399731155 2.178935312893686
3.0 0.38 -0.26007543701951374 3.054718999018538e-5 0.26008961322640783 0.6222170811231662 1.157109638288401 0.406552576673751 0.19655571475067216 1.0403990781060466 2.4597064620315443 0.24372248567028354 2.1548211181173396
3.0 0.37 -0.26184091474451954 3.0881413561540954e-5 0.26185539990749307 0.6180904933292436 1.167270121545977 0.40735318862650494 0.1932015372182792 1.0474615307121125 2.4548721549762598 0.23444905878322606 2.131934146544903
3.0 0.36 -0.2635441143099989 3.0907562199160436e-5 0.26355876114530336 0.6138603136776847 1.1771462278481009 0.408131324442063 0.18993026234639768 1.0542742336472342 2.4501917400411566 0.2254551422753437 2.110187051108798
3.0 0.35 -0.2651867383233151 3.067935489576753e-5 0.26520142093994814 0.6095320767191442 1.1867409501108532 0.4088882073470379 0.18673689725584164 1.0608441022297297 2.445656250367878 0.216722664171387 2.0895018689431697
3.0 0.34 -0.2667703742547872 3.02350039137633e-5 0.2667849818852965 0.6051113788490016 1.1960570977187746 0.4096249155411613 0.18361703121988662 1.0671775687809413 2.441257750835018 0.20823513169787583 2.0698089190170648
3.0 0.33 -0.26829650228612767 2.9613389516691643e-5 0.2683109404769321 0.6006039057365922 1.2050972859496851 0.4103424014498587 0.18056679112962395 1.0732806245750124 2.4369891984516103 0.1999774614093175 2.0510457243437115
3.0 0.32 -0.2697665024175522 2.8838303741515566e-5 0.26978068642535846 0.5960154907066093 1.2138639267582518 0.41104149589688466 0.17758281314531876 1.079158849648376 2.4328443964471744 0.1919358294806272 2.0331562232177838
3.0 0.31 -0.2711816609140342 2.793869554447341e-5 0.27119551877503395 0.5913521616222519 1.2223592372256267 0.41172291984272547 0.1746622071404807 1.084817433183449 2.4288179059402153 0.18409753601200674 2.0160900405136135
3.0 0.3 -0.2725431761589059 2.693736128537548e-5 0.2725566461744275 0.5866201886952973 1.2305852414062333 0.4123872963472479 0.1718025376016345 1.090261217540078 2.4249049591429626 0.17645089134821218 1.9998017999445432
3.0 0.29 -0.27385216397646195 2.584813549160319e-5 0.2738651906241058 0.5818261625171937 1.2385437518894626 0.41303514448861556 0.169001810758537 1.0954946903285465 2.4211014809359934 0.1689851112660623 1.984250760309568
3.0 0.28 -0.27510966247649526 2.4688822888389317e-5 0.27512219869088 0.5769770233096362 1.2462363941574794 0.4136668984588012 0.16625844864036912 1.1005220353688114 2.4174039637343476 0.16169022413103912 1.9694001817999471
3.0 0.27 -0.276316626676099 -9.731183617015973e-5 0.2762668807110168 0.572037483613001 1.253665177666507 0.4142531753967562 0.1634247955481598 1.104946342989077 2.4139827028295864 0.15449436608327977 1.9561754608501551
3.0 0.26 -0.27747398115359356 2.7916188627483067e-5 0.27748835966668545 0.5670749613174517 1.260823623466133 0.4148982549733575 0.16091172190533615 1.1099801592528988 2.410229467135779 0.1475741628018667 1.941521244170978
3.0 0.25 -0.27858251849913096 -9.283019116985149e-5 0.278534410823031 0.5621351393199009 1.2677351632883724 0.41544000568360806 0.1582279569491212 1.1140243653562363 2.4070864296145413 0.14068737664851833 1.9296336613088474
3.0 0.24 -0.27964304240268956 2.5087796308172287e-5 0.27965613454912946 0.5571148248901766 1.2743681806845877 0.4160529014610086 0.15581366167692648 1.1186503039883886 2.403540502874529 0.13404166617458912 1.9162477614593827
3.0 0.23 -0.28065622679460234 -8.896707400202245e-5 0.2806095359337604 0.5521429046317174 1.2807586876815642 0.4165658502092364 0.15325072686319025 1.1223320677156143 2.4005808433353613 0.12743043243779173 1.9054494262431354
3.0 0.22 -0.28162274842657786 -9.571045455446018e-5 0.28157222088465406 0.5471087634989336 1.2868783595623965 0.4171071682730356 0.1508238512616702 1.126173513277262 2.3974653903464103 0.12098574246377498 1.8942234454782814
3.0 0.21 -0.2825432015147358 -9.370083517652374e-5 0.28249345306663776 0.5421120941537616 1.2927388715621326 0.41763197080115555 0.14847670012675374 1.1298619450039735 2.3944526997817506 0.11466437371598914 1.8834926265821434
3.0 0.2 -0.28341813262606286 -9.118204741900464e-5 0.28336945751439135 0.5371401484318218 1.298339138313607 0.4181408651669396 0.1461907667047767 1.13337030024363 2.391538553881255 0.10845524224700753 1.8732786487347026
3.0 0.19 -0.2842480414048504 -8.850484806613424e-5 0.2842005492975823 0.5322043925446981 1.3036788254192095 0.41863373902357603 0.14396690947825547 1.1366991260253199 2.3887229021062812 0.1023524883924098 1.8635696151904835
3.0 0.18 -0.2850333792608567 -9.628140118606411e-5 0.28498145749693216 0.5272653169123841 1.308758265725145 0.419127569493148 0.14177411579188953 1.139781604631018 2.385908426900435 0.09634462048357935 1.8543553590741713
3.0 0.17 -0.2857745596669168 -9.267857293612547e-5 0.28572434438772926 0.5224477717496523 1.3135757937868209 0.41958677697800717 0.13968390902566583 1.1427592792712102 2.3832972220962425 0.09043936694241865 1.8456249658599286
3.0 0.16 -0.2864719476401356 -8.873486315478549e-5 0.28642365333395053 0.5177182076459051 1.3181309153187901 0.4200278878789909 0.13766694525959877 1.1455635209434154 2.380794296897013 0.08462527710051401 1.8373773259050623
3.0 0.15 -0.2871258703668419 -8.465736749115784e-5 0.28707959953657375 0.5130921034633145 1.322422471448421 0.4204506967406293 0.13572573134300175 1.1481943668512071 2.378400149534982 0.07889728843746283 1.8296055419916764
3.0 0.14 -0.2877366171923632 -8.042151313642285e-5 0.2876924854750098 0.5085896702896696 1.3264492326884885 0.42085442295282205 0.13386494983027317 1.1506530090743536 2.3761185470827275 0.07325067533070492 1.8223064489518193
3.0 0.13 -0.28830444166539104 -7.602123805729225e-5 0.28826256773001296 0.5042326445219751 1.3302097982407708 0.42123817446922884 0.1320898053220972 1.152940458670759 2.373953883120935 0.06768076366181483 1.8154787070023155
3.0 0.12 -0.2888295624765912 -7.45241693868565e-5 0.2887883718830995 0.5001488656007196 1.3337057219305357 0.4215858148876518 0.13044638499221486 1.1550582128094786 2.3719963164948754 0.06218582102857084 1.8092521391304892
3.0 0.11 -0.2893121703614734 -7.09948538343263e-5 0.28927280259828636 0.4961519897709694 1.3369290301213974 0.42192664317797235 0.12885797652523967 1.1570010214567714 2.3700802406502466 0.05675476554656276 1.8033753530026155
3.0 0.1 -0.2897524233673803 -7.201462099784293e-5 0.2897123698777156 0.49234595479003757 1.3398710281943749 0.4222629549957797 0.12736121320345686 1.1587177989769157 2.368192587507455 0.051385344602694616 1.7979612163816845
3.0 0.09 -0.290150449685884 9.149668334855322e-5 0.29020151516885706 0.488836002316358 1.3425269811290417 0.4226266898092995 0.12613773246957866 1.1608341796476294 2.366154396096533 0.046101143241883434 1.7917520411353018
3.0 0.08 -0.2905063717272516 5.7268439742507315e-5 0.2905384040441958 0.4857780511463441 1.3449412296978556 0.42284497325778647 0.12492808243678252 1.162182870240169 2.364932926352543 0.040839550293547675 1.78783320114663
3.0 0.07 -0.29082026370675773 6.22550588248143e-5 0.29085516268666384 0.48279881834607413 1.347066624538521 0.423090169994327 0.12379049967196042 1.1634498897628018 2.3635623583819205 0.035626546014633206 1.783864714450344
3.0 0.06 -0.2910921984614159 4.7598479398067685e-5 0.29111892877331236 0.4802878691837127 1.3489196020021545 0.42327641096440993 0.12282386235935058 1.164507757722699 2.3625223945779554 0.030456190161842728 1.7806930043464844
3.0 0.05 -0.29132222672636077 5.3437859931895735e-5 0.29135228535967367 0.4780559795224689 1.3504855789877097 0.4234551420727729 0.12198588606468097 1.1654486359313763 2.3615252258010004 0.0253235141989272 1.7777874122094381
3.0 0.04 -0.2915103886456435 2.856471420344872e-5 0.2915264745203535 0.4763212996407166 1.3517787029516726 0.4235681238279567 0.12131370616779402 1.1661477789748351 2.3608953170568996 0.02022067121743022 1.7757638125606894
3.0 0.03 -0.29165665155195175 -9.149476584964935e-5 0.2916051273767194 0.4758195813676798 1.3528411439145231 0.4235061054911783 0.12103185289764923 1.1664508752895484 2.361241047139589 0.015144713346404444 1.7757638125606894
3.0 0.02 -0.2917612241983938 3.9101245688680674e-5 0.291783286194478 0.47357346905837505 1.3534904748272911 0.423799068557449 0.12029307651682832 1.1671608639907125 2.3596087726286314 0.01008416908243604 1.7723349029431432
3.0 0.01 -0.2918239156622122 -2.6214143093520594e-5 0.29180912492314254 0.4732124998423626 1.3539494472344327 0.42377640157454677 0.12010425347458716 1.1672483039459889 2.359734983553799 0.00503845034494077 1.7723349029431432
3.0 0.0 -0.2918448099043932 -5.226351764620322e-5 0.2918153213931872 0.47304771977905297 1.3541026559393816 0.4237698879379185 0.12002042515603847 1.1672647097893394 2.3597712543145537 0.0 1.7723349029431432
