#1=α 2=ρ 3=ϕ 4=Σ 5=E 6=q0 7=q1 8=δq 9=qh0 10=qh1 11=δqh 12=ρh 13=m 
2.0 0.8 -0.030785189857409467 -0.0031537943518940986 0.030627500139814762 0.7655323253120997 0.7947096344868262 0.6339470611288966 0.08468811244097263 0.12249106178530143 1.5774187803935242 0.6570878348055585 20.0
2.0 0.8 -0.030785189857409467 -0.0031537943518940986 0.030627500139814762 0.7655323253120997 0.7947096344868262 0.6339470611288966 0.08468811244097263 0.12249106178530143 1.5774187803935242 0.6570878348055585 20.0
2.6 1.0 0.0 -4.659977490646568e-16 1.000000000016169 0.3125033961697195 1.655668191004134e-10 3.1999652236000133 3.1999652236000133
2.6 -0.9999999999999999 0.0 5.3310772911179874e-17 1.0000000000283595 0.3125044978395936 2.9039787802459707e-10 3.199953942785467 -3.1999539427854664
3.0 0.0 0.0 0.0 -0.22712619358539143 1.0 1.0490488753068967 0.9086749484435662 0.9532444326842755 0.0
3.0 0.0 0.0 0.0 -0.2061072725989519 1.3969463616153517 1.301506537912181 0.8246829632421413 0.768340358554138 0.0
3.0 0.0 0.0 0.0 -0.20610727612797508 1.3969463619360118 1.3017068868574209 0.8244291249544355 0.7682221013781365 0.0
3.0 0.0 0.0 0.0 -0.20610727612797508 1.3969463619360118 1.3017068868574209 0.8244291249544355 0.7682221013781365 0.0
3.0 1.0 0.0 0.0 0.0 1.0 0.25000000076348006 0.0 3.999999987784319 3.999999987784319
3.0 0.9999950899407554 0.001 0.0 -0.001991640146578603 1.0005090994798107 0.2557130817119221 0.007935862981193389 3.9106329379212874 3.9106137364818783
