#1=α 2=ρ 3=Δ 4=ϕ 5=Σ 6=E 7=q0 8=q1 9=δq 10=qh0 11=qh1 12=δqh 13=ρh 14=m
2.0 0.0 0.01 -0.06311053821397616 -3.119890598191927e-5 0.0631038424507733 0.47284824492206384 1.9568920177595532 0.7894697188091824 0.007966130115912273 0.25195726181142303 1.2666730289647787 0.0 4.6594996024618975
2.0 0.01 0.01 -0.06310841109459259 -1.9747362670677292e-5 0.06310417300802633 0.47322142442642645 1.9567228404343706 0.7894521282613449 0.007976000371702034 0.2519639855727522 1.2667012529339248 0.001298393328841523 4.6594996024618975
2.0 0.02 0.01 -0.06310203021358968 9.221671897532524e-6 0.06310400932565842 0.47424448839707994 1.95621389775998 0.7894556845624354 0.008003010777841836 0.2519639333229836 1.2666955467605001 0.0025991945029034814 4.6594996024618975
2.0 0.03 0.01 -0.06309139843609368 5.5695632224122916e-5 0.06310335157204731 0.47585636972674605 1.9553666477501528 0.7894676997922527 0.008045709058188332 0.2519609423416336 1.2666762684061028 0.00390460007662466 4.6594996024618975
2.0 0.04 0.01 -0.06307653355721304 -6.471327822170163e-5 0.06306266197882382 0.47899334997500953 1.9542221987636619 0.7891643965721973 0.008112072211696098 0.2517919310561188 1.2671630959830231 0.005214200330197239 4.665170495087519
2.0 0.05 0.01 -0.0630574379709739 1.935842567914101e-5 0.06306158753543238 0.4817797073409882 1.9527044244465652 0.7891649359365189 0.008186926745321357 0.25179327233521226 1.2671622299250775 0.006534854703151238 4.665170495087519
2.0 0.06 0.01 -0.06303412715863366 -6.39482015853194e-5 0.06302043617722994 0.4860563508578572 1.950894045379655 0.788871474403892 0.008285322269859995 0.2516227673225093 1.2676336164337094 0.00786279475634439 4.670826706984562
2.0 0.07 0.01 -0.06300661260840179 5.579986239273813e-5 0.06301855907224925 0.48992103105421825 1.948714881879115 0.7888820714017193 0.008391313840165306 0.2516209749618072 1.2676165883997812 0.009207309391140811 4.670826706984562
2.0 0.08 0.01 -0.06297491971723368 1.6073328541893896e-5 0.06297835663072851 0.4956269112989219 1.9462569613272733 0.7884827063850604 0.008531380911089872 0.2514825506151502 1.268258633831909 0.010564391427238338 4.67667532687924
2.0 0.09 0.01 -0.06293904370765568 -8.054009128946816e-5 0.06292184835628362 0.500879503040465 1.9434750218311891 0.7882049801589521 0.008656161986576155 0.2512287792491564 1.268705508303608 0.011928308956841056 4.683829341242603
2.0 0.1 0.01 -0.06289900572141893 8.747702722833763e-5 0.06291768211222123 0.5059205202938665 1.9403255904255006 0.7882394916225359 0.008800521327417076 0.25121680125221435 1.2686499606123138 0.013321347590566801 4.683829341242603
2.0 0.11 0.01 -0.06285483260051505 2.1656257017261664e-5 0.06285944804631603 0.5131050301203435 1.9369321938412414 0.7876795626294015 0.008982149835396884 0.25101638568098184 1.269551791672543 0.014728610921242294 4.692126817450294
2.0 0.12 0.01 -0.06280650620963729 1.6942011588698396e-5 0.06281011224068783 0.5194649497287434 1.9331964892697893 0.787417533672714 0.009150214648416477 0.2508097251966804 1.2699742604609616 0.016151887155003486 4.6982434014703385
2.0 0.13 0.01 -0.06275404044030358 1.8076837783759536e-5 0.06275788267308714 0.5261852058235965 1.9291547993469975 0.7871019884951864 0.009331164283398584 0.25060189339774835 1.2704833866724707 0.017596680140947524 4.704774229480577
2.0 0.14 0.01 -0.06269743538412065 1.927336585613748e-5 0.0627015258235788 0.5332152816717044 1.9248095057732355 0.7867616690116925 0.009523786775445584 0.25037857685164316 1.2710329435039338 0.019063994279871228 4.7118081207001925
2.0 0.15 0.01 -0.0626366861215214 2.0256824540450234e-5 0.06264097850974536 0.5403668408543733 1.920159442372515 0.7864122701526095 0.009723254593134228 0.25013756091376155 1.2715976567938603 0.020553606411871005 4.719243340431394
2.0 0.16 0.01 -0.06257178339919872 2.1332736966762604e-5 0.06257629624744515 0.5476737488566721 1.9152078048035257 0.7860479451916094 0.00993097471388428 0.24988007374500798 1.2721870289429202 0.022067340310691037 4.7271115273242845
2.0 0.17 0.01 -0.06250271256924095 2.2403683927174262e-5 0.0625074436641599 0.5551082318876635 1.9099561973100123 0.7856695694431339 0.010146582559356895 0.24960588272774478 1.2727997098179304 0.02360641290452589 4.735412058086616
2.0 0.18 0.01 -0.062429453411752045 2.3466376743801397e-5 0.062434399801573656 0.562643159168441 1.9044058799155426 0.7852778842380523 0.010369716877787125 0.24931489292844383 1.273434563829965 0.025172040250771473 4.7441422108048785
2.0 0.19 0.01 -0.06235197979960516 2.4527142165039053e-5 0.06235713982306643 0.5702542071116782 1.8985578075084537 0.7848735190004295 0.01060007758714256 0.2490070039101585 1.2740906347223229 0.026765465214919407 4.753300512900047
2.0 0.2 0.01 -0.06227025943758657 2.5589843460630945e-5 0.062275632196343744 0.5779197336983547 1.8924126811988287 0.7844569920039715 0.010837424262724929 0.24868209311540942 1.2747671449079732 0.028387967215364674 4.762887115762082
2.0 0.21 0.01 -0.06218425353964957 2.6658778573557795e-5 0.062189838982505116 0.5856200265271702 1.885970936968556 0.7840287813442544 0.011081557034044865 0.24834000884800927 1.2754633806751996 0.03004086451017985 4.772903288605998
2.0 0.22 0.01 -0.06209391661488234 2.7737083489499614e-5 0.062099715212703126 0.5934095888353624 1.879236238213855 0.7835813593833558 0.011334670050669123 0.24798150266563923 1.2761916653899934 0.031726710839632404 4.783412188040653
2.0 0.23 0.01 -0.061999195889242464 2.867275762510934e-5 0.06200517647720326 0.6011306282538409 1.8722016025557964 0.7831309210158857 0.011592076410951396 0.24760424734374376 1.2769257006258776 0.0334446616136946 4.79430414084296
2.0 0.24 0.01 -0.061900031425539404 2.9769180149038816e-5 0.06190622606446769 0.6088397447013991 1.864869737616259 0.7826693148117339 0.01185600389824845 0.24720947511597674 1.2776788115687714 0.0351973646035114 4.805636049763143
2.0 0.25 0.01 -0.06179635547622381 3.136435966314397e-5 0.061802866145465346 0.6165001913511106 1.8572383095467373 0.7822025805854356 0.012125661452244169 0.24679623913619955 1.2784411926275587 0.03698603451444121 4.817378751640099
2.0 0.26 0.01 -0.06168809227721056 3.262245719861602e-5 0.061694846942690854 0.6241513106924922 1.8493096046392201 0.7817194875305984 0.012402679319552488 0.2463652681530559 1.2792312536034334 0.03881311512679911 4.829618475376839
2.0 0.27 0.01 -0.06157515757455839 3.382049074281231e-5 0.061582141916963755 0.6317574626191839 1.8410806989794422 0.781226232969273 0.01268631172911236 0.2459154145045379 1.280038941087802 0.040679998311020565 4.8423299975735805
2.0 0.28 0.01 -0.06145745825637322 3.505040967778087e-5 0.06146467692426059 0.6393091825210535 1.8325500132882915 0.7807225513208071 0.012976661530677587 0.24544649003238958 1.2808647557422603 0.042588588339669206 4.855523238452612
2.0 0.29 0.01 -0.06133489190361985 3.6319293321242026e-5 0.06134235087084464 0.6467984456577602 1.8237156803738421 0.7802083262140016 0.013273881668322225 0.24495810171397048 1.281708956955828 0.04454091259605806 4.869212080797071
2.0 0.3 0.01 -0.06120734628685298 3.76330570997606e-5 0.06121505259163504 0.6542173006462603 1.8145755223307658 0.7796834971190822 0.013578136686134714 0.24444979929533145 1.2825717149266105 0.046539117470340584 4.883411461662412
2.0 0.31 0.01 -0.06107469885436473 3.899293482189552e-5 0.061082659620334455 0.6615586731057517 1.805127140812357 0.7791478809305219 0.01388963407506354 0.24392109902732204 1.2834534040004324 0.04858549828288228 4.898138567341332
2.0 0.32 0.01 -0.060936816511650116 3.6128065311394995e-5 0.06094416945952015 0.6688033962557036 1.795367138685561 0.7786551780147475 0.014207794735597652 0.24335312244120433 1.2842655237323304 0.05068160863789657 4.913412409549015
2.0 0.33 0.01 -0.060793553315751536 3.811246436423993e-5 0.0608012852862273 0.6759476295098044 1.7852913991969537 0.7781046567106613 0.014533682252163133 0.2427812693286966 1.285174161824676 0.052831385571590485 4.9292045906918105
2.0 0.34 0.01 -0.06064475225539062 3.953781541026092e-5 0.06065274674339849 0.6830175947090484 1.7749004706116898 0.7775365253704178 0.014868413168887729 0.24218763815800434 1.2861132144545881 0.055037643180014466 4.945634463564284
2.0 0.35 0.01 -0.06049024283887955 4.091780944577483e-5 0.06049848793833124 0.689985477708155 1.764188467289317 0.7769567312240384 0.0152115355928692 0.24157100956967448 1.287072960195058 0.05730297861851483 4.962682340644008
2.0 0.36 0.01 -0.060329840559653514 4.23588678380101e-5 0.060338345716438695 0.6968466491911026 1.753151292227981 0.776364584988845 0.015563487577281947 0.24093082027199275 1.2880546322374666 0.05963071172084858 4.980374719465998
2.0 0.37 0.01 -0.060163345975316807 4.3866079253016554e-5 0.06017212139922513 0.7035956579708742 1.7417846644841544 0.775759623217982 0.015924689052653557 0.24026627827882457 1.2890590977806131 0.06202435576392981 4.998741908231182
2.0 0.38 0.01 -0.059990543670017826 4.5446554547873054e-5 0.05999960070463951 0.7102280589383931 1.7300837869747188 0.7751412356437806 0.016295651664576232 0.23957652638744734 1.2900874756965652 0.06448774976769592 5.017818352939168
2.0 0.39 0.01 -0.059811201048442175 4.7102443678988545e-5 0.05982055114755458 0.7167388904153723 1.7180436033333768 0.7745088096128172 0.016676906031206154 0.23886063192082924 1.2911408980614547 0.06702502028131324 5.037641110830738
2.0 0.4 0.01 -0.05962506687520097 4.7951589123694064e-5 0.05963454654121795 0.723178339114443 1.7056680108841458 0.7738503144553395 0.017071496959499183 0.23811810824108648 1.2922395731063756 0.06964225459649986 5.05836271423657
2.0 0.41 0.01 -0.059431870404680176 4.946007949457091e-5 0.05944160699746094 0.7294304111142879 1.6929329018824024 0.7731877897401942 0.01747511378051373 0.23734642936189493 1.2933468599342712 0.07234101150927483 5.0798139152209405
2.0 0.42 0.01 -0.05923131888890121 5.128011288570149e-5 0.05924136959018634 0.7355476501713861 1.6798410493874023 0.7725083649260465 0.01789107231083203 0.23654571169242955 1.294484364704232 0.07512841453600326 5.102142769038586
2.0 0.43 0.01 -0.05902309649545606 5.319335614021136e-5 0.059033474860963796 0.7415244829301811 1.6663856970021236 0.7718115148908775 0.01832009590255144 0.23571433550543378 1.2956531234719708 0.07801016107359626 5.125407859317888
2.0 0.44 0.01 -0.05880686215773745 5.5949311505728976e-5 0.05881772693301215 0.7473368864198915 1.6525561013122287 0.7711038057136808 0.018762202876602727 0.23485042889079488 1.296842257281393 0.08099213793918718 5.149605959731601
2.0 0.45 0.01 -0.058582246985286746 5.8169891096648176e-5 0.058593487703735375 0.7530189433123163 1.6383518553924599 0.7703686851283522 0.019220118617371898 0.23395366001958018 1.2980797627221687 0.0840822668609879 5.174926439309563
2.0 0.46 0.01 -0.05834885239923243 6.035953716898036e-5 0.05836045691102798 0.7585453413320905 1.6237611612649523 0.7696128585076605 0.01969398588894987 0.23302155467682337 1.2993545897077128 0.08728762542967569 5.201385308784199
2.0 0.47 0.01 -0.058106246919236326 6.264263162705815e-5 0.05811822662568042 0.763911572379156 1.6087755415184846 0.7688345459708263 0.020185059144496094 0.23205257305448482 1.3006699624003968 0.09061671797127235 5.229062324640386
2.0 0.48 0.01 -0.05785396318039687 6.502415770124012e-5 0.05786632977703864 0.7691122057084676 1.593385948815974 0.7680321078748245 0.02069466408366853 0.23104483654433208 1.302028899243602 0.0940788543792642 5.258047916078135
2.0 0.49 0.01 -0.05759149447238904 6.750163637056673e-5 0.05760425846216188 0.7741416952882855 1.5775828314350377 0.7672036964067495 0.02122428130331509 0.2299963001051276 1.3034348044509803 0.09768435058804234 5.28844331372044
2.0 0.5 0.01 -0.05731829156567675 6.295681672895415e-5 0.05733012474629885 0.7789500583568398 1.56135244969779 0.7664000133711628 0.021771363000783046 0.22888568921215735 1.3048016473816344 0.101439121438335 5.320363031673513
2.0 0.51 0.01 -0.05703375497160473 6.535802112211627e-5 0.05704596245339945 0.7836191672650353 1.5446913048573183 0.7655138734903515 0.02234593050021453 0.2277484117383949 1.3063120534191133 0.10536663352655253 5.353931484084582
2.0 0.52 0.01 -0.056737234907353495 6.782123822372043e-5 0.05674981933755193 0.788100360828979 1.5275845238210053 0.7645943050182851 0.022946188046069765 0.2265631057262048 1.307883139380804 0.10947611672645022 5.38929750130065
2.0 0.53 0.01 -0.05642802227267135 7.034319764447464e-5 0.056440984888510765 0.792386123321432 1.510020336534701 0.7636386214856019 0.02357441931205605 0.22532687270987656 1.3095199376566038 0.11378354063308835 5.426620561460904
2.0 0.54 0.01 -0.056105342909306466 7.291306744337083e-5 0.05611868208325816 0.7964697315094125 1.4919862371003103 0.762643397681324 0.024233305924664997 0.22403657580203967 1.311228816823584 0.11830699548666665 5.466085659232966
2.0 0.55 0.01 -0.05576835031338978 7.189601303272559e-5 0.0557814029588959 0.8003869037570193 1.4734847884558642 0.7615863900656894 0.024928013875691366 0.22268759738488228 1.313048674509194 0.12306687615750726 5.508156411588295
2.0 0.56 0.01 -0.05541611718725195 7.369224468869778e-5 0.05542938885593776 0.8040425504300147 1.4544717949551562 0.7604993000893154 0.02565745703505589 0.22127778157866423 1.3149256020124642 0.12808573391264336 5.552598277825261
2.0 0.57 0.01 -0.05504762543802516 7.571034310654722e-5 0.05506114536048139 0.807473902119076 1.4349490197596981 0.7593587990529072 0.026428040942239352 0.2198029171970355 1.3169005235038131 0.1333906612594161 5.599909566913387
2.0 0.58 0.01 -0.054661755650838306 7.751347973995956e-5 0.05467547383252215 0.8106706324258834 1.4149015369647149 0.7581595768602778 0.02724404035166947 0.21825793069687802 1.3189835366074785 0.13901146950712817 5.650419386939988
2.0 0.59 0.01 -0.054257272469477924 8.837129714059938e-5 0.054272763964437955 0.8136671067445982 1.3943117973224972 0.7568448195661821 0.028117591791814188 0.21665673662678792 1.3212748163793906 0.14499396558322614 5.704504140407645
2.0 0.6 0.01 -0.05383281537436857 8.917541035768887e-5 0.0538482902104845 0.8163614453422993 1.3731682421818707 0.7555094918148715 0.02904054095644182 0.2149547060308732 1.3236101079257363 0.15135582091362942 5.762607738759991
2.0 0.61 0.01 -0.05338687346689658 8.903641660271308e-5 0.053402158036926065 0.8187881692963132 1.3514547523003178 0.7540932101012077 0.03002640176964748 0.21316498168036074 1.3260960138678215 0.15815366320153934 5.825248366879041
2.0 0.62 0.01 -0.05291777115948282 8.758277981641677e-5 0.052932633205550035 0.8209353418396531 1.329156696788543 0.7525853799728921 0.031082962424731738 0.21128040755821395 1.3287528918459977 0.16544101515043563 5.8930499488633075
2.0 0.63 0.01 -0.05242364374781586 8.429202012291359e-5 0.05243777068631124 0.8227891556126318 1.3062599367401906 0.7509739411531289 0.03221914822264586 0.20929286434575725 1.3316041279201902 0.17328033781426522 5.966757776319981
2.0 0.64 0.01 -0.05190241010408447 8.520866345801073e-5 0.05191650052757471 0.824337678679344 1.2827110572918698 0.7492059503287063 0.03345129141264559 0.2072065138999682 1.33474647333121 0.18176056835724197 6.047274840039315
2.0 0.65 0.01 -0.0513517450296051 7.306393211130892e-5 0.0513636530187458 0.8255459956944917 1.2585747015977473 0.7473560311282288 0.03477768538801269 0.20497871200282874 1.338050351303612 0.1909353705816245 6.135706981928244
2.0 0.66 0.01 -0.050769037228456326 -7.675054044108893e-5 0.05075673470259887 0.8264078919996434 1.2337193537081228 0.7452538555597634 0.03618653513851713 0.20249495521037367 1.3418246581883095 0.20083332272428325 6.238600213515434
2.0 0.67 0.01 -0.05015135324629022 -2.4523312914755873e-5 0.050147487492979904 0.8268135920421023 1.2082651848642687 0.7431858349573632 0.037773777982205374 0.2000447975657489 1.345558476713122 0.21182331401960322 6.3437345702624715
2.0 0.68 0.01 -0.0494953786914909 6.454197715608202e-5 0.04950536884455408 0.8269558025092296 1.1823200774928389 0.740886979272088 0.03953202726729146 0.19748010287423526 1.349733532883094 0.22392441497979115 6.46055938761836
2.0 0.69 0.01 -0.048797397639162826 -2.8323330365762277e-5 0.04879310782715291 0.826917815393945 1.155836770547607 0.7379927358250491 0.04143760563278717 0.19461452168366758 1.355026887740346 0.23714042685465617 6.602464233933157
2.0 0.7 0.01 -0.04805317266567197 -5.1753386680886235e-5 0.04804551658147044 0.8263206590827468 1.1286290655724822 0.73494291986208 0.04356516126726172 0.19160871577742647 1.3606498858274048 0.25193640639136233 6.7597724004325555
2.0 0.71 0.01 -0.04725793152388691 -6.339198617265217e-5 0.04724880002086243 0.8254197307300567 1.1009570896424306 0.7314223146405343 0.04595545741766248 0.18842175395589933 1.3671991952986307 0.2685085987480714 6.942119605361555
2.0 0.72 0.01 -0.04640626317234403 -5.7079461856778686e-5 0.04639828474949889 0.8240867387960508 1.0728326156875136 0.7274814280046025 0.04863455561614481 0.1850200419906751 1.3746055383748899 0.2871882538567639 7.154228719721345
2.0 0.73 0.01 -0.04549205920939231 -5.691760241827524e-5 0.04548437417410251 0.8223261477943467 1.0443695677882074 0.7229621936993613 0.05163748054010103 0.18136614910068452 1.3831981930936805 0.3083447086696849 7.406290312527958
2.0 0.74 0.01 -0.04450845730159178 -4.012192951765862e-5 0.04450325273829349 0.8201384572448138 1.0157720511328305 0.7177656576871243 0.055006656558041815 0.17745544307262162 1.3932123796815898 0.3324493186921324 7.708990595008838
2.0 0.75 0.01 -0.043447829782157193 -4.733101934517673e-5 0.04344197197386662 0.8173428079294128 0.9869536939012018 0.711824151273567 0.058775312305288624 0.17320594143672877 1.4048413476992012 0.360182447876913 8.079987769719263
2.0 0.76 0.01 -0.04230182841803096 -6.044943352849691e-5 0.042294753924671726 0.8141111203116245 0.9584183380836971 0.7048594328228699 0.06297659752370158 0.16862169579008487 1.4187225898291933 0.3921727433152516 8.544701430756017
2.0 0.77 0.01 -0.041061617045610066 -8.797371152187113e-5 0.04105199212990852 0.8103859855083009 0.9303548272888803 0.6967359347957478 0.06762963998143473 0.16364775041641555 1.4352639932274414 0.4293817923262796 9.14020592489059
2.0 0.78 0.01 -0.039718413786102 3.830394132062364e-5 0.0397222887586552 0.8061694235712258 0.9035790013218702 0.687783053346803 0.07258338830010654 0.15838377299069753 1.4539468443340176 0.4725346367404718 9.884958098332005
2.0 0.79 0.01 -0.03826434511097901 1.8502968246669802e-5 0.0382660443361564 0.8016772534290321 0.8782873869198923 0.6773221684008028 0.07772327907037627 0.15255277490244118 1.4764022892696074 0.5226476252368648 10.88906196356762
2.0 0.8 0.01 -0.03669422159027817 -2.273379273419577e-5 0.036692365564360375 0.796914482174481 0.8548984113868304 0.6656944461748573 0.08288529348427176 0.14619057342181366 1.5021906908583849 0.5814297008211852 12.248639696355978
2.0 0.81 0.01 -0.03500809338978768 9.113619377884555e-5 0.03501454138738275 0.7929685555374081 0.835169261641361 0.6526392383164019 0.08772140559718172 0.1394877485920245 1.5322400819473818 0.6484641448718864 14.134030361385978
2.0 0.82 0.01 -0.0332139628095543 -8.883470655960528e-5 0.033208671582169336 0.7902008397851829 0.8198575567360308 0.638165719750182 0.09127149641575175 0.13217711766910079 1.5669910950269557 0.7217839898878217 16.789054806465035
2.0 0.83 0.01 -0.031329693125383445 -5.941556214397373e-5 0.03132677196715485 0.789209993550904 0.8095206371459438 0.624041327829465 0.09325185349092843 0.12463286716994161 1.6024579709779734 0.8002666662529947 20.33972742811461
2.0 0.84 0.01 -0.029382305937066394 -9.978674468714525e-5 0.02937828369419833 0.790065008822936 0.8037845126901887 0.6117758671852371 0.09316993553144481 0.11672289836392817 1.6345855625214174 0.8822237959096004 24.808731834520678
2.0 0.85 0.01 -0.027404475911397594 3.705882847782362e-5 0.027405692718969376 0.7938215313870456 0.8031308681264878 0.6002723102033691 0.09130974472383274 0.1088573826271351 1.6659105925795636 0.9617609956539057 30.455783919514047
2.0 0.86 0.01 -0.025430411010332513 -7.910828590934746e-5 0.025428388769800168 0.8001446031853682 0.806330984076169 0.5864567476100184 0.0882124026133587 0.1009453157125649 1.7051555874756135 1.0380674136609125 39.11912784065214
2.0 0.87 0.01 -0.023491513091060984 -5.910228788857248e-5 0.023490311349456807 0.8083379029457682 0.8125518840771752 0.5759727526411993 0.08385274768555219 0.0931940552063824 1.736193240764203 1.110801031444683 49.18052906145728
2.0 0.88 0.01 -0.021615639956081636 -2.2936970190644042e-5 0.0216152687818716 0.8182765917844722 0.8211799270356022 0.566647981084536 0.07882854172189416 0.0856962073943991 1.764764074665976 1.1795272420520755 61.795700160068264
2.0 0.89 0.01 -0.019826225393528796 -8.199355633765989e-5 0.019825189414006725 0.829733744192649 0.8317349502835117 0.5571770508434213 0.07349876312618382 0.07851814105633435 1.7947616444113637 1.2437735235833436 79.14592382458224
2.0 0.9 0.01 -0.01814267602251607 5.22470734471305e-5 0.018143259304976317 0.8422735459790895 0.8437838967560696 0.5545552839338228 0.06781803107601118 0.07176607723445665 1.803246725748175 1.3046432011524918 89.57422348155114
2.0 0.91 0.01 -0.016581106488063442 9.072730083904874e-5 0.016581977980836642 0.8559958384143588 0.8571297478614128 0.5504705917383745 0.062418679884227835 0.06549996461397994 1.8166274729445888 1.3612220410951716 104.1056261498154
2.0 0.92 0.01 -0.015154869350995734 2.559173424527515e-5 0.015155049695220474 0.8707837734208577 0.8715626840651286 0.5402486774436852 0.05757482198245599 0.05979026085284596 1.8509994410939257 1.4136883276789014 141.9049281019073
2.0 0.93 0.01 -0.013874549648588707 9.858012598848966e-5 0.013875238406470179 0.8862092029074741 0.8868653535811849 0.5417910856058086 0.05272990717844222 0.05463500212509729 1.845729888452932 1.462944496800522 143.12740171897707
2.0 0.94 0.01 -0.01274940704064793 9.141778690506591e-5 0.012749959803595494 0.9024632620210173 0.902978204529109 0.5379708271987909 0.048579636269663 0.05011573365196532 1.858836854048346 1.5085044105775007 165.38334797583212
2.0 0.945 0.01 -0.01224736735107336 8.233910524390444e-5 0.012247824311933976 0.9108516592280244 0.9113063127785733 0.5357526884438926 0.04672490728819234 0.04809880838675569 1.8665328640805052 1.5299282057180041 180.1885289100757
2.0 0.95 0.01 -0.011786712515079168 9.15220669146897e-5 0.011787214839679774 0.9193799331854291 0.9198014611315863 0.5359264223935156 0.044960990509506985 0.04624466164772096 1.8659277807835633 1.550444336037838 182.1970630230559
2.0 0.955 0.01 -0.011368272218534207 6.0268909454746456e-5 0.011368566138250852 0.9280886763204641 0.928457649993826 0.5325609600392625 0.04342339330341528 0.044562502766838596 1.8777193129709762 1.5701559106570817 205.0522848303333
2.0 0.96 0.01 -0.010992557363358673 9.435108456353158e-5 0.01099301696025221 0.9369216273941241 0.9372676280065142 0.5330885507839298 0.04198164082979697 0.04305601304499984 1.8758609588020443 1.589089979693336 205.29095363829546
2.0 0.965 0.01 -0.010660302438745092 -2.1331108484526154e-5 0.01066022580619427 0.9459573355688541 0.9462301362498384 0.5245718876873866 0.04085401153517555 0.04172001970637568 1.9063164143404911 1.6069740573892726 278.35571510554905
2.0 0.97 0.01 -0.010371849739246392 2.982726810698924e-5 0.01037195689446717 0.9550715761729032 0.9553304429669807 0.5251154912505172 0.03973914262813435 0.04056465138308785 1.9043429810431292 1.62432116419519 278.35571510554905
2.0 0.975 0.01 -0.010127723800621453 4.801790670942059e-5 0.010127896306174972 0.9643250182667328 0.9645725095765847 0.5253959354366771 0.03879085345473617 0.03958349592758352 1.903326486850089 1.6406226763851939 278.35571510554905
2.0 0.98 0.01 -0.009928323634338394 6.097401580660202e-5 0.009928542685044011 0.9737132974867516 0.9739509256380222 0.525616873985598 0.03801819101871354 0.038782170151012894 1.90252643987108 1.6560711125306922 278.35571510554905
2.0 0.985 0.01 -0.009773994789431768 7.005402993802897e-5 0.009774246460319543 0.9832334166983527 0.9834626087291782 0.5257850789291751 0.03742277789992404 0.038162122740443255 1.9019177988783564 1.6706751830297424 278.35571510554905
2.0 0.99 0.01 -0.009665032593161371 7.646131967117714e-5 0.009665307282400793 0.9928834344921391 0.9931057281299738 0.5258692455504388 0.03700566898581944 0.03772488544099584 1.901613392418998 1.6844012279054665 278.35571510554905
2.0 0.995 0.01 -0.009601685146019216 8.060267993553706e-5 0.009601974713200925 1.002660193840597 1.002876669678093 0.5259503099862286 0.036768763469596705 0.03747088658475712 1.9013202977791206 1.697350914386675 278.35571510554905
2.0 0.0 0.01 -0.053961184867595935 0.054548174316856 0.07818759023127332 7.073563333746722e-7 1.9411025349172195 1.1296652584685676 2.3381553663732232e-8 0.31240367780141987 0.8852179816131126 0.0 2.2516
2.0 0.01 0.01 -0.05395714049851835 0.05456375348766486 0.07819046501782234 0.0363357355922995 1.9408787115722446 1.129664032648697 0.0012344395348400526 0.3124116946528161 0.8852189421799355 0.0018457223455630068 2.2516
2.0 0.02 0.01 -0.05394817752153225 0.05452276523495149 0.07816329798473685 0.02606964583400287 1.9411153940301302 1.1301462177936235 0.0008667477256513312 0.31223973573686775 0.8848412570475117 0.003675076744829138 2.2516
2.0 0.03 0.01 -0.05393249287958768 0.054510372861956015 0.07814210953527964 0.03047888770397866 1.9395813326670064 1.1300523675014749 0.0010037098003905427 0.31220674738820586 0.8849147426777947 0.005526299497352093 2.2516
2.0 0.04 0.01 -0.05391082581683043 0.05448080845653659 0.07810731207395274 0.04313207158686513 1.9385712902273842 1.1303691573755077 0.0014252639158782933 0.31205670492897986 0.8846667422541862 0.007409959586763471 2.2516
2.0 0.05 0.01 -0.05412293578711175 0.054472303193171485 0.0780761128427991 0.05917005753654104 1.9369461556913548 1.1231270702193026 0.0019481713197805892 0.31194100760970833 0.8903712024363721 0.009270576677203346 2.274116
2.0 0.06 0.01 -0.05409001947259229 0.05443739639083932 0.07802784691448149 0.07257625274425818 1.9351628489214718 1.1234878872189813 0.002401571244949698 0.3117486490291241 0.890085252699381 0.011195646813428717 2.2741160000000007
2.0 0.07 0.01 -0.0540518255774175 0.05439645377652188 0.07797164927001798 0.085852929639975 1.933092847261969 1.1239099390830354 0.0028551865298461648 0.31152399885299586 0.8897510069319885 0.013146162548884132 2.2741160000000016
2.0 0.08 0.01 -0.05400852258207789 0.05434997015890567 0.07790790597276931 0.09917381989240816 1.9307349556216005 1.1243876297788207 0.0033157721731709644 0.3112691573990394 0.8893730004809024 0.015124102390767256 2.2741160000000025
2.0 0.09 0.01 -0.05396026471675458 0.05429654766080761 0.07783615656255644 0.11215756985972429 1.9280971092953298 1.1249239614943058 0.003768751276979247 0.31098212382453805 0.8889489727569119 0.01712791141492919 2.2741160000000034
2.0 0.1 0.01 -0.05390718930928856 0.05423665072674129 0.07775674259801314 0.12503300272745713 1.9251825832743226 1.1255156185527775 0.004222832252525157 0.31066445562884215 0.8884816732137675 0.01915978744277097 2.2741160000000042
2.0 0.11 0.01 -0.05408524712437757 0.05419081880337288 0.0776787120324752 0.14077751350018664 1.9219336027707687 1.1187085209643546 0.00474095266796401 0.31035021568593235 0.8938878905990415 0.02111417733412864 2.2968571600000036
2.0 0.12 0.01 -0.05402258700742507 0.05412072265755838 0.07758553362860646 0.15329315701133145 1.9184598507213761 1.1193931447307488 0.005188878628324114 0.3099779655213807 0.8933411864341309 0.023194102789674043 2.2968571600000045
2.0 0.13 0.01 -0.05395541665953335 0.05404377004337588 0.0774848598415272 0.16579306180709624 1.9147295544957583 1.120135019420287 0.005641866567047298 0.30957485449665195 0.8927495191763024 0.02530565175969932 2.2968571600000054
2.0 0.14 0.01 -0.05388382791740243 0.05395868379589841 0.07737622645902452 0.17802556385164578 1.9107367186750561 1.120930376749355 0.006089227859487998 0.3091404326321127 0.8921160678149813 0.027447103360089035 2.2968571600000063
2.0 0.15 0.01 -0.05404007781819242 0.05388480788688163 0.07726803289812713 0.19323684659903193 1.9063725142675474 1.114372736862912 0.006593854266476481 0.3087053999746306 0.8973658156920781 0.029477951721727572 2.319825731600007
2.0 0.16 0.01 -0.05395945900789112 0.05378842812152118 0.07714586796474959 0.20518520611470425 1.901844285337346 1.1152574909030193 0.00703849096336542 0.3082169704755176 0.8966539190786376 0.031675573200348965 2.319825731600008
2.0 0.17 0.01 -0.05387459868652855 0.05368018957308443 0.07701434959189532 0.21690959714479977 1.8972193565118602 1.11626124581985 0.0074775897156002386 0.30768009299010046 0.8958476375891204 0.03390312478637383 2.319825731600009
2.0 0.18 0.01 -0.05378555652752848 0.05356611443406016 0.07687613342061045 0.22855160458234117 1.8921954952349826 1.117259381040082 0.007919948003738072 0.3071268395035238 0.8950473068027214 0.03616910294930392 2.3198257316000097
2.0 0.19 0.01 -0.05392047140068024 0.053466971542947404 0.07674011464628083 0.24329509987375358 1.886588024467274 1.1108734200579464 0.008418119482334036 0.3065910492054691 0.9001925709482161 0.03829758631469319 2.3430239889160105
2.0 0.2 0.01 -0.053822635191128454 0.05333678966365021 0.07658671695724226 0.25459157949220124 1.8811876870452076 1.112018843146787 0.008853654344633024 0.30596725016349363 0.8992653372403324 0.04062421096072921 2.3430239889160114
2.0 0.21 0.01 -0.05372069273321828 0.05319940611389312 0.07642613935500278 0.2657798588909284 1.8754006382871946 1.1131640239672973 0.009291335927869768 0.3053245026080701 0.8983402072553666 0.04299275320386583 2.3430239889160123
2.0 0.22 0.01 -0.05383884913920706 0.05307449143072188 0.07626670376858617 0.28009233628981084 1.8689764048633108 1.1069722237296116 0.009781154302042646 0.3046946910787693 0.9033650335243268 0.04520244240317346 2.366454228805173
2.0 0.23 0.01 -0.05372809531581235 0.05291977271762765 0.07609056997239887 0.29097328656576293 1.8628156966588694 1.1082647879337413 0.010213714581079851 0.3039800275241148 0.9023114429760133 0.047639189169236866 2.366454228805172
2.0 0.24 0.01 -0.05361323863235068 0.05275629589628851 0.07590663237482137 0.30171730198873786 1.8562761275232922 1.1095625302137528 0.010646967038746126 0.30324341694817114 0.9012561011837286 0.05012159879092543 2.3664542288051713
2.0 0.25 0.01 -0.05371427969502518 0.052602474911028554 0.0757225897201243 0.31560060904510306 1.8491707563394761 1.10361688920903 0.011128401202352922 0.30250528878705046 0.9061115408597158 0.05242154309520264 2.3901187710932223
2.0 0.26 0.01 -0.05359044463782664 0.05242587197498933 0.0755248658929721 0.3263584012878417 1.8420970554558043 1.1049984225061256 0.011576503297321872 0.30171418618130774 0.9049786675097783 0.05499393781629035 2.3901187710932232
2.0 0.27 0.01 -0.05346243827574615 0.052233235087165535 0.07531626232787658 0.3366503935261769 1.834802110219349 1.1064517310936854 0.012005047211683625 0.30087921123772976 0.9037899909212825 0.057603535829667 2.390118771093224
2.0 0.28 0.01 -0.053545771117214924 0.0520506998477038 0.07510760603820223 0.350004376534081 1.826867693425146 1.1006982466968984 0.012475857939204483 0.3000427324890336 0.9085142117750387 0.06001017039382957 2.414019958804157
2.0 0.29 0.01 -0.05340846536734528 0.05184083359721041 0.07488336386938212 0.36013914271240555 1.819047136626035 1.102248099314078 0.012909807972767239 0.2991450482734799 0.9072367651368989 0.06271516281998368 2.4140199588041567
2.0 0.3 0.01 -0.05347855492127701 0.05163605776374942 0.07465684281430858 0.37327726766258573 1.8105388842404744 1.0966476446629037 0.013382031520684496 0.29823705264099043 0.9118699199936626 0.0652043269740494 2.438160158392198
2.0 0.31 0.01 -0.05333162308520267 0.05140649287111251 0.0744157560098468 0.38315893518343425 1.8021943792098027 1.0983002343999262 0.01381645183352471 0.29727195680300406 0.9104978481101442 0.06801025805715151 2.438160158392199
2.0 0.32 0.01 -0.05318022378501275 0.05116234930256635 0.07416422236544416 0.3929241798579147 1.7936059748456488 1.1000208154109368 0.014251025610789093 0.2962649156233882 0.9090737065974771 0.07087317627377861 2.4381601583921997
2.0 0.33 0.01 -0.05323101787023321 0.050926818527903116 0.07391160869538005 0.40560763381330583 1.7842347537833532 1.0946172906065748 0.014720556470609556 0.2952524656250281 0.9135613045595663 0.07350412187612443 2.462541759976121
2.0 0.34 0.01 -0.05306939255877785 0.05066011777441182 0.073641680346053 0.4151105417218545 1.775111936015933 1.096448306176072 0.015155463264460541 0.2941718719175917 0.9120357014254132 0.07648168875549516 2.4625417599761206
2.0 0.35 0.01 -0.05310558484323552 0.050399210534168 0.07336928524446452 0.42748133160723867 1.7651467831538976 1.0912064499066243 0.0156236217602891 0.29308006596143243 0.9164168705981991 0.07921770828097047 2.4871671775758815
2.0 0.36 0.01 -0.05293320069803292 0.05010809974850842 0.07307985597729175 0.4367291014227129 1.7554793711351941 1.093153506515618 0.016059831402104045 0.29192153605064086 0.9147846062237492 0.08232135439383945 2.4871671775758823
2.0 0.37 0.01 -0.052954072241149786 0.04982019289096747 0.07278664485595074 0.4487480813114411 1.7449060781355072 1.0880768657560085 0.0165252571116911 0.29074640312888433 0.9190527172041182 0.08517346168522383 2.512038849351642
2.0 0.38 0.01 -0.052770299793149344 0.04950298359487189 0.07247659677484157 0.4577764597863633 1.7346828802075835 1.0901473840363785 0.01696589647771785 0.28950515812795 0.9173071592369474 0.08841761947922172 2.512038849351643
2.0 0.39 0.01 -0.052775021537487365 0.049187709292749675 0.07216194395017968 0.46949803256051437 1.7234797156312551 1.0852384804799504 0.017434189250063837 0.28824423527093096 0.921456452187123 0.09140361446736277 2.53715923784516
2.0 0.4 0.01 -0.052579125001972316 0.04884061890833521 0.0718292446554065 0.4782320838916285 1.7126938323318786 1.0874422695770851 0.017874277911553414 0.28691232302306036 0.9195890466800665 0.09479867407744146 2.537159237845161
2.0 0.41 0.01 -0.05256674424154145 0.048495717582070504 0.07149167463070623 0.489618607694921 1.7008457343113585 1.0827084659067288 0.018344283049948867 0.2855596139804804 0.9236096617777313 0.0979334765635339 2.562530830223613
2.0 0.42 0.01 -0.052357867767276745 0.048116399265534765 0.07113477327726274 0.49809358899648554 1.689479659392826 1.0850542177599383 0.018787011736861627 0.28413068010293474 0.9216129329135918 0.10149787289077764 2.562530830223614
2.0 0.43 0.01 -0.052327292127641756 0.047740020650249376 0.07077286422416948 0.5091510488724184 1.676964151826422 1.0805022683300491 0.01926112049647827 0.2826805107266789 0.9254955119580932 0.10480175005463704 2.588156138525851
2.0 0.44 0.01 -0.05228549635623286 0.047343148733605026 0.07039661569288777 0.5200064102270513 1.664089434655434 1.0760756219851475 0.019736191406343313 0.2811732108064099 0.929302717735764 0.10819445686350297 2.61403769991111
2.0 0.45 0.01 -0.05205442171687297 0.04691432594279197 0.07000149491493254 0.5280674515967323 1.6517937151125506 1.0786385405000136 0.020185134621355533 0.2795910841113659 0.9270946312899586 0.11204896488382553 2.6140376999111092
2.0 0.46 0.01 -0.05199244957059446 0.04648188565782102 0.06959803688469654 0.5385659877120204 1.63822077849606 1.0744087955986126 0.020665218316080553 0.27797454329525834 0.9307444280953089 0.11564491507832941 2.640178076910221
2.0 0.47 0.01 -0.05174555101442696 0.04601173407611287 0.0691730626199926 0.5463710840995546 1.625295388389517 1.0771421947723618 0.02111929486386462 0.2762727414710504 0.928382533757611 0.11972403895530107 2.6401780769102214
2.0 0.48 0.01 -0.05166185826780112 0.04554053232891627 0.06874011384592184 0.5565156601950645 1.610991837979003 1.0731190150242493 0.021607158995527304 0.27453805886280874 0.9318630888088433 0.12355327000226136 2.666579857679324
2.0 0.49 0.01 -0.051564898448074936 0.045045642049748695 0.06829031001426926 0.5664490760865475 1.596292213386388 1.0692325744436408 0.02209911156606742 0.2727360699742244 0.9352502195514709 0.12750942681051386 2.693245656256118
2.0 0.5 0.01 -0.051454154174186306 0.044526488505072605 0.0678231148298302 0.5761767845441089 1.5811894287671961 1.0654862455176133 0.0225967485731916 0.27086439726577743 0.9385386289188558 0.1316032024121634 2.7201781128186795
2.0 0.51 0.01 -0.05116902529727563 0.04396923821362053 0.06733312793688517 0.5833780489353212 1.5668739375408722 1.0685739298907588 0.023064152379266442 0.2689019267217132 0.9358266864158202 0.13622311820617392 2.7201781128186795
2.0 0.52 0.01 -0.05103263428773119 0.04340201640640883 0.06683023712454085 0.5927091117773988 1.5509814427647692 1.0650631977781424 0.023571403052107295 0.26688702619412935 0.9389114205486845 0.14062410421547292 2.7473798939468663
2.0 0.53 0.01 -0.05088069933646827 0.0428063946893336 0.06630724049035788 0.6018015436816481 1.5346595407543346 1.0617032228899144 0.024083917940506152 0.26479166581196695 0.9418827959079179 0.14519562679483441 2.7748536928863343
2.0 0.54 0.01 -0.05071252433733031 0.04218044587139448 0.06576298188091681 0.610633235722993 1.5179044818663714 1.0584997816378467 0.024600083078480807 0.2626109010890605 0.9447333077883794 0.14994917559636642 2.8026022298151974
2.0 0.55 0.01 -0.05052735601151537 0.041523842859873226 0.0651968354208555 0.6192431062340283 1.5006968054311662 1.055455824375024 0.025125943091372706 0.26034204264810124 0.9474579389356623 0.15490673119816412 2.8306282521133497
2.0 0.56 0.01 -0.050181561875836334 0.04082641641959666 0.06460465554386413 0.6257546703376383 1.4844159084460213 1.0590772821616532 0.025633715552604908 0.2579689451111612 0.9442181574879298 0.16047555593341417 2.8306282521133506
2.0 0.57 0.01 -0.049963794275386 0.04011286121402556 0.0639944972271603 0.6342233415951466 1.4662434353030143 1.0563015352937672 0.026215678547372164 0.255524154985017 0.946699371900364 0.165939226231167 2.8589345346344848
2.0 0.58 0.01 -0.049726431646971714 0.03935635410067859 0.06335622510895336 0.6422526336953688 1.447625525722894 1.0537014696413094 0.02678400107653548 0.25296756166545387 0.9490354040603275 0.17163648352842625 2.887523879980829
2.0 0.59 0.01 -0.049468426432079715 0.03855764924543416 0.06268940465729442 0.6499572240427248 1.4285303542651642 1.0512820964592597 0.027354281006870738 0.2502963402304117 0.9512194713179467 0.1776085532929699 2.916399118780638
2.0 0.6 0.01 -0.049188635555440285 0.03771743290022854 0.06199346488419726 0.6574124353739241 1.4089926699543842 1.049048817893532 0.027935601651713875 0.2475086870632074 0.9532444848543649 0.1838868627145916 2.9455631099684436
2.0 0.61 0.01 -0.04888580867558956 0.036833462440409324 0.06126672646005532 0.6646993710896284 1.3888389225771798 1.0469959565617155 0.0285505145167258 0.24459716605409476 0.9551135262106958 0.19054612025462483 2.9750187410681277
2.0 0.62 0.01 -0.048558576417818244 0.035901034865685785 0.06050659495775336 0.6717498601985107 1.3681377190268238 1.0451331972103182 0.029188441761637002 0.2415517627356305 0.9568158419129849 0.19760214277108928 3.0047689284788097
2.0 0.63 0.01 -0.04820543283218276 0.03491606430151356 0.05971059729488553 0.6785559251243083 1.3468764540870248 1.0434634353822325 0.029851288568339417 0.23836262018200988 0.9583469492955337 0.2050985759270807 3.034816617763598
2.0 0.64 0.01 -0.04793306760352051 0.03388658265671754 0.05888006837617639 0.6865555500121387 1.3232745539456736 1.0359459801102648 0.030631405957520338 0.2350352844036362 0.965301298715944 0.21284252539614038 3.0955129501188683
2.0 0.65 0.01 -0.04751838511143719 0.03278453051750832 0.05800450864847725 0.6927846511785141 1.3008114804730073 1.034718616210113 0.03136169241130635 0.23152733440432488 0.9664463210903875 0.22141263999566327 3.1264680796200577
2.0 0.66 0.01 -0.04707214131934162 0.03161641973996628 0.05708452113067136 0.6987293648468361 1.2778181419810761 1.0336708660121041 0.032117782306020394 0.22784489464746066 0.967425931097385 0.2305855307943961 3.1577327604162586
2.0 0.67 0.01 -0.046685436947571435 0.030384758615770953 0.05611909751837373 0.7056777971699105 1.2522932677389411 1.0270031254075858 0.033044536769062195 0.2239776498219685 0.9737068712455289 0.24035098282555592 3.2208874156245844
2.0 0.68 0.01 -0.04616407400927708 0.029068211735868155 0.05509962621754773 0.7110849949976285 1.227981691176433 1.0263798211089874 0.03391455218357052 0.21989355026780077 0.9742981880913396 0.2511176076235344 3.25309628978083
2.0 0.69 0.01 -0.045603369710468106 0.02766673316946754 0.0540239028512594 0.7162516177655576 1.2030493424901874 1.0259012941903785 0.03484298414964317 0.21558448130112393 0.9747526449795355 0.2628233848115973 3.285627252678639
2.0 0.7 0.01 -0.045077476306673886 0.02618416642336051 0.052890520642279254 0.7221514230732041 1.1755786798958372 1.0199736514410471 0.03599594271226759 0.21104499796140053 0.9804174829292626 0.2756380322621928 3.3513397977322135
2.0 0.71 0.01 -0.04449399984040814 0.02460402440506584 0.051691596625523376 0.7276633323593592 1.1474960136570052 1.0143064803793922 0.03726181036988442 0.20624314304861044 0.9858953081182709 0.2898611675281664 3.4183665936868564
2.0 0.72 0.01 -0.04378342225790502 0.022917470569783785 0.05042126062272043 0.7320050783193234 1.1207199079797825 1.0141232601659134 0.03847639441537471 0.20115549506471736 0.986073428427623 0.3055792732166742 3.4525502596237256
2.0 0.73 0.01 -0.04307715342741797 0.021131531905910966 0.049077699859813084 0.7368522760537176 1.0915385434953129 1.0086086318441958 0.04001352113200407 0.19577526487254998 0.9914648441700776 0.32334188599447794 3.5216012648161987
2.0 0.74 0.01 -0.04229836146789778 0.01923968438186509 0.04765457139914327 0.7413636339718093 1.0619399055842536 1.0030495096480685 0.041739860548577874 0.19007647582259266 0.9969597615883009 0.3434559790222551 3.592033290112524
2.0 0.75 0.01 -0.04148651368321621 0.017249958063935176 0.0461489237301964 0.7460856796052681 1.0303790194764406 0.9924823384738493 0.04392842470501652 0.18404751611412654 1.007574604841543 0.36687209301903356 3.6997942888159
2.0 0.76 0.01 -0.04068866690080947 0.015154117674776962 0.044552756715816544 0.7514533922863795 0.9944862285652654 0.9684423543830838 0.04708400494251817 0.1776819351811193 1.0325859825048842 0.3955111268933525 3.9217819461448538
2.0 0.77 0.01 -0.039589710143708046 0.013019953444392567 0.04287674730979069 0.7545470938140695 0.9665301031065776 0.9666647615680262 0.04954205238395261 0.1709447151518136 1.0344847973747386 0.4262788365275906 3.960999765606301
2.0 0.78 0.01 -0.038529785260035726 0.010862131510407037 0.04111683259256036 0.7587155178072635 0.9333985820563082 0.9432769594014152 0.053467148392312557 0.16391395859857996 1.060134025360462 0.4651962499556844 4.19865975154268
2.0 0.79 0.01 -0.03736970130616918 0.008753577734108097 0.039282408154514996 0.7630433933946983 0.899606693844256 0.910731269827977 0.05891347449772525 0.15655445311835592 1.0980187384900966 0.5144171735847511 4.576539129181521
2.0 0.8 0.01 -0.03602604742509399 0.006804354550252374 0.037390075336604434 0.7664527564464428 0.8708468334043986 0.8806446287434198 0.06438723565004602 0.1489756546156516 1.135531822214015 0.5708548912862946 4.988427650807858
2.0 0.81 0.01 -0.03450456562261005 0.005079282857251522 0.03544735561814675 0.7693837493273443 0.8476392638703264 0.85509192101618 0.0695015062461839 0.14118438686247206 1.1694649141481932 0.6344513416464185 5.387501862872488
2.0 0.82 0.01 -0.03284241780453613 0.003656298673122503 0.033468490767757285 0.7725043743345688 0.8294551578269522 0.8289969581746304 0.07419001515308803 0.1333316013543962 1.2062770437685342 0.705927425153555 5.840052019353777
2.0 0.83 0.01 -0.03106164998276341 0.002507679913059887 0.031456313053165874 0.7762445370336302 0.8166513781711165 0.8030378225257513 0.07776831944821863 0.1252474090492552 1.245271358271462 0.7831799773004333 6.35397659705691
2.0 0.84 0.01 -0.0291921779480315 0.001661864925780188 0.029432570615045756 0.7811676100101131 0.8093471558507327 0.7778668246766243 0.07987293661259853 0.11711731432659657 1.2855671025894726 0.8635972855763504 6.913126537597917
2.0 0.85 0.01 -0.027356866524976473 0.0016056684805479465 0.02746790548597014 0.789306470564829 0.803523736872649 0.6783565793901172 0.08550056779755622 0.10921066268880866 1.4741509559751895 0.9615993497855929 14.460406204985281
2.0 0.855 0.01 -0.026374352845114607 0.0013898574961808937 0.026463678767535748 0.7928180912462921 0.8046820984616913 0.6705825394316189 0.08449393229552758 0.10518209682324911 1.4912407365208074 0.9997902912206373 15.559397076564165
2.0 0.86 0.01 -0.025395311857204186 0.001207639688007668 0.025467984902694227 0.7967036501493262 0.8066260067456635 0.6637754583283595 0.08315943955284892 0.10119864819387127 1.506533553557981 1.0378206150821145 16.617436077770535
2.0 0.865 0.01 -0.024425331517197085 0.0010581559478883057 0.024484074551859275 0.8011315715707255 0.8094123855900506 0.6561601672744235 0.08157691917073642 0.09724774949478356 1.5240181435484323 1.0741005713552765 18.013300708303255
2.0 0.87 0.01 -0.02346698329658458 0.0009387644259152094 0.02351497139043418 0.8059196225269939 0.8128211268453913 0.6488086687360344 0.07978815610969521 0.09335914057127687 1.5412864349487416 1.1099501791923265 19.562444569217337
2.0 0.875 0.01 -0.02252370126106095 0.0008506131083627212 0.022563666282607694 0.8110884188561228 0.8168376992528009 0.6419482744223259 0.07782455225856809 0.08954220771091095 1.557757906429266 1.14481503015081 21.28393969130846
2.0 0.88 0.01 -0.02159857317187222 0.000798196251401424 0.021633042178603096 0.8166319780336974 0.8214100720309356 0.6360261494091404 0.07574981066666697 0.08581101066286748 1.5722623997912515 1.1785628202859197 23.156926384143606
2.0 0.885 0.01 -0.020694447146813413 0.0007877906259947673 0.020725715211258922 0.8225652815294254 0.8264973651931511 0.6317553445190995 0.07365680337679133 0.08217331075368806 1.5828912389513894 1.2109632750032335 25.194735905948246
2.0 0.89 0.01 -0.01981358349866562 0.0008348333093604311 0.019844049871993636 0.8289692950246661 0.8320863471708345 0.6314136641656951 0.07175245162326829 0.07863922904921145 1.5837477976048022 1.2415835849896457 27.401794771309316
3.0 0.0 0.001 -0.2927852522697122 -6.830619811577072e-7 0.29278486570164375 0.4725502210167147 1.3551081282383017 0.4234896564921202 0.12017654306691292 1.1711367471142968 2.3613327614262682 0.0 1.7669901808140895
