#1=α 2=ρ 3=ϕ 4=q0 5=δq 6=qh0 7=δqh 8=ρh 
1.7 0.41 -0.0006428988572747749 2.331423712018152 28.98703934551145 0.0025746238650856414 0.03449817651538969 0.01414425237130977
1.7 0.42 -0.0006857389675002795 2.3262863000041123 27.980156709360593 0.0027460927853058 0.03573961398384363 0.015010637873214324
1.7 0.43 -0.0007310667357046455 2.32098724143183 27.0123829045986 0.002927474976409874 0.03702005867204554 0.01591862522897958
1.7 0.44 -0.000778978545087558 2.3155224054253316 26.082050900660708 0.003119220111139097 0.03834054322678544 0.016869839019785594
1.7 0.45 -0.0008295826763780531 2.309886864723405 25.187862725821674 0.0033217093834505143 0.039701661505993385 0.017865747677697025
1.7 0.46 -0.0008829943210562005 2.304077900911059 24.328123663290306 0.0035354414600053223 0.04110469076203113 0.01890815775053432
1.7 0.47 -0.0009393106632739762 2.298090286587695 23.501559561043894 0.0037608231986833575 0.04255036766400799 0.019998672802083756
1.7 0.48 -0.0009986687152977389 2.291919956957298 22.706916174407745 0.003998261821910313 0.04403944561732556 0.02113893389631627
1.7 0.49 -0.0010611617447049693 2.285561953786568 21.94241601343458 0.0042483717905902624 0.04557383286269546 0.022331178102720773
1.7 0.5 -0.0011269252255259668 2.279012170812777 21.207066791594375 0.004511525783597057 0.047154093011880345 0.023577046505940173
1.7 0.51 -0.0011960626310391562 2.2722625719310314 20.499676653595646 0.004788164304805671 0.048781257231420766 0.02487844118802459
1.7 0.52 -0.001268716151755979 2.2653093359829404 19.818798432211295 0.00507888666201989 0.050457145695306634 0.02623771576155945
1.7 0.53 -0.0013450093974962732 2.258146130816597 19.163462510263813 0.005384095710275339 0.05218263659108614 0.027656797393275655
1.7 0.54 -0.00142506442762428 2.2507648410693184 18.53229625088354 0.005704433350122582 0.05395985400094844 0.029138321160512157
1.7 0.55 -0.0015089946523335895 2.2431592731596885 17.924485885098196 0.006040263377815533 0.05578960570530873 0.030684283137919804
1.7 0.56 -0.00159696866166259 2.23532070364408 17.338720093484834 0.006392286000529572 0.05767438395731171 0.032297655016094565
1.7 0.57 -0.001689101724425622 2.227240634798971 16.774344328310377 0.0067607858163305605 0.05961484874924626 0.03398046378707036
1.7 0.58 -0.001785522538062391 2.2189124659311896 16.230061826497394 0.007146567702425186 0.061614059803973636 0.03573615468630471
1.7 0.59 -0.0018863610185518298 2.210324582954423 15.7051054201331 0.007550058966918773 0.06367356176533867 0.03756740144154981
1.7 0.6 -0.001991771697624635 2.201465307347041 15.198652345117257 0.007971744654395064 0.06579530719519758 0.039477184317118545
1.7 0.61 -0.00210189029544508 2.192326699885675 14.70981356036919 0.008412230109001348 0.06798182695490954 0.041468914442494814
1.7 0.62 -0.0022168469550515046 2.182893267585065 14.237664879316359 0.00887219918790322 0.07023623666355155 0.043546466731401966
1.7 0.63 -0.0023367724575478477 2.173152711616509 13.781652150566043 0.009351950204538356 0.07256024089672934 0.04571295176493949
1.7 0.64 -0.002461847574059997 2.1630905459171137 13.340758494378477 0.009852407908013403 0.07495825671541687 0.04797328429786679
1.7 0.65 -0.0025921662659003086 2.1526893202718087 12.914585776235354 0.010373675644756213 0.07743182919890006 0.05033068897928504
1.7 0.66 -0.0027278676258626483 2.141932108468897 12.502282225705946 0.010916538889393151 0.07998539642177488 0.052790361638371426
1.7 0.67 -0.0028691075123773307 2.130800537952384 12.103150881153748 0.011481626492325633 0.0826231127595985 0.055357485548930996
1.7 0.68 -0.0030160189663064746 2.119270342181099 11.716646491869723 0.01206929411062838 0.08534865336202711 0.05803708428617844
1.7 0.69 -0.003168726226780133 2.1073202446456816 11.342067925917117 0.012680258727267094 0.08816734360362599 0.06083546708650193
1.7 0.7 -0.003327322624054607 2.0949193575282172 10.978934585018385 0.013314743987206987 0.09108351928470165 0.06375846349929115
1.7 0.71 -0.0034919954021148253 2.082041444270002 10.62656052083658 0.013973507842663683 0.09410382579002849 0.06681371631092023
1.7 0.72 -0.0036627998503145492 2.0686501441346805 10.284442347602964 0.014656837892000856 0.09723424627229049 0.07000865731604915
1.7 0.73 -0.003839848525768935 2.0547084633618873 9.951992429374437 0.015365260269858879 0.10048239155090052 0.07335214583215738
1.7 0.74 -0.004023218914730162 2.0401684016047117 9.628833256241741 0.016098555571045108 0.10385474266591599 0.07685250957277782
1.7 0.75 -0.004213027407251102 2.0249854587432847 9.314119066127365 0.01685807516415788 0.10736388410973804 0.08052291308230353
1.7 0.76 -0.00440928941505804 2.0090948963057205 9.007591981420942 0.017642998317500283 0.11101746194350275 0.08437327107706209
1.7 0.77 -0.004612069994989226 1.9924304058391074 8.70848251610121 0.01845429122058402 0.11483056871861302 0.08841953791333203
1.7 0.78 -0.004821345065170207 1.9749115186903032 8.41637946070834 0.019291352696392997 0.11881593560134443 0.09267642976904866
1.7 0.79 -0.005037114703583687 1.9564395061044157 8.130547297317698 0.02015465389006611 0.12299295034294977 0.09716443077093032
1.7 0.8 -0.0052592759513442194 1.9368984609194688 7.8504861267343635 0.021043252867834487 0.12738064673403593 0.10190451738722875
1.7 0.81 -0.005487701708783765 1.9161428479127969 7.575427002188956 0.021956902750353256 0.13200576016520854 0.10692466573381892
1.7 0.82 -0.005722200548198622 1.8939897532127847 7.304525939400219 0.022895034898413148 0.13690142362368157 0.11225916737141889
1.7 0.83 -0.005962420588579695 1.8702125118887243 7.036955156500243 0.023855868759829073 0.14210691666498265 0.1179487408319356
1.7 0.84 -0.0062079306528284445 1.8445057814107875 6.771524665768476 0.024837899646441775 0.14767722918521092 0.12404887251557717
1.7 0.85 -0.0064581134535653395 1.8164550194636992 6.506789272999849 0.02583842166107821 0.153685628663208 0.1306327843637268
1.7 0.86 -0.006712055658441934 1.78548288131428 6.24068020352315 0.026854631552384548 0.16023894309396822 0.13780549106081266
1.7 0.87 -0.006968404670385009 1.7507056623226411 5.970425881893479 0.027879876413426947 0.16749223921072395 0.14571824811332984
1.7 0.88 -0.008416364492850426 0.8271628539283157 1.2517199556545178 0.033675490197391 0.7989007409226013 0.7030326520118891
1.7 0.89 -0.00729684327588781 0.8275288069609793 1.1017444490266723 0.029187358059892955 0.9076514983882535 0.8078098335655457
1.7 0.9 -0.00618093202310711 0.8353624022289109 1.0128337626502053 0.02472373305137591 0.9873288558068757 0.8885959702261881
1.7 0.91 -0.0051102449721566225 0.846544473898124 0.9499094192139763 0.020440988028650773 1.0527319550399576 0.9579860790863615
1.7 0.92 -0.004109203259891994 0.859766560172452 0.9017805698125052 0.016436824218813414 1.1089172171983215 1.0202038398224558
1.7 0.93 -0.003194630025091086 0.8744222978209979 0.8632373271331907 0.012778542970691963 1.1584299804562412 1.0773398818243045
1.7 0.94 -0.002379045030032681 0.8901780407825264 0.8314121476263532 0.009516205905495225 1.2027729001253566 1.130606526117835
1.7 0.95 -0.001672195217945518 0.9068297156573976 0.8045539426941855 0.006688812796707561 1.2429247399513452 1.1807785029537778
1.7 0.96 -0.001081907436075633 0.9242431356416246 0.7815064547187772 0.004327671748192408 1.2795799624711315 1.2283967639722861
1.7 0.97 -0.0006145996727526617 0.9423254646695054 0.7614632547410471 0.0024584340141485784 1.3132610060613794 1.273863175879538
1.7 0.98 -0.0002756189058049402 0.9610100328053469 0.743851239939663 0.0011025061173203289 1.3443548203013205 1.317467723895294
1.7 0.99 -6.947332227433411e-5 0.980247390844684 0.7282408053819194 0.0002779204393914421 1.3731721603756588 1.3594404387719021
1.7 1.0 -2.2207834863185403e-17 1.0000000000000007 0.7142769269488228 1.280053335183668e-15 1.4000172233921941 1.4000172233921941
2.0 0.0 -0.01810587418548998 1.981894125617773 5.2306612164941315 0.07243813593041147 0.1911804184233238 0.0
2.0 0.01 -0.018107536519076123 1.9818306868959317 5.230192012603095 0.07244515870761417 0.1911975693416836 0.001911975693416836
2.0 0.02 -0.018112535586676554 1.9816402931172994 5.228863437485289 0.07246404162644668 0.19124614975236928 0.0038249229950473858
2.0 0.03 -0.018120871091754365 1.981322869303217 5.226580532205726 0.07249743476038556 0.19132968368861603 0.005739890510658481
2.0 0.04 -0.018132543461560707 1.9808783198021567 5.22337292214776 0.0725445516399975 0.19144717693042246 0.007657887077216898
2.0 0.05 -0.01814755565580145 1.9803063445474387 5.219272285359467 0.07260455320811958 0.19159759164224693 0.009579879582112347
2.0 0.06 -0.018165901430115566 1.9796066220055835 5.214236495522101 0.07267866571242255 0.19178263219529518 0.01150695793171771
2.0 0.07 -0.018187582972718663 1.9787788101657675 5.208350006367781 0.07276460258582258 0.1919993853672257 0.0134399569757058
2.0 0.08 -0.018212604656795556 1.977822525033931 5.201521170937918 0.07286500070872326 0.19225145243803438 0.01538011619504275
2.0 0.09 -0.018240978960943066 1.9767372529818836 5.193799141834734 0.07297857829011566 0.19253728777173032 0.01732835589945573
2.0 0.1 -0.018272679380036738 1.9755223424819872 5.185187008273739 0.0731053459230176 0.19285707504943425 0.019285707504943427
2.0 0.11 -0.018307728387217143 1.9741771408241087 5.175687503589727 0.07324533752023167 0.1932110467075968 0.021253215137835648
2.0 0.12 -0.018346117377757376 1.9727010575240573 5.16530240210052 0.07339862999866514 0.19359950728022052 0.023231940873626462
2.0 0.13 -0.01838785090844952 1.9710932216902801 5.154034437974006 0.0735652762931614 0.1940227625628922 0.025222959133175987
2.0 0.14 -0.018432930472900705 1.969352683732622 5.14184718034846 0.07374646321227676 0.19448263725570905 0.02722756921579927
2.0 0.15 -0.0184813573860651 1.9674784987009544 5.128834373272216 0.0739396610947378 0.19497607589187874 0.02924641138378181
2.0 0.16 -0.018533128633296175 1.965469750795332 5.114909815947072 0.07414751650151014 0.19550686834834077 0.031281098935734525
2.0 0.17 -0.01858823966926404 1.963325146055008 5.100172092674775 0.07436734346355311 0.19607181519154424 0.03333220858256252
2.0 0.18 -0.018646703742437598 1.961043552514301 5.084534802438405 0.0746018368976836 0.19667482647978476 0.03540146876636126
2.0 0.19 -0.018708514612242128 1.9586236550655167 5.068095742954641 0.07484832239634519 0.1973127680924614 0.03748942593756767
2.0 0.2 -0.018773664785154076 1.956064121202895 5.050769717266177 0.07510950552150973 0.19798962454801217 0.039597924909602435
2.0 0.21 -0.018842147310581675 1.9533631239526943 5.0326573146177935 0.07538259192762489 0.198702184052034 0.041727458650927134
2.0 0.22 -0.01891398934449856 1.9505194778218056 5.013670300861733 0.07567043840617053 0.19945467890621432 0.04388002935936715
2.0 0.23 -0.018989179712943227 1.9475314193980675 4.993863464942387 0.07597162335323224 0.20024576302899316 0.04605652549666843
2.0 0.24 -0.01906768105103479 1.9443968372962446 4.973291138369503 0.07628468761038638 0.2010740920202493 0.048257782084859834
2.0 0.25 -0.019149526026458696 1.9411139259632495 4.951869294916143 0.07661242188645559 0.20194394085212508 0.05048598521303127
2.0 0.26 -0.01923467126275588 1.9376805707972191 4.92965255668332 0.07695337926548317 0.2028540527961269 0.05274205372699299
2.0 0.27 -0.0193231686973572 1.9340947519210472 4.906689480418745 0.07730626126888192 0.2038034002336456 0.05502691806308432
2.0 0.28 -0.019414952142479486 1.9303539422365683 4.882902579879747 0.07767371234583219 0.20479622184570132 0.05734294211679637
2.0 0.29 -0.019510057812278353 1.9264556699387099 4.858343671335749 0.07805433168454888 0.20583146595824514 0.059691125127891084
2.0 0.3 -0.019608422365907208 1.9223975253931977 4.833018758542371 0.07844815518819184 0.2069100183467109 0.06207300550401327
2.0 0.31 -0.01971008966058016 1.9181759192860557 4.806943662058635 0.07885484894466106 0.20803239444910349 0.06449004227922207
2.0 0.32 -0.019815000517427628 1.913789033131171 4.78011587315709 0.07927475077769851 0.20919994965300642 0.06694398388896206
2.0 0.33 -0.01992315872780595 1.9092330712007883 4.75259134725888 0.0797061649030055 0.2104115264563538 0.06943580373059675
2.0 0.34 -0.02003452817089768 1.904504472356929 4.724294423802776 0.08015179239841512 0.21167182023237652 0.07196841887900803
2.0 0.35 -0.020149109689715228 1.8995999339052143 4.695273294912949 0.08061021855117588 0.2129801477335602 0.07454305170674606
2.0 0.36 -0.020266851367887223 1.894515470258766 4.66553733648053 0.08108127537914107 0.2143375838364536 0.07716153018112329
2.0 0.37 -0.020387762696810224 1.889247418685876 4.635090496239579 0.08156498817741839 0.21574551798099603 0.07982584165296853
2.0 0.38 -0.02051175165365801 1.883791167434757 4.603942864946497 0.08206111424866892 0.21720512815521684 0.0825379486989824
2.0 0.39 -0.020638845942610173 1.8781418541087436 4.572103810932499 0.08256940542860607 0.21871769350662357 0.08529990046758319
2.0 0.4 -0.020768928369073014 1.872294412904101 4.539581014894125 0.08308964385553506 0.22028464669295533 0.08811385867718213
2.0 0.41 -0.02090203751252434 1.866245207821168 4.506367211940972 0.08362221503041294 0.221908236272934 0.09098237687190293
2.0 0.42 -0.02103803669619106 1.859986704614637 4.472484850537028 0.08416620219626449 0.22358935433396185 0.09390752882026397
2.0 0.43 -0.021176977431375726 1.8535140522569493 4.4379295566171155 0.08472178316372682 0.22533030036697255 0.0968920291577982
2.0 0.44 -0.02131869927436736 1.846820928023622 4.4027057434207455 0.08528871555105301 0.22713305368962397 0.09993854362343454
2.0 0.45 -0.02146313334084865 1.839899259843841 4.366827003094259 0.08586627349159416 0.2289992251333559 0.10304965131001016
2.0 0.46 -0.021610246340175332 1.8327431728425951 4.330284829036901 0.0864546674772156 0.23093169144312617 0.10622857806383804
2.0 0.47 -0.02175991367640584 1.8253436769544238 4.293090011822172 0.08705314937534839 0.23293245593412495 0.10947825428903872
2.0 0.48 -0.021912061009028566 1.8176931112093941 4.25523750584592 0.08766162580830276 0.235004508826166 0.11280216423655967
2.0 0.49 -0.022066557567767014 1.8097817316001208 4.216731907413955 0.0882794509599739 0.23715048097835603 0.11620373567939446
2.0 0.5 -0.022223299768382193 1.8015997545634055 4.177570890076164 0.08890619949594386 0.23937355614371594 0.11968677807185797
2.0 0.51 -0.0223821297298559 1.7931367717648836 4.137714115520786 0.08954299372087958 0.24167933600075142 0.12325646136038322
2.0 0.52 -0.022542952024209 1.7843809984873167 4.097232714739174 0.09018600744853016 0.24406717158209043 0.12691492922268702
2.0 0.53 -0.02270553092809774 1.7753189024062974 4.056089123386712 0.09083586873122391 0.2465429061294961 0.13066774024863292
2.0 0.54 -0.02286973246722701 1.7659387027527227 4.014262868845491 0.09149253265812547 0.2491117379883001 0.13452033851368206
2.0 0.55 -0.023035289867941844 1.7562233266900478 3.9717569127088272 0.09215447707298986 0.25177774520897794 0.13847775986493788
2.0 0.56 -0.023202051237426774 1.7461570296837847 3.9285537659644247 0.09282105870533681 0.2545465989707561 0.14254609542362343
2.0 0.57 -0.023369696017457114 1.7357216016984045 3.884637939357893 0.09349125850156857 0.2574242479249672 0.1467318213172313
2.0 0.58 -0.023537995750322088 1.7248979695441555 3.839952683738556 0.09416586562517099 0.2604198755455512 0.15104352781641966
2.0 0.59 -0.02370661002950228 1.71366271669252 3.794549854670056 0.09483990812366973 0.263535870735569 0.1554861637339857
2.0 0.6 -0.02387518444512171 1.7019910493769304 3.7483679461833592 0.0955135943049174 0.26678277435869496 0.16006966461521696
2.0 0.61 -0.024043334907489 1.6898565555836396 3.701368238822664 0.09618571937577035 0.270170362816449 0.1648039213180339
2.0 0.62 -0.024210581206958792 1.6772275381373827 3.653484438839162 0.09685589765306431 0.2737113067649289 0.1697010101942559
2.0 0.63 -0.024376472804424537 1.6640700216797528 3.6047310723522994 0.09751897990666823 0.2774132050154413 0.17477031915972802
2.0 0.64 -0.0245403946008817 1.6503432779689173 3.555024777721 0.0981740408511219 0.2812919916246166 0.1800268746397546
2.0 0.65 -0.024701756810719955 1.6360034981556326 3.5042930827356176 0.09881893972886388 0.28536425932141285 0.18548676855891835
2.0 0.66 -0.024859808116897225 1.6209989386028292 3.4524271224394996 0.09945245184801589 0.2896512987921946 0.19116985720284843
2.0 0.67 -0.025013731967417574 1.6052687714247138 3.3993946688607224 0.10006752923005281 0.2941700206687508 0.19709391384806305
2.0 0.68 -0.025162529926446242 1.5887423974671178 3.34504851865691 0.10066200793792546 0.2989493259731598 0.2032855416617487
2.0 0.69 -0.025305170064904375 1.5713378898766774 3.289214498465223 0.10123345706992448 0.3040239547972955 0.20977652881013387
2.0 0.7 -0.025440293962017912 1.552956275309675 3.2317740322353434 0.1017731990994021 0.3094275744608057 0.21659930212256398
2.0 0.71 -0.02556644861891011 1.5334773238337027 3.1724772430594386 0.10227690231721163 0.31521108691567196 0.22379987171012708
2.0 0.72 -0.025681804329399288 1.512754229202332 3.1110171806047235 0.10273922993278542 0.32143827627644883 0.23143555891904316
2.0 0.73 -0.025784273381100398 1.4906014484899324 3.0470881598236392 0.10314783218813614 0.32818216853229426 0.2395729830285748
2.0 0.74 -0.025871174615808762 1.4667861123117394 2.9801541183849976 0.10349658163217829 0.33555311580393 0.2483093056949082
2.0 0.75 -0.025939384241069507 1.4409952073005559 2.909627584020113 0.10376827229155168 0.34368659600701923 0.2577649470052644
2.0 0.76 -0.025984764192112486 1.4128070663660266 2.8345517912104747 0.10395020902194037 0.3527894614947068 0.2681199907359772
2.0 0.77 -0.02600204493823907 1.3816253744392943 2.753649756522644 0.10401797913476157 0.36315439087025253 0.2796288809700945
2.0 0.78 -0.02598412801814362 1.3465522708497242 2.6648594760835045 0.10394349963514228 0.37525430851974295 0.2926983606453995
2.0 0.79 -0.02592082852310265 1.3061267610806513 2.5647074559396095 0.10368734328041432 0.3899080176509405 0.30802733394424303
2.0 0.8 -0.02579665153517255 1.257699587467175 2.446670369829346 0.1031873326450188 0.4087187274310881 0.3269749819448705
2.0 0.81 -0.025584363799425164 1.1952921006278285 2.2953823754930194 0.10233717769042955 0.4356572615859754 0.3528823818846401
2.0 0.82 -0.025220611252516734 1.097065596112821 2.051710756168522 0.1008822611694546 0.4873981368930654 0.3996664722523136
2.0 0.83 -0.02397816965065172 0.7889649828435512 1.0214171434616304 0.09591263879848262 0.9790319326450243 0.8125965040953701
2.0 0.84 -0.02187772145572653 0.7713997852868336 0.8671226258616842 0.087511159786978 1.153239426783809 0.9687211184983996
2.0 0.85 -0.019666157449482476 0.7711459439444381 0.7863820739103435 0.07866461567371655 1.2716464848027695 1.0808995120823541
2.0 0.86 -0.01744952311746751 0.7769942977170099 0.7319491379244729 0.06979809573243123 1.3662151482760354 1.1749450275173905
2.0 0.87 -0.015281915765407404 0.7861268641115892 0.6914681578475259 0.061127670983533104 1.4461981924271163 1.2581924274115912
2.0 0.88 -0.013197885498576704 0.7973719734060917 0.6596551308546209 0.05279155023125397 1.5159436396779675 1.3340304029166115
2.0 0.89 -0.011221884168901259 0.8101281570448543 0.6337422517477259 0.04488756090263107 1.5779285620332453 1.4043564202095884
2.0 0.9 -0.009372283712122328 0.8240454904877533 0.6120903992948897 0.03748916563224699 1.6337456054726078 1.470371044925347
2.0 0.91 -0.0076634120009852445 0.8389032518402907 0.5936573328383223 0.03065369466321322 1.6844734237829109 1.5328708156424489
2.0 0.92 -0.006106766425742673 0.8545530357516196 0.5777283583719701 0.024427103640413922 1.7309172823331453 1.5924438997464938
2.0 0.93 -0.0047117549622987445 0.8708910686708397 0.5638065275476734 0.01884708105226232 1.7736580744277457 1.6495020092178037
2.0 0.94 -0.0034861982804421142 0.8878415813688894 0.5515146424528014 0.01394484554338314 1.8131884868053707 1.7043971775970483
2.0 0.95 -0.0024366757819400155 0.9053482694811287 0.5405796644745696 0.009746791316666255 1.84986610802679 1.7573728026254505
2.0 0.96 -0.0015687805027906217 0.9233678880235465 0.5307787743437093 0.0062752012602898975 1.8840240950412295 1.8086631312395802
2.0 0.97 -0.000887301186412679 0.9418669187499168 0.5219453617925789 0.003549277015181755 1.915909352208019 1.8584320716417784
2.0 0.98 -0.00039636791956299976 0.9608187870640258 0.5139403845658738 0.0015855055548523503 1.9457509665147283 1.9068359471844338
2.0 0.99 -9.956125645558828e-5 0.9802022389408365 0.5066589669257368 0.0003982766771795179 1.9737142047790392 1.953977062731249
2.0 1.0 -3.8719847751157135e-21 1.0000000000000009 0.4999956405031902 3.552775631714657e-15 2.0000174381392823 2.0000174381392823
2.3 0.0 -0.05888302731868755 1.7239354983965876 2.705253029520736 0.23556199752237678 0.36965118940358804 0.0
2.3 0.01 -0.058884102909990965 1.723869042341213 2.705131584857925 0.23556040179143184 0.3696677845904197 0.003696677845904197
2.3 0.02 -0.05888735088284258 1.7236678504393685 2.7046599917622474 0.2355740411705124 0.36973224103797253 0.0073946448207594506
2.3 0.03 -0.058892768138341156 1.7233323452693718 2.7038878666201547 0.2355943215266882 0.3698378221764036 0.011095134665292107
2.3 0.04 -0.05890034043733944 1.7228624095711578 2.7027896642997082 0.2356256607423749 0.36998809534041177 0.014799523813616471
2.3 0.05 -0.05891005966168339 1.7222577472872882 2.701384924120257 0.23566458935240828 0.37018049189182606 0.018509024594591302
2.3 0.06 -0.05892190941000458 1.7215180102103766 2.6996717161363835 0.23571136324933237 0.37041540792639155 0.022224924475583493
2.3 0.07 -0.05893586700194059 1.7206427689687653 2.6976484973522155 0.23576615237792511 0.37069321706720343 0.025948525194704242
2.3 0.08 -0.058951907924604585 1.7196315356317549 2.6953129121949257 0.23582925347122768 0.3710144360142774 0.029681154881142195
2.3 0.09 -0.05897001163358673 1.718483638345469 2.6926459110736842 0.23590385636624445 0.37138191690464534 0.033424372521418076
2.3 0.1 -0.05899014936178848 1.7171984602456427 2.689688196600258 0.23598268387609786 0.3717903068705105 0.03717903068705105
2.3 0.11 -0.05901227263960013 1.7157751242569992 2.6863975493437753 0.23607294452609753 0.37224572373671083 0.040947029611038195
2.3 0.12 -0.05903634274074632 1.7142129837135651 2.682815069476466 0.23616724748476808 0.3727427996724141 0.04472913596068969
2.3 0.13 -0.0590623514346269 1.7125108407247296 2.6788980187688773 0.23627285136041806 0.37328781946673845 0.048527416530676
2.3 0.14 -0.059090205647839844 1.7106677592792272 2.674668035087885 0.23638571853167822 0.37387817362057857 0.052342944306881
2.3 0.15 -0.05911990768519837 1.7086826902401866 2.670145997285716 0.2365018870086319 0.3745113566885594 0.05617670350328391
2.3 0.16 -0.05915135182207637 1.7065542546965624 2.665287091831087 0.23662896425837546 0.37519410312867535 0.060031056500588056
2.3 0.17 -0.059184499751999686 1.7042811613389974 2.660113686373926 0.23676267192746703 0.3759237829279122 0.06390704309774507
2.3 0.18 -0.05921926911552178 1.7018619507637482 2.6546467873602406 0.23689889581783677 0.37669794895553393 0.0678056308119961
2.3 0.19 -0.05925561729030976 1.6992951836698904 2.648840746292392 0.23704539446060727 0.3775236398789582 0.07172949157700206
2.3 0.2 -0.05929344026730221 1.69657878473554 2.642718598656976 0.2371975794808561 0.378398214818709 0.0756796429637418
2.3 0.21 -0.05933270582935518 1.693711588038851 2.636277597141039 0.23735556611758069 0.37932272423984065 0.07965777209036654
2.3 0.22 -0.05937324680942846 1.6906910234155132 2.6295410547971287 0.237514543479168 0.38029449974765683 0.08366478994448451
2.3 0.23 -0.05941505774220751 1.6875154662790315 2.6224618159573696 0.23768252742377732 0.3813210907076391 0.08770385086275699
2.3 0.24 -0.059457962327763625 1.684182518041158 2.615061699862153 0.2378549643585652 0.3824001552440284 0.09177603725856681
2.3 0.25 -0.05950191327705462 1.6806898105544215 2.6073395440232923 0.23803141558926172 0.38353270953614876 0.09588317738403719
2.3 0.26 -0.05954674931131848 1.6770349343522963 2.599294146636653 0.2382114135756303 0.38471982914821173 0.10002715557853506
2.3 0.27 -0.059592338652127985 1.6732149058108723 2.5909463734463305 0.23839031199153823 0.3859593584215549 0.10420902677381982
2.3 0.28 -0.05963862463861014 1.6692272054376658 2.5822498039243142 0.238575862849203 0.3872592026070728 0.1084325767299804
2.3 0.29 -0.05968540561990876 1.6650688027448273 2.5732242875118665 0.23876354389373688 0.38861750406022016 0.11269907617746384
2.3 0.3 -0.05973252969280424 1.660736230908542 2.5638686973835814 0.23895256751467256 0.39003557437262537 0.1170106723117876
2.3 0.31 -0.05977986765413423 1.6562261808011784 2.5541802300845577 0.2391424348949785 0.39151504980793556 0.12136966544046002
2.3 0.32 -0.059827256510422144 1.6515348629051738 2.5441568851885896 0.23933237508721764 0.39305752165746394 0.12577840693038847
2.3 0.33 -0.05987446854988682 1.6466581094188744 2.53379719235328 0.23952140185456725 0.39466457813509687 0.13023931078458198
2.3 0.34 -0.05992139066553809 1.6415925094146044 2.523115553519222 0.23970556696213402 0.39633539518442107 0.13475403436270317
2.3 0.35 -0.05996775013177713 1.6363327078750245 2.512070477801438 0.2398911603138696 0.39807800331907855 0.1393273011616775
2.3 0.36 -0.060013325502723536 1.630874369283064 2.500677471516992 0.2400737669442498 0.39989163392325344 0.14396098821237124
2.3 0.37 -0.06005792379743696 1.6252123445400608 2.4889327199798754 0.24025241940851041 0.40177863868015107 0.14865809631165589
2.3 0.38 -0.06010128339709031 1.6193409859731038 2.4768325030056855 0.2404259648860669 0.4037414717331431 0.1534217592585944
2.3 0.39 -0.0601431137394427 1.6132545382619787 2.4643715938514505 0.24059342961757268 0.4057829600434352 0.15825535441693975
2.3 0.4 -0.06018312634964018 1.6069466428909989 2.4515449441795614 0.2407536041546625 0.4079060440536455 0.16316241762145822
2.3 0.41 -0.06022106481511147 1.6004106817713835 2.438346221009441 0.24090537416382604 0.410114031954828 0.16814675310147947
2.3 0.42 -0.06025649745070133 1.59363924802274 2.424769482744439 0.24104729143251177 0.41241033719550324 0.17321234162211135
2.3 0.43 -0.06028921995329245 1.5866247286782735 2.4108068958756683 0.24117810859970576 0.41479887987327735 0.17836351834550926
2.3 0.44 -0.06031873270056132 1.5793585173690419 2.3964511534020394 0.2412961508551206 0.41728369826373657 0.1836048272360441
2.3 0.45 -0.06034465714111281 1.5718318597552483 2.3816924086973352 0.24140005683929935 0.41986949966681436 0.18894127485006645
2.3 0.46 -0.06036659951521539 1.564034086169521 2.366523562684967 0.24148738134387132 0.42256076202572784 0.19437795053183482
2.3 0.47 -0.06038403648445795 1.5559555799338136 2.3509304002308506 0.24155709739593836 0.42536350710416804 0.19992084833895896
2.3 0.48 -0.06039645426675705 1.547584387412613 2.3349020658599415 0.24160684575092403 0.42828348761244567 0.2055760740539739
2.3 0.49 -0.06040335052917678 1.538907853194293 2.3184252437069186 0.24163437216243713 0.4313272565998742 0.21135035573393834
2.3 0.5 -0.06040410771170457 1.5299119418075668 2.3014856515890254 0.24163706265400658 0.43450194847383267 0.21725097423691633
2.3 0.51 -0.06039805775829171 1.5205820808717234 2.2840649158305375 0.24161271763025308 0.4378159276775097 0.22328612311552995
2.3 0.52 -0.06038452519885201 1.5109011834505734 2.26614560827621 0.24155807499921791 0.4412779109814883 0.2294645137103739
2.3 0.53 -0.06036275733808627 1.5008519615289646 2.247703732632684 0.2414707861689286 0.44489849150569455 0.2357962004980181
2.3 0.54 -0.060331853429037685 1.4904136457996227 2.228716928302419 0.24134697188119542 0.4486886545801424 0.2422918734732769
2.3 0.55 -0.060290956019444675 1.479563693004638 2.209158217594994 0.24118279430710757 0.45266110504690454 0.2489636077757975
2.3 0.56 -0.060239048633525916 1.4682781666676687 2.1889939229502837 0.24097491858863898 0.45683087080123974 0.2558252876486943
2.3 0.57 -0.06017498854235526 1.4565283793933954 2.16819043982704 0.24071822923458053 0.46121409892378806 0.26289203638655917
2.3 0.58 -0.06009771219490451 1.4442838659116777 2.1467045781483214 0.2404084192326161 0.4658302824613939 0.27018156382760844
2.3 0.59 -0.06000565154211124 1.4315090451462862 2.124489337986668 0.2400398492542458 0.4707013502584475 0.277713796652484
2.3 0.6 -0.05989741555697442 1.4181637807420442 2.1014892061113826 0.23960648320048533 0.47585302703048876 0.28551181621829325
2.3 0.61 -0.05977129119663677 1.4042018214866425 2.0776397735405587 0.23910135823716797 0.4813153910198179 0.2936023885220889
2.3 0.62 -0.059625421741762746 1.3895705935391038 2.0528633624944534 0.23851719146563763 0.48712448099073224 0.302017178214254
2.3 0.63 -0.05945760247829626 1.374208517686965 2.027053016694522 0.23784907600202626 0.4933270081069125 0.3107960151073549
2.3 0.64 -0.05926539579405285 1.3580426005054556 2.0001326071052743 0.23707921069627444 0.49996685042161626 0.3199787842698344
2.3 0.65 -0.05904612936879894 1.3409889733337204 1.9719492257210451 0.23620141230390262 0.5071124484122298 0.3296230914679494
2.3 0.66 -0.058796493205566014 1.3229437649273605 1.9423406689963925 0.23520204575124665 0.5148427440983873 0.33979621110493563
2.3 0.67 -0.058512715475055294 1.3037816581174848 1.9111024269445098 0.2340658586390023 0.5232581916599888 0.3505829884121925
2.3 0.68 -0.05819031503741884 1.2833483260003644 1.8779737377070067 0.2327752449649339 0.5324888095724881 0.36209239050929193
2.3 0.69 -0.057823977049495295 1.2614489454840219 1.842617145314253 0.23130895636466808 0.542706336225615 0.37446737199567437
2.3 0.7 -0.057407210990813945 1.2378313355190036 1.8045715940319442 0.22964417048388164 0.5541481442505174 0.38790370097536214
2.3 0.71 -0.056932023395884046 1.2121633895404424 1.763264677559373 0.22773885062359348 0.5671298317982257 0.40266218057674025
2.3 0.72 -0.056388034839864126 1.1839844614983959 1.7177847388663123 0.22556187414093756 0.5821451182876213 0.4191444851670873
2.3 0.73 -0.05576188333851956 1.1526385969615993 1.6668602034302005 0.22305408889869016 0.5999303348547879 0.43794914444399513
2.3 0.74 -0.05503497424953421 1.1171340123740634 1.608452078420688 0.22014225592909958 0.6217157560465731 0.4600696594744641
2.3 0.75 -0.05418035451211131 1.075830668156826 1.539030794237825 0.21672179644961923 0.649759578394421 0.48731968379581575
2.3 0.76 -0.053155227660352966 1.0257234337216918 1.4517639690666064 0.21262074128096253 0.6888172053498046 0.5235010760658515
2.3 0.77 -0.05188113813354475 0.9602037026829088 1.3303870962094988 0.20752444381518684 0.7516609284990599 0.5787789149442761
2.3 0.78 -0.05017533503863611 0.8631214818655123 1.1265690469094471 0.20070118811260626 0.8876508747895497 0.6923676823358488
2.3 0.79 -0.04765603945670327 0.7650369886300183 0.8598518614006623 0.19062406050654576 1.1629910277463869 0.9187629119196457
2.3 0.8 -0.04445893570910041 0.733458684222074 0.7249371088698368 0.1778357207864989 1.3794300053958903 1.1035440043167124
2.3 0.81 -0.04098699125011633 0.7255786989725166 0.6509877383802597 0.1639479763296188 1.5361272433304616 1.244263067097674
2.3 0.82 -0.03742417142387468 0.7266291039777409 0.6018803519136146 0.14969665506006224 1.661459784856918 1.3623970235826726
2.3 0.83 -0.033866255814849575 0.7322867950080835 0.5659332307489752 0.1354650240011632 1.7669928989265504 1.4666041061090367
2.3 0.84 -0.030372808838848797 0.7407700009698057 0.538038948532036 0.12149123580178996 1.8586015059474041 1.5612252649958194
2.3 0.85 -0.026984804533419927 0.7511897930279196 0.5155538700171329 0.10793922927076433 1.9396615138719995 1.6487122867911994
2.3 0.86 -0.023732232550602313 0.7630410364169317 0.4969229541162813 0.09492895341960389 2.0123843982582406 1.7306505825020868
2.3 0.87 -0.020638036108816975 0.7760128759028104 0.48117025835643273 0.0825521691669122 2.0782664402737 1.8080918030381188
2.3 0.88 -0.017720295304437354 0.7899007152295956 0.4676385114999102 0.07088122241511924 2.1384038641141556 1.881795400420457
2.3 0.89 -0.014993567815166312 0.8045633493689064 0.4558634432555496 0.059974306689263866 2.1936393777454453 1.9523390461934462
2.3 0.9 -0.012469815023243385 0.819900213964787 0.4455146812953243 0.04987932186775513 2.2445949415011905 2.0201354473510715
2.3 0.91 -0.010158998196049231 0.835836654366952 0.43633582190309855 0.040636047355957966 2.2918127501850627 2.085549602668407
2.3 0.92 -0.008069495382025341 0.8523166688051558 0.42813894959581855 0.032278086507487036 2.3356903195657455 2.148835094000486
2.3 0.93 -0.006208436277533045 0.8692967279054127 0.42076815033329096 0.02483383962272859 2.3766057369311313 2.210243335345952
2.3 0.94 -0.0045819258476046815 0.8867429191600409 0.41410604018882696 0.01832778915886652 2.4148404103065317 2.2699499856881395
2.3 0.95 -0.003195226299957025 0.904628152764617 0.40805550355153486 0.012780984855351963 2.4506470107532965 2.3281146602156317
2.3 0.96 -0.002052906106847348 0.9229305917432451 0.40253710080758387 0.008211698500039706 2.4842430623010037 2.3848733398089634
2.3 0.97 -0.0011589460697606145 0.9416324390361579 0.3974851193482787 0.004635853821159277 2.5158174515806073 2.440342928033189
2.3 0.98 -0.0005168297405356207 0.9607190532710442 0.3928447314654631 0.00206738487825645 2.5455349656074358 2.494624266295287
2.3 0.99 -0.00012961607606085625 0.9801782845361957 0.3885679521658378 0.0005184919593477456 2.5735524363913775 2.547816912027464
2.3 1.0 8.880655409541851e-17 1.0000000000000027 0.38461250183885454 1.8926207341323935e-14 2.600019487715408 2.600019487715408
2.4 0.0 -0.07609330888078031 1.6599333507165313 2.3353973596865774 0.30434703906607086 0.4281926567452338 0.0
2.4 0.01 -0.07609379401627558 1.659867137499776 2.3352934412948407 0.30434364825927046 0.428211710921234 0.00428211710921234
2.4 0.02 -0.07609527564134183 1.6596622228709568 2.334885708124464 0.30435733439281426 0.42828648807965286 0.008565729761593057
2.4 0.03 -0.07609774775059353 1.6593231926898147 2.3342681205592437 0.3043644218298414 0.42839980171618847 0.012851994051485653
2.4 0.04 -0.0761011918362679 1.658848295031346 2.3333795490388862 0.3043804863011408 0.4285629401405775 0.0171425176056231
2.4 0.05 -0.07610557617117064 1.658237218674459 2.3322491829454304 0.3043978019144412 0.4287706508003085 0.021438532540015428
2.4 0.06 -0.07611091820723653 1.6574896160613082 2.3308646699017217 0.30441945373104734 0.4290253367829218 0.02574152020697531
2.4 0.07 -0.07611715533315278 1.656605091765257 2.3292441231656125 0.3044405450370378 0.4293238265815294 0.03005266786070706
2.4 0.08 -0.07612425620596869 1.6555829999375637 2.3273510673708957 0.3044703814468678 0.4296730364489682 0.034373842915917455
2.4 0.09 -0.07613220913334467 1.6544228229109341 2.325202344001332 0.30450434545956423 0.4300700980195757 0.03870630882176181
2.4 0.1 -0.07614093945616451 1.6531237600245676 2.3228183216397458 0.3045368069086601 0.43051150005312105 0.04305115000531211
2.4 0.11 -0.07615041221903551 1.6516850518649002 2.320161870218483 0.30457719283447204 0.4310044108714849 0.047410485195863335
2.4 0.12 -0.07616057073187049 1.6501058157454291 2.3172683665829945 0.3046158742678406 0.4315425931760262 0.051785111181123146
2.4 0.13 -0.07617137027505488 1.6483850391738009 2.314101926692473 0.304661887077696 0.4321330830182108 0.05617730079236741
2.4 0.14 -0.0761826673724344 1.64652155325616 2.3106974810790115 0.3047055964299093 0.43276976245849214 0.060587766744188906
2.4 0.15 -0.07619457657993922 1.6445146139461164 2.3070365694677566 0.3047514673512959 0.43345650139854713 0.06501847520978207
2.4 0.16 -0.07620679505201983 1.6423622392580055 2.303100961162166 0.30480367867251407 0.43419720492643565 0.06947155278822971
2.4 0.17 -0.07621936493976639 1.640063474995283 2.29892480066323 0.30485272189289114 0.43498595504798776 0.07394761235815793
2.4 0.18 -0.07623214577430815 1.6376166238114538 2.294491049519272 0.3049024491379869 0.43582649852110517 0.07844876973379893
2.4 0.19 -0.07624511118113436 1.6350204355463804 2.2897967878225707 0.3049530417687228 0.4367199767761605 0.0829767955874705
2.4 0.2 -0.07625804403266884 1.6322726152910938 2.284823584052378 0.30500859666033114 0.4376705523261422 0.08753411046522845
2.4 0.21 -0.0762709160933906 1.6293716184176874 2.2796060842948416 0.3050591596087832 0.438672280658232 0.09212117893822871
2.4 0.22 -0.07628356716561169 1.6263154360726682 2.2741256472420472 0.30510885524325554 0.4397294411646749 0.09674047705622847
2.4 0.23 -0.07629587155751238 1.6231016296733032 2.2683813349953685 0.3051569696869572 0.4408429855124168 0.10139388666785587
2.4 0.24 -0.07630768018201883 1.6197282175355439 2.2623704821134782 0.3052033004974324 0.4420142535920167 0.106083420862084
2.4 0.25 -0.07631886622666162 1.6161925733942153 2.2560730854685125 0.30525217059260035 0.44324805186545313 0.11081201296636328
2.4 0.26 -0.076329231032909 1.6124920804768854 2.249523942758653 0.3052930424937137 0.444538500343176 0.11558001008922576
2.4 0.27 -0.07633867781618014 1.6086241908035799 2.2427027408065507 0.30533022499413653 0.4458905684666737 0.1203904534860019
2.4 0.28 -0.07634691288669943 1.60458539556584 2.2356086441533587 0.3053625214376568 0.4473054810443835 0.12524553469242738
2.4 0.29 -0.07635383231341752 1.60037291567698 2.228237902735167 0.30538961376907503 0.4487851134623003 0.13014768290406709
2.4 0.3 -0.07635919404232305 1.5959831402691012 2.220588588927897 0.3054104566749359 0.4503310541115593 0.1350993162334678
2.4 0.31 -0.07636278181489292 1.5914124423453169 2.2126578676478372 0.3054241785016133 0.4519451536640179 0.14010299763584555
2.4 0.32 -0.07636435835428951 1.5866569889540867 2.2044243762895817 0.3054349236122811 0.45363316190649683 0.145162611810079
2.4 0.33 -0.07636366326385924 1.5817127091342793 2.195920252513282 0.3054319007337383 0.45538994362635743 0.15027868139669795
2.4 0.34 -0.07636042880133076 1.5765749554864148 2.1871253587178967 0.30541855568789733 0.4572211629360855 0.15545519539826907
2.4 0.35 -0.07635445015528025 1.571239524255729 2.178033799370826 0.305394406682704 0.45912969775256585 0.16069539421339804
2.4 0.36 -0.07634531732908523 1.5657007231706919 2.1686432508966442 0.30535755595997505 0.4611177977689698 0.1660024071968291
2.4 0.37 -0.07633269812642413 1.559953224577652 2.1589487618387233 0.30530679695127794 0.4631883894957862 0.1713797041134409
2.4 0.38 -0.07631642869169952 1.553991704469285 2.1489437104376643 0.30524127280259905 0.4653449018431177 0.17683106270038473
2.4 0.39 -0.07629591837369998 1.5478097252891376 2.1386231370290356 0.30515928079805044 0.467590564548551 0.18236032017393491
2.4 0.4 -0.0762708759165368 1.5414003573339004 2.12798165867905 0.3050589725466329 0.4699288623665828 0.18797154494663315
2.4 0.41 -0.07624090331121963 1.5347565369199396 2.117012172070381 0.304938790126396 0.4723638405073632 0.19366917460801888
2.4 0.42 -0.07620550507198676 1.5278708169354656 2.1057064391220033 0.3047972342104585 0.47490000572775026 0.19945800240565512
2.4 0.43 -0.07616420783922428 1.5207344592125673 2.094057450015428 0.30463195511902036 0.47754181719925237 0.20534298139567853
2.4 0.44 -0.0761165135432153 1.5133387523487862 2.082055418138351 0.3044411820044824 0.48029461237594717 0.21132962944541675
2.4 0.45 -0.07606182786194887 1.5056737574422348 2.069690968482748 0.304222490080722 0.48316391926524255 0.21742376366935914
2.4 0.46 -0.0759995824669607 1.4977290209586551 2.056952850603181 0.3039735980647032 0.48615601456628427 0.22363176670049079
2.4 0.47 -0.0759291585540523 1.489492994550495 2.043829104526667 0.30369185911387103 0.4892776983091212 0.22996051820528696
2.4 0.48 -0.07584982281222691 1.4809532353940162 2.0303061039314745 0.30337454889730464 0.4925365677932037 0.23641755254073776
2.4 0.49 -0.0757607984003636 1.4720961994933308 2.0163685766693917 0.3030187669763648 0.4959410752431906 0.24301112686916337
2.4 0.5 -0.07566134886724413 1.4629068507187009 2.0020000136632667 0.3026211635923983 0.4995004960915042 0.2497502480457521
2.4 0.51 -0.07555050057626422 1.4533684461892065 1.9871824590836764 0.3021778777066478 0.5032250538589783 0.25664477746807896
2.4 0.52 -0.07542739744877075 1.443463812404385 1.9718927249408644 0.3016859383527101 0.5071269787406865 0.263706028945157
2.4 0.53 -0.07529092808728682 1.4331720883004087 1.9561090964988537 0.3011403124350097 0.5112189303704238 0.2709460330963246
2.4 0.54 -0.0751399329806684 1.422471518506762 1.9398037865867006 0.30053680200365285 0.5155160573016566 0.2783786709428946
2.4 0.55 -0.07497314693980328 1.4113371143822777 1.9229468357851578 0.2998701240208002 0.5200351779833218 0.286019347890827
2.4 0.56 -0.07478933611421423 1.399741884575642 1.9055019977696097 0.29913535439228905 0.5247960910933183 0.29388581101225825
2.4 0.57 -0.07458684999479392 1.387654309405632 1.8874301548826595 0.298325993749269 0.529820930015908 0.30199793010906756
2.4 0.58 -0.07436403262569963 1.3750390939592119 1.868685312577966 0.2974351705996185 0.5351355807578102 0.3103786368395299
2.4 0.59 -0.07411902542551424 1.361856672380833 1.849212968995882 0.2964557406077241 0.5407705963380721 0.3190546518394625
2.4 0.6 -0.07384972373115445 1.3480610247383145 1.8289506900750279 0.29537910818238566 0.5467615969236315 0.32805695815417885
2.4 0.61 -0.07355379435171167 1.3335997948841387 1.80782357952563 0.2941962297059727 0.5531513203641244 0.3374223054221159
2.4 0.62 -0.07322860048140928 1.3184114551277812 1.7857436828081026 0.2928963487110797 0.5599907812231419 0.347194284358348
2.4 0.63 -0.07287105920830739 1.3024234850478391 1.7626056575793083 0.2914670053080735 0.5673418757621371 0.3574253817301464
2.4 0.64 -0.0724778569754223 1.2855513572525175 1.7382793049605598 0.2898950971750969 0.5752815425842565 0.36818018725392415
2.4 0.65 -0.07204482043185537 1.2676913318105154 1.7126207388707197 0.28815929753556246 0.5839004382601295 0.37953528486908417
2.4 0.66 -0.07156746152830251 1.2487200122510167 1.685402887441278 0.28625111214183957 0.5933299435117062 0.3915977627177261
2.4 0.67 -0.07104016497427379 1.2284822187911246 1.6563885732478605 0.28414333484941 0.6037230732878045 0.40449445910282905
2.4 0.68 -0.07045632016830605 1.2067825466731643 1.6252518864360437 0.2818089775153878 0.6152892412220877 0.4183966840310197
2.4 0.69 -0.06980793336015359 1.183372292296397 1.5915572734760028 0.2792171573916148 0.6283154346157922 0.43353764988489657
2.4 0.7 -0.06908495087492605 1.1579178726273172 1.5547128602605946 0.2763265932984285 0.6432055883504971 0.45024391184534795
2.4 0.71 -0.06827462087144962 1.1299636794175465 1.513865213814046 0.2730897057930462 0.6605607889493614 0.4689981601540466
2.4 0.72 -0.06736017228374155 1.098862515115888 1.4677762241432937 0.26943529269503885 0.6813027650612589 0.4905379908441064
2.4 0.73 -0.06631852053103021 1.0636206809896251 1.4144481452220865 0.2652723290354034 0.7069895092145546 0.5161023417266248
2.4 0.74 -0.06511585068125814 1.0226394375054888 1.3504913046835485 0.2604630258067372 0.7404712614823709 0.5479487334969544
2.4 0.75 -0.06369872841432203 0.9730595852996071 1.2693836551511424 0.254794701263633 0.7877838949178312 0.5908379211883734
2.4 0.76 -0.06197095911532077 0.9092358321678001 1.1566627671211318 0.2478836810196863 0.8645562288556616 0.6570627339303029
2.4 0.77 -0.05973073052079009 0.8231642411850278 0.9817126644422364 0.2389228641937727 1.0186279918963392 0.7843435537601813
2.4 0.78 -0.05669474441937436 0.7488520745914069 0.7869782283358385 0.2267789409553758 1.270683182830384 0.9911328826076995
2.4 0.79 -0.05303149060682491 0.7205912998006575 0.6744459831246514 0.2121259556140237 1.4826984295570778 1.1713317593500914
2.4 0.8 -0.04908115997737042 0.7125803589156856 0.6080260101199304 0.1963246336330048 1.6446664835978884 1.3157331868783109
2.4 0.81 -0.045027422554614865 0.7131796636276306 0.5629533012614283 0.18010951826191526 1.7763462755423347 1.4388404831892911
2.4 0.82 -0.040972461774982816 0.7183843532400002 0.529698841955352 0.16388984166866988 1.8878651807290328 1.5480494481978069
2.4 0.83 -0.036981088258356706 0.7264432766404454 0.5037861896081156 0.14792434595686238 1.984969061533581 1.6475243210728723
2.4 0.84 -0.033098181088167256 0.7364662109365702 0.4828470822236437 0.13239271763309002 2.0710490687749936 1.7396812177709946
2.4 0.85 -0.02935673684232059 0.7479426160535441 0.465475702444634 0.11742693684547695 2.1483398483488942 1.8260888710965602
2.4 0.86 -0.025781919312829346 0.760555338917447 0.4507749343127798 0.10312766192323783 2.2184019648841624 1.9078256898003796
2.4 0.87 -0.02239357164551508 0.7740952114169081 0.4381392426750761 0.08957425678361204 2.2823794415091907 1.985670114112996
2.4 0.88 -0.01920767207700179 0.7884184745963544 0.42715249221816015 0.07683071410628 2.341084315830864 2.0601541979311606
2.4 0.89 -0.016237309508462694 0.8034201324246716 0.41748281003473553 0.06494927555819077 2.395308204227134 2.131824301762149
2.4 0.9 -0.013493385188009816 0.81902466333143 0.40890726291088497 0.05397359680435767 2.445542279883482 2.2009880518951337
2.4 0.91 -0.01098503743977284 0.8351742347217659 0.40124421219178324 0.04394018728848603 2.492247787295256 2.267945486438683
2.4 0.92 -0.008720056961194397 0.8518244899047347 0.3943568883873526 0.034880286448642446 2.535774141258974 2.332912209958256
2.4 0.93 -0.006705091171016645 0.8689403964375633 0.3881315033952225 0.026820458047273215 2.576446362257099 2.3960951168991023
2.4 0.94 -0.004945878000771738 0.8864940885182174 0.3824753813086348 0.019783577914568327 2.6145473640120636 2.4576745221713394
2.4 0.95 -0.0034473894806788486 0.9044632212836243 0.37731823274662807 0.013789663558769804 2.650282740700493 2.5177686036654685
2.4 0.96 -0.0022139564646399632 0.922829436861074 0.3725948454436551 0.00885589676157773 2.683880392411985 2.5765251767155055
2.4 0.97 -0.0012493672714590544 0.9415777397130737 0.36825768289555977 0.004997574788290011 2.715489849762636 2.634025154269757
2.4 0.98 -0.0005569485204945534 0.9606956026429221 0.36425941652815175 0.0022278540567145216 2.745296221937793 2.6903902974990372
2.4 0.99 -0.00013963025110555965 0.9801726152090049 0.3605654094377096 0.0005585466743853512 2.773421891909899 2.7456876729908
2.4 1.0 -3.956239977654497e-16 1.0000000000268767 0.35714800762743626 2.1070680166319562e-10 2.799959620783223 2.799959620783223
2.5 0.0 -0.09478783798591944 1.603474774612549 2.0564085985138267 0.379178155716175 0.4862846813238883 0.0
2.5 0.01 -0.09478755396366872 1.6034058075379078 2.056369954851246 0.37915244939653747 0.48629381967037055 0.004862938196703705
2.5 0.02 -0.09478673528376846 1.603201747188084 2.056135903791699 0.3791195443883721 0.4863491747582979 0.009726983495165958
2.5 0.03 -0.09478536805295135 1.6028595324632822 2.055618989705449 0.3791109242632228 0.48647147404650637 0.01459414422139519
2.5 0.04 -0.09478344526180271 1.6023806613297145 2.0548727080251394 0.3791071548673005 0.48664814910168436 0.019465925964067373
2.5 0.05 -0.0947809133776078 1.6017644819245471 2.053925231894284 0.3790975972592011 0.48687263999270547 0.024343631999635275
2.5 0.06 -0.09477777694024653 1.6010106113828777 2.0527820954236558 0.37907999209208676 0.48714376563851447 0.029228625938310868
2.5 0.07 -0.09477397470690557 1.6001186069225688 2.0514100654094976 0.3790663578723015 0.4874695785410327 0.03412287049787229
2.5 0.08 -0.09476948297983395 1.5990878994505269 2.049823680966482 0.379051018844629 0.48784683740628115 0.03902774699250249
2.5 0.09 -0.09476422482572844 1.5979177713166473 2.0480410213690954 0.37902691012388773 0.4882714699393617 0.043944432294542556
2.5 0.1 -0.09475815571973512 1.5966075858232904 2.046029393401225 0.37900574172332235 0.4887515317351556 0.04887515317351557
2.5 0.11 -0.09475123921105877 1.5951565347958057 2.0438195531514083 0.37897566649936715 0.4892799848489946 0.05382079833338941
2.5 0.12 -0.09474335910869752 1.593563622917957 2.0413802553945053 0.37894773135548004 0.4898646380836802 0.05878375657004162
2.5 0.13 -0.09473447372279126 1.591827924099921 2.0387412192986822 0.37891035685507035 0.49049874036686003 0.0637648362476918
2.5 0.14 -0.09472443751909604 1.5899481023258981 2.0358883119637534 0.378868096371637 0.4911860803579307 0.0687660512501103
2.5 0.15 -0.09471319830010444 1.5879231667804579 2.032802656807707 0.3788273424814853 0.4919316671744172 0.07378975007616258
2.5 0.16 -0.09470066793737908 1.5857516938263614 2.0295152257677396 0.37877577835050197 0.4927285034886658 0.07883656055818654
2.5 0.17 -0.0946866884888673 1.5834322214215633 2.0260106286972754 0.37871829857838113 0.493580826198824 0.08390874045380009
2.5 0.18 -0.09467118247804523 1.5809632762343255 2.0222869525825966 0.3786547386201227 0.4944896661291973 0.08900813990325551
2.5 0.19 -0.09465399535373814 1.578342992289628 2.018326910653368 0.37859056281525355 0.495459875564104 0.09413737635717975
2.5 0.2 -0.0946349230670187 1.5755696064013371 2.014160965727815 0.378513311471294 0.49648464895090993 0.099296929790182
2.5 0.21 -0.09461395557927366 1.572641470229319 2.0097719290283518 0.3784283584091791 0.4975688960306366 0.10448946816643367
2.5 0.22 -0.09459081226427629 1.5695560918458085 2.0051590037507614 0.3783346755765237 0.4987135674175686 0.1097169848318651
2.5 0.23 -0.09456534832911445 1.5663112949882019 2.000320353268561 0.37823164629876477 0.4999199245090824 0.11498158263708896
2.5 0.24 -0.0945374042960826 1.562904877099337 1.9952374428694357 0.3781249166401698 0.5011934812940647 0.12028643551057552
2.5 0.25 -0.09450676854119971 1.5593342489250355 1.9899398021045984 0.3780017706879197 0.5025277643787922 0.12563194109469805
2.5 0.26 -0.09447322470087477 1.5555965324796137 1.9844108351698662 0.37786680351142043 0.5039279076070957 0.1310212559778449
2.5 0.27 -0.09443654694229792 1.5516887734810636 1.9786480260158452 0.37771919255661557 0.5053955968174766 0.1364568111407187
2.5 0.28 -0.09439648677925078 1.5476081539217785 1.9726480173889007 0.37755839330877383 0.5069328086840611 0.1419411864315371
2.5 0.29 -0.09435282025098424 1.5433510671147657 1.9664089123961674 0.3773830166665179 0.5085412264438174 0.14747695566870703
2.5 0.3 -0.09430522222994303 1.5389139370950156 1.959927881901222 0.3771919430464379 0.5102228552562623 0.15306685657687868
2.5 0.31 -0.0942534607398463 1.5342931956711847 1.9532011342480933 0.3769843262609401 0.5119800426416203 0.1587138132189023
2.5 0.32 -0.09419718671455057 1.529484635828527 1.9462098867985114 0.3767648523962709 0.5138191963688903 0.1644221428380449
2.5 0.33 -0.09413616225828858 1.5244839959041603 1.9389813033482233 0.37652030446115525 0.5157347305377339 0.1701924610774522
2.5 0.34 -0.09406987603747297 1.5192863099403404 1.9314973039678092 0.3762546290286779 0.5177330550478813 0.17602923871627965
2.5 0.35 -0.09399809334090486 1.5138873575457699 1.9237512984916136 0.37596741034110637 0.5198177128114668 0.18193619948401338
2.5 0.36 -0.0939204000491406 1.508281178807634 1.9157402923327178 0.37565621620984785 0.5219914223249652 0.18791691203698746
2.5 0.37 -0.09383631330855258 1.5024622069710167 1.907458837249277 0.3753195089315192 0.5242577089852632 0.1939753523245474
2.5 0.38 -0.09374545449461286 1.4964247202956018 1.8989003252390906 0.37495598877808556 0.5266205849293801 0.20011582227316446
2.5 0.39 -0.09364728857855109 1.4901615164901199 1.8900603076450329 0.37456289820665367 0.5290836466726158 0.20634262220232016
2.5 0.4 -0.09354130841994435 1.4836661585139592 1.8809305596479116 0.3741389650596628 0.5316517374183066 0.21266069496732265
2.5 0.41 -0.09342700817354233 1.4769306452187576 1.871504798205938 0.3736814722086091 0.5343293808055528 0.21907504613027665
2.5 0.42 -0.09330377350963304 1.469947107737135 1.8617742377479838 0.3731884691042822 0.5371220525693854 0.22559126207914185
2.5 0.43 -0.09317101895411245 1.462706729589936 1.8517300326592918 0.3726574693143919 0.5400355248134567 0.2322152756697864
2.5 0.44 -0.09302794166008221 1.4551993895890247 1.8413638328765112 0.3720850773411314 0.5430757257993042 0.23895331935169384
2.5 0.45 -0.09287396424209049 1.4474150797087613 1.830664102077735 0.37146884608329045 0.546249854828659 0.24581243467289654
2.5 0.46 -0.09270823603753647 1.4393430375902392 1.8196178782090568 0.37080628745267963 0.54956593468088 0.2528003299532048
2.5 0.47 -0.09252996669611213 1.4309704692617806 1.8082133084708165 0.37009339963722604 0.5530320982128417 0.25992508616003557
2.5 0.48 -0.09233815802646556 1.422283788415565 1.7964363123195197 0.3693263232174609 0.5566576410987939 0.26719566772742104
2.5 0.49 -0.0921319033123264 1.4132685751949075 1.7842701801747123 0.3685014377470083 0.5604532380303985 0.27462208663489523
2.5 0.5 -0.0919101541177682 1.4039089268538558 1.7716964400144901 0.36761473275226086 0.5644307779902867 0.28221538899514337
2.5 0.51 -0.09167169755370735 1.3941866956991482 1.758695699663384 0.36666111292785064 0.56860319849045 0.28998763123012955
2.5 0.52 -0.09141530837075335 1.3840826434580618 1.7452444627760302 0.36563597018275523 0.5729856311415391 0.29795252819360035
2.5 0.53 -0.0911396492326213 1.3735748051387715 1.7313174227881363 0.3645335712280453 0.5775948343369565 0.30612526219858693
2.5 0.54 -0.09084321115021143 1.362639311312433 1.7168847319758325 0.36334830148832825 0.5824502841545895 0.31452315344347836
2.5 0.55 -0.09052423739951654 1.3512484375985896 1.7019142390792983 0.36207286890352663 0.587573672655198 0.3231655199603589
2.5 0.56 -0.09018113040935671 1.3393727041690255 1.686366039960117 0.3607010800262264 0.5929910685485876 0.3320749983872091
2.5 0.57 -0.08981165438682337 1.326976537624105 1.6701980711354123 0.3592236639495027 0.5987313823923848 0.3412768879636593
2.5 0.58 -0.08941373793196161 1.3140216118202506 1.653357871262493 0.3576325663250332 0.60482973310334 0.35080124519993716
2.5 0.59 -0.08898490601464326 1.3004634121229548 1.6357853166347818 0.3559181139267008 0.6113271648979276 0.36068302728977725
2.5 0.6 -0.08852224962533534 1.2862493570723803 1.6174115143716716 0.35406814728362346 0.6182718443107398 0.3709631065864439
2.5 0.61 -0.08802263943436744 1.271319838408581 1.5981522089939626 0.35207047062515906 0.6257226279025703 0.38169080302056785
2.5 0.62 -0.08748255945020689 1.2556049128548368 1.5779064594708994 0.349911171044059 0.6337511289074247 0.3929256999226033
2.5 0.63 -0.08689785164279146 1.2390205546268676 1.5565531384630467 0.34757326608999684 0.6424451406698574 0.40474043862201015
2.5 0.64 -0.08626392983627534 1.2214675751197894 1.5339415040723294 0.3450385339749115 0.6519153418465997 0.41722581878182385
2.5 0.65 -0.08557506892964101 1.2028235690568516 1.5098854600874614 0.3422840946629077 0.662301894040409 0.43049623112626584
2.5 0.66 -0.08482486727188604 1.182939398393472 1.4841580278456956 0.33927947468715536 0.6737826978246603 0.4446965805642758
2.5 0.67 -0.08400550315745112 1.1616259893785568 1.4564295638062243 0.3360033624587713 0.6866106160236174 0.4600291127358237
2.5 0.68 -0.0831074509095113 1.1386416634605532 1.426304304687695 0.3324126468166909 0.7011126564740762 0.47675660640237183
2.5 0.69 -0.08211895571856934 1.113666580842209 1.3932160122404758 0.32846464512803436 0.7177637862429299 0.4952570125076216
2.5 0.7 -0.08102503662802826 1.0862663069867309 1.3563923667932423 0.3240929585227031 0.7372497991596498 0.5160748594117549
2.5 0.71 -0.07980596026273351 1.0558280335596366 1.3146734172456391 0.3192194081734636 0.7606451814436861 0.5400580788250171
2.5 0.72 -0.0784347034186823 1.0214263029369306 1.2662286807087173 0.3137374786897937 0.7897467615725564 0.5686176683322406
2.5 0.73 -0.07687231739388906 0.9816139007456531 1.2080087858328132 0.30748882572872077 0.8278085488513978 0.6043002406615203
2.5 0.74 -0.07505794970960517 0.9339475943727032 1.134386072330998 0.3002316278259128 0.8815340953059709 0.6523352305264185
2.5 0.75 -0.07288649956740945 0.8742234210800937 1.0340255370568827 0.2915458774654423 0.9670941037358434 0.7253205778018825
2.5 0.76 -0.07016290859993218 0.7996778650010973 0.8895470052480079 0.2806515659287739 1.1241676877111149 0.8543674426604473
2.5 0.77 -0.06666781121916987 0.73692626819912 0.7349077188066083 0.2666711847265416 1.3607150590605661 1.047750595476636
2.5 0.78 -0.0625478348397987 0.7093723163098784 0.635279766912348 0.250191339200871 1.5741096318245782 1.227805512823171
2.5 0.79 -0.05811179788992815 0.700560002101442 0.5735285341052223 0.2324471609351677 1.7435924117709813 1.3774380052990753
2.5 0.8 -0.05355113800304333 0.7004170263034349 0.5310885496209388 0.21420296084293272 1.8829251745565667 1.5063401396452534
2.5 0.81 -0.04897767255455614 0.7049991047549797 0.4995988042961805 0.19591068699016628 2.0016060715132604 1.6213009179257412
2.5 0.82 -0.04446316177717244 0.7125361258708436 0.47504807318369074 0.17785264493781405 2.1050501127142174 1.7261410924256582
2.5 0.83 -0.04005751032667637 0.7221015844582741 0.45520544054105383 0.16023003283667878 2.196810299128691 1.8233525482768134
2.5 0.84 -0.0357972958443019 0.7331637538688505 0.4387469296165584 0.14318917362852074 2.2792182292282868 1.9145433125517608
2.5 0.85 -0.0317104320566968 0.7453917803187528 0.4248237150240941 0.12684170308959206 2.3539175536452444 2.0008299205984574
2.5 0.86 -0.02781885866662069 0.758567650425721 0.41286412833844915 0.11127541822253395 2.4221043470752703 2.0830097384847326
2.5 0.87 -0.024140189450920682 0.7725401346620585 0.4024574662253678 0.09656072340707114 2.4847346214718273 2.1617191206804898
2.5 0.88 -0.020688850018706233 0.7872022031593036 0.39331828326668933 0.08275541958133878 2.542470163590006 2.2373737439592056
2.5 0.89 -0.017476791865370586 0.8024732871991269 0.38520972805209813 0.06990720032697428 2.5959884374071516 2.310429709292365
2.5 0.9 -0.014514057756094566 0.8182939290586002 0.37796844318618844 0.0580562837456715 2.645723520117781 2.381151168106003
2.5 0.91 -0.011809165496719901 0.8346178754232644 0.3714608258247582 0.04723675067329534 2.692073915949791 2.4497872635143096
2.5 0.92 -0.009369384911506646 0.8514087861027524 0.36557824091567265 0.037477603157373515 2.735392559183161 2.5165611544485085
2.5 0.93 -0.007200985434282955 0.8686379543542013 0.3602385812116194 0.028804049375359807 2.775938092573593 2.5816224260934413
2.5 0.94 -0.005309389285932014 0.8862820190757644 0.3553676328740656 0.021237633583029988 2.813987283851419 2.6451480468203337
2.5 0.95 -0.0036993161071917427 0.9043221271763038 0.35091078225102007 0.014797394762022385 2.849727197281334 2.707240837417267
2.5 0.96 -0.002374893843364147 0.9227426290550503 0.34681550735731775 0.00949966405072886 2.8833774118690663 2.7680423153943035
2.5 0.97 -0.0013397436687720993 0.941530642068481 0.34304280401439025 0.005359031512822406 2.915088112322132 2.827635468952468
2.5 0.98 -0.0005970549298111427 0.9606753717176952 0.3395589918176589 0.0023882999123302235 2.9449963749951107 2.886096447495208
2.5 0.99 -0.0001496429570990767 0.9801677134755483 0.3363309352249092 0.0005986065652559823 2.9732620323232712 2.9435294120000384
2.5 1.0 -4.0127034991998135e-16 1.0000000000296159 0.3333383016517894 2.6653529274079296e-10 2.9999552858003584 2.9999552858003584
2.6 0.0 -0.11482041587347969 1.5532372400085253 1.8390549282374373 0.4592491836210948 0.5437575488614724 0.0
2.6 0.01 -0.11481919785515088 1.5531687214761931 1.83894364236303 0.4592549370423429 0.5437904550000275 0.005437904550000276
2.6 0.02 -0.11481557728683567 1.5529629184612175 1.8387029121725942 0.45922559063154833 0.5438616501773031 0.010877233003546063
2.6 0.03 -0.11480953537714816 1.5526178484273487 1.8382369371211387 0.45920835231658136 0.5439995137765533 0.0163199854132966
2.6 0.04 -0.11480106361400627 1.552135796626491 1.8376041999109047 0.4591745906670488 0.5441868276359427 0.02176747310543771
2.6 0.05 -0.11479011103998638 1.551515455506708 1.8367892965880852 0.45913148019053457 0.5444282596036153 0.027221412980180767
2.6 0.06 -0.11477665648682661 1.5507564725836562 1.8357908636270248 0.4590794263547018 0.5447243582116272 0.03268346149269763
2.6 0.07 -0.11476063957293958 1.5498583875213896 1.8346228383643506 0.45901110786837 0.5450711607250814 0.038154981250755705
2.6 0.08 -0.11474201963583597 1.5488206075118403 1.8332583329184269 0.45893954796818087 0.5454768605404704 0.043638148843237634
2.6 0.09 -0.11472071024066788 1.5476424815836187 1.8317236291241277 0.45885110459475353 0.5459338865864652 0.04913404979278187
2.6 0.1 -0.11469666461777134 1.5463232817112862 1.829991514049928 0.4587588551690402 0.5464506213949125 0.05464506213949125
2.6 0.11 -0.1146698120031413 1.544862181520413 1.8280882534552723 0.45864900978711237 0.5470195424700632 0.060172149671706955
2.6 0.12 -0.1146399937610732 1.5432580566295981 1.8260015787909065 0.4585269524416248 0.5476446524554232 0.06571735829465078
2.6 0.13 -0.11460717721868813 1.5415100887078141 1.8237142493794176 0.45840063062293623 0.5483315164863601 0.07128309714322682
2.6 0.14 -0.11457122857685548 1.5396169939444744 1.8212543422571592 0.45825503243731197 0.5490721294647165 0.07687009812506032
2.6 0.15 -0.11453201700295956 1.5375774770758532 1.8186081978337636 0.4580960565018947 0.5498710503951048 0.08248065755926572
2.6 0.16 -0.11448940724625656 1.535390296612516 1.8157594162282578 0.45793097403613775 0.550733754187119 0.08811740066993905
2.6 0.17 -0.11444328073393589 1.5330537975680703 1.81273491671914 0.45774503691986174 0.5516526386604254 0.09378094857227232
2.6 0.18 -0.11439346336504269 1.530566484948884 1.8095204857376401 0.45754421539039347 0.5526325940390534 0.09947386692702961
2.6 0.19 -0.1143397992097433 1.5279266424290234 1.806114332619439 0.45732809361088717 0.5536748044901911 0.10519821285313631
2.6 0.2 -0.11428208143979385 1.5251323164153399 1.8025152133282187 0.4570958419434085 0.5547803383881402 0.11095606767762806
2.6 0.21 -0.11422015353704967 1.5221814623273597 1.7987072036632534 0.4568539900525406 0.5559548535544843 0.1167505192464417
2.6 0.22 -0.11415380786058144 1.5190720545320966 1.7947162835191461 0.45658772716902246 0.5571911333189461 0.12258204933016814
2.6 0.23 -0.11408276238381665 1.5158015112774317 1.7905281733519929 0.4563024186881902 0.5584944235353363 0.12845371741312736
2.6 0.24 -0.1140069141978518 1.512367837262169 1.7861393705468642 0.45599806951894695 0.5598667251222557 0.13436801402934134
2.6 0.25 -0.11392589186743551 1.5087679482181073 1.7815488463684737 0.4556729967532324 0.5613093359962651 0.14032733399906627
2.6 0.26 -0.11383948653687787 1.5049991180373377 1.776754089471362 0.4553262899405606 0.562824087996066 0.14633426287897716
2.6 0.27 -0.11374738523486994 1.5010584083018434 1.7717385781497679 0.45496406729461275 0.5644173538538079 0.15239268554052812
2.6 0.28 -0.11364927833048993 1.496942500296638 1.7665268997161216 0.4545711215581757 0.5660825205439547 0.15850310575230733
2.6 0.29 -0.11354489598572837 1.4926480645729145 1.7611029483717342 0.45415299534423925 0.5678259757185528 0.1646695329583803
2.6 0.3 -0.11343386739920858 1.488171235235529 1.7554638197967503 0.4537081670886064 0.5696500199678175 0.17089500599034524
2.6 0.31 -0.11331582957765335 1.4835082974754354 1.7496056109339724 0.4532355448095238 0.5715573805608575 0.17718278797386583
2.6 0.32 -0.11319040812071318 1.4786548224919276 1.7435251986661457 0.4527332555547042 0.5735506436987736 0.18353620598360756
2.6 0.33 -0.11305712808082141 1.4736063502183272 1.7372185638073796 0.4521997201978384 0.5756328080033565 0.18995882664110764
2.6 0.34 -0.11291562081434664 1.4683580782262344 1.730681386324651 0.4516332318250641 0.5778071041277232 0.1964544154034259
2.6 0.35 -0.1127654304821758 1.462904826420482 1.7239090931052818 0.4510319029821373 0.5800769912981302 0.20302694695434556
2.6 0.36 -0.1126060303057933 1.4572412617856516 1.7168961973739276 0.45039407005699017 0.5824463945633676 0.2096807020428123
2.6 0.37 -0.11243685958402261 1.451361010638994 1.7096382443989793 0.44971695341109696 0.5849190630100513 0.21642005331371897
2.6 0.38 -0.11225740538180007 1.4452580804394548 1.7021284351556094 0.4489988876503804 0.5874997323034437 0.22324989827530858
2.6 0.39 -0.11206701211673303 1.4389252834327757 1.6943477370072446 0.4482440066207418 0.5901976189175412 0.23017707137784107
2.6 0.4 -0.11186511014598416 1.4323554998588761 1.6863147957898117 0.4474362539673145 0.5930090885146 0.23720363540584
2.6 0.41 -0.11165095362841931 1.4255406712776142 1.6780092549591386 0.44657951696250475 0.5959442697021067 0.24433715057786373
2.6 0.42 -0.11142379256150237 1.4184721975784471 1.6694224869551795 0.4456709458063231 0.5990095424100083 0.25158400781220347
2.6 0.43 -0.11118293776770666 1.411140768881341 1.660545204626818 0.44470738896300593 0.6022118501885256 0.258951095581066
2.6 0.44 -0.11092738468099872 1.4035361375382192 1.6513675226318922 0.4436852283355411 0.6055587180291852 0.2664458359328415
2.6 0.45 -0.11065636993171413 1.3956474080959616 1.6418779644737034 0.44260096208251265 0.6090586643085533 0.274076398938849
2.6 0.46 -0.11036878188088478 1.3874627406856994 1.6320639149872593 0.4414507956943269 0.6127211016780593 0.2818517067719073
2.6 0.47 -0.11006367253809413 1.3789691529924115 1.6219114468890272 0.44023058901464496 0.6165564722525946 0.2897815419587194
2.6 0.48 -0.10973982545066102 1.3701520396554139 1.611405866959463 0.4389352878534211 0.6205761195885954 0.2978765374025258
2.6 0.49 -0.10939609519737215 1.3609961609519345 1.600529244217656 0.43756054451159665 0.6247933323385186 0.3061487328458741
2.6 0.5 -0.10903100216439243 1.3514838136084206 1.5892632749815656 0.4361003387859586 0.6292223672075977 0.31461118360379886
2.6 0.51 -0.1086431608649055 1.3415961606531066 1.5775860189287807 0.43454912973234056 0.6338798569468969 0.3232787270429174
2.6 0.52 -0.1082310417236404 1.3313126046736912 1.5654722814445938 0.43290125479093766 0.6387848650231068 0.33216812981201554
2.6 0.53 -0.10779280113999956 1.32060877459541 1.5528960253771114 0.4311485724147907 0.6439581167432997 0.34129780187394887
2.6 0.54 -0.10732657323793948 1.3094588319787903 1.539825131944994 0.42928403967455636 0.649424391935254 0.3506891716450372
2.6 0.55 -0.10683029997522064 1.2978335124420175 1.5262233036171307 0.42729958001770607 0.6552121158352203 0.3603666637093712
2.6 0.56 -0.10630156583543404 1.2856989683261486 1.5120500032777218 0.4251852355061945 0.6613537897769692 0.3703581222751028
2.6 0.57 -0.10573788827674352 1.2730174252935342 1.4972571599531896 0.42293081700363516 0.6678879398588177 0.38069612571952605
2.6 0.58 -0.1051363865635464 1.25974617860387 1.4817880326294093 0.42052555262316066 0.6748603565285353 0.39141900678655045
2.6 0.59 -0.10449380484995957 1.2458350814108474 1.4655773267161183 0.4179561514538151 0.6823249662579555 0.4025717300921937
2.6 0.6 -0.10380649959307137 1.2312257165351352 1.4485477204933181 0.4152073876990272 0.6903466042937402 0.4142079625762441
2.6 0.61 -0.1030704594637108 1.2158515341891634 1.4306148150380709 0.41225804477604155 0.6990001707576252 0.4263901041621514
2.6 0.62 -0.10228093870527094 1.1996320696365335 1.4116443728622607 0.40910110549333817 0.7083937139014641 0.43920410261890774
2.6 0.63 -0.101432410889633 1.1824711303637303 1.3915085424168874 0.40570817725246544 0.7186445282348876 0.4527460527879792
2.6 0.64 -0.10051878442771262 1.1642536693949643 1.37003338834098 0.4020549242539533 0.7299092186438857 0.4671418999320869
2.6 0.65 -0.09953243371196285 1.144836312135022 1.3470005125221898 0.398110769098661 0.7423902149283901 0.48255363970345355
2.6 0.66 -0.09846453386789428 1.1240410496360236 1.3221269602213968 0.39384055571674204 0.756357014180049 0.4991956293588323
2.6 0.67 -0.0973042874849292 1.1016401833810165 1.2950398801958107 0.3892011045118063 0.7721769926102966 0.5173585850488988
2.6 0.68 -0.09603846995585238 1.077334698556996 1.2652250490596624 0.38414345342694933 0.790373223122019 0.5374537917229729
2.6 0.69 -0.09465012364835426 1.050723556004554 1.231983465528463 0.37859394776571825 0.8116992053712726 0.560072451706178
2.6 0.7 -0.09311717213271781 1.0212480047563557 1.1942795015411487 0.37246490273726407 0.837324929976239 0.5861274509833673
2.6 0.71 -0.09140985103765284 0.9880824290786204 1.1505061727355836 0.365638306443832 0.8691826464714032 0.6171196789946962
2.6 0.72 -0.08948548752215629 0.9499874320009575 1.0980658266636336 0.3579414866671506 0.9106922150909685 0.6556983948654973
2.6 0.73 -0.08727931661524213 0.904975594870061 1.0323571180358255 0.34911722080072155 0.9686570495126836 0.707119646144259
2.6 0.74 -0.08468490727389427 0.8501207542039646 0.9450279591907498 0.33873951341890723 1.0581697507196761 0.7830456155325604
2.6 0.75 -0.08152297752427065 0.7847980717881166 0.8256535315560373 0.32609189905145985 1.2111617788582423 0.9083713341436817
2.6 0.76 -0.07760663589322159 0.728147900682043 0.6963987293051908 0.310426482502647 1.435958967067211 1.0913288149710805
2.6 0.77 -0.0730427179359451 0.6997695737024057 0.6047956106957367 0.2921708040917885 1.6534511532741338 1.2731573880210831
2.6 0.78 -0.06811868942746271 0.6895560084730818 0.5457543478471371 0.2724747546915208 1.8323262177291801 1.4292144498287604
2.6 0.79 -0.06303908092000066 0.6883637542286227 0.5048334589475071 0.25215630449933346 1.9808512733780206 1.5648725059686364
2.6 0.8 -0.05792856584414771 0.6921581588814443 0.47444376359734397 0.23171426350028845 2.10773136191688 1.686185089533504
2.6 0.81 -0.05286796431497777 0.6990714622423371 0.4507791083444393 0.21147185352947082 2.2183814233819867 1.7968889529394094
2.6 0.82 -0.047913424916192174 0.7081141478941493 0.43167961968444657 0.1916536973399386 2.3165328044233124 1.8995568996271162
2.6 0.83 -0.04310593777614739 0.7187191349095151 0.41586175986114143 0.17242374184238507 2.4046452367582574 1.9958555465093535
2.6 0.84 -0.03847672128424652 0.730533808890554 0.40249947073123293 0.1539068675701079 2.4844753166588514 2.086959265993435
2.6 0.85 -0.03405018795525319 0.7433260818258567 0.3910335890433099 0.13620073218842757 2.5573250687915774 2.173726308472841
2.6 0.86 -0.02984589481641859 0.7569364021544058 0.3810721713965183 0.1193835539936883 2.624174828445992 2.256790352463553
2.6 0.87 -0.025879800096667044 0.7712502862941801 0.37232302259060573 0.10351917023565546 2.685839820062826 2.3366806434546588
2.6 0.88 -0.022165098685139474 0.7861847279844687 0.3645816709665665 0.08866044370424846 2.7428696493403906 2.4137252914195435
2.6 0.89 -0.018712841012321138 0.8016753131873035 0.3576650568353951 0.07485140602814044 2.795911931816758 2.4883616193169145
2.6 0.9 -0.015532395051597314 0.8176742902662899 0.35145496583633573 0.06212964234720901 2.845314754965438 2.560783279468894
2.6 0.91 -0.012631730023203662 0.834143539482284 0.3458468428165175 0.0505270255629761 2.8914533145833317 2.631222516270832
2.6 0.92 -0.010017707604318325 0.8510528056653143 0.3407555005050795 0.040070906163554396 2.934655489105137 2.699883049976726
2.6 0.93 -0.007696257246651071 0.8683778971688707 0.33611523538331856 0.030785083787594387 2.9751701045611996 2.7669081972419156
2.6 0.94 -0.005672534843818891 0.8860990633322288 0.33187083774962894 0.022690239451991365 3.0132204648677905 2.832427236975723
2.6 0.95 -0.003951045523883614 0.9042000020547877 0.3279727309461568 0.015804253024661853 3.0490339764380283 2.896582277616127
2.6 0.96 -0.0025357366311659652 0.9226673055298072 0.3243841844456175 0.010143069845018235 3.0827643515020022 2.959453777441922
2.6 0.97 -0.0014300828334161907 0.94148968861767 0.3210685338840909 0.005720411290993314 3.1145998267180257 3.021161831916485
2.6 0.98 -0.0006371509198145884 0.9606577276162531 0.31799873726552985 0.0025486498068454876 3.1446665750908225 3.081773243589006
2.6 0.99 -0.0001596544441316535 0.9801634328599318 0.31515121143787883 0.000638669726410757 3.1730799809954577 3.141349181185503
2.6 1.0 -6.197276619979669e-16 1.0000000000364584 0.3125049744911119 3.7332254285219305e-10 3.199949062021864 3.199949062021864
3.0 0.0 -0.20610727610353285 1.3969463619360125 1.3017235804820568 0.8244079797246666 0.7682122495082082 0.0
3.0 0.01 -0.2061008222978754 1.3968791028694183 1.3016610469585579 0.8243884755008258 0.7682491554437965 0.007682491554437965
3.0 0.02 -0.2060815059315082 1.3966627163173109 1.3014875540659196 0.8243034218503665 0.7683515657725226 0.015367031315450452
3.0 0.03 -0.2060492944110056 1.3963151580858078 1.3011916975269848 0.8241777184665519 0.7685262685740902 0.023055788057222706
3.0 0.04 -0.20600413320671362 1.3958242948928843 1.3007839978686684 0.8239906334223643 0.7687671447669234 0.030750685790676937
3.0 0.05 -0.20594598005493092 1.3951956815419388 1.3002528601195789 0.8237597983841809 0.7690811769550995 0.03845405884775498
3.0 0.06 -0.20587476453917353 1.3944221269034183 1.2996001496556138 0.8234781610140842 0.7694674398621715 0.046168046391730284
3.0 0.07 -0.20579037734699634 1.3935082045328713 1.2988343265566533 0.8231371655664492 0.769921135862728 0.05389447951039097
3.0 0.08 -0.2056927085410799 1.3924529226447475 1.2979434950583975 0.8227506622153478 0.7704495641044895 0.061635965128359164
3.0 0.09 -0.20558162680567205 1.391253865516608 1.296937521567575 0.8223039659949096 0.7710471656270117 0.06939424490643105
3.0 0.1 -0.20545701010070005 1.3899110392392828 1.2958111257292677 0.8218029201282147 0.7717174055263736 0.07717174055263737
3.0 0.11 -0.2053186518187725 1.3884230758808729 1.2945573084942008 0.8212546274947502 0.7724648367735663 0.08497113204509228
3.0 0.12 -0.20516642840071853 1.3867897328397953 1.2931869982378135 0.8206440050588708 0.773283369970986 0.09279400439651832
3.0 0.13 -0.2050000903959207 1.3850095366034139 1.2916938986849429 0.8199769679991438 0.7741772265225432 0.10064303944793061
3.0 0.14 -0.2048194417446949 1.3830810976211898 1.2900771430603626 0.8192524714062934 0.7751474439953008 0.10852064215934212
3.0 0.15 -0.20462419174825508 1.38100328067006 1.2883296839960015 0.8184773486904995 0.7761988351446723 0.11642982527170083
3.0 0.16 -0.20441417183476818 1.3787742248050117 1.286461671452597 0.8176360167830758 0.7773259182069986 0.12437214691311978
3.0 0.17 -0.20418899357024178 1.3763925396648535 1.2844664803985621 0.8167343449301139 0.7785333562692163 0.13235067056576677
3.0 0.18 -0.20394840618905086 1.3738562408718908 1.282343043377776 0.8157706385929553 0.7798225327958532 0.14036805590325357
3.0 0.19 -0.20369207389682675 1.3711636556176439 1.2800894790559607 0.8147442740296993 0.7811953901359139 0.14842712412582365
3.0 0.2 -0.2034195735764267 1.368312486283495 1.2777046248853916 0.8136531712698181 0.7826535026353987 0.15653070052707974
3.0 0.21 -0.2031306402953419 1.3653006506043237 1.2751807341142944 0.8125035994845577 0.7842025630151733 0.1646825382331864
3.0 0.22 -0.20282480234828415 1.3621258101490832 1.2725271768941977 0.8112796830222608 0.7858378336882808 0.17288432341142176
3.0 0.23 -0.20250161811529743 1.3587852089810966 1.2697368864470382 0.8099860334780221 0.7875647393360269 0.1811398900472862
3.0 0.24 -0.20216063850953914 1.355276345784043 1.2668072163829165 0.8086215867939615 0.7893860936909369 0.18945266248582485
3.0 0.25 -0.20180134740147904 1.3515960499151938 1.2637362311690015 0.8071837383403119 0.7913043682184882 0.19782609205462204
3.0 0.26 -0.2014232187681 1.3477412568761384 1.2605212782225523 0.805670629878195 0.7933225858829527 0.2062638723295677
3.0 0.27 -0.2010257138541517 1.343708446098522 1.2571598899216985 0.8040796298535987 0.7954437681449449 0.21476981739913514
3.0 0.28 -0.20060824810895916 1.3394943985132026 1.2536484797034935 0.8024094596785742 0.7976717685937886 0.22334809520626084
3.0 0.29 -0.20017009310811984 1.3350947480571906 1.2499847071852428 0.8006562294966055 0.8000097875211877 0.2320028383811444
3.0 0.3 -0.1997106422791739 1.3305054861306738 1.2461649366212866 0.7988176178129784 0.80246199408506 0.240738598225518
3.0 0.31 -0.19922907063396073 1.3257223238551814 1.2421796281335862 0.7968983621130035 0.8050365481379946 0.24956132992277832
3.0 0.32 -0.19872483569410926 1.3207404220797072 1.238035897290573 0.7948811143862868 0.8077310215224682 0.25847392688718984
3.0 0.33 -0.19819693721069426 1.3155545609947925 1.233724218201645 0.7927692176549035 0.810553918976855 0.2674827932623622
3.0 0.34 -0.19764446473653557 1.3101591647279835 1.2292399785128434 0.7905590449159388 0.8135108013732338 0.27659367246689953
3.0 0.35 -0.19706659102227375 1.3045485111111617 1.2245777743002317 0.7882474138846911 0.8166079941892106 0.28581279796622366
3.0 0.36 -0.19646228557657108 1.2987160563592073 1.2197323516071763 0.7858298815920286 0.8198519934986994 0.29514671765953177
3.0 0.37 -0.19583049828835847 1.2926550817847131 1.2146974581949517 0.7833025967023151 0.8232502614157162 0.304602596723815
3.0 0.38 -0.195170022887181 1.2863580245499058 1.209466764347286 0.7806606042336139 0.8268106486908475 0.3141880465025221
3.0 0.39 -0.1944798119944246 1.2798170883340738 1.2040327656433545 0.7778996033967296 0.8305421816869468 0.3239114508579093
3.0 0.4 -0.1937583660425844 1.2730233497193948 1.198387983438935 0.7750137080615748 0.8344542951193201 0.33378171804772805
3.0 0.41 -0.19300445579026737 1.2659676143725722 1.1925234755753311 0.7719978660251945 0.8385579156146603 0.34380874540201073
3.0 0.42 -0.19221645381397157 1.258639666192521 1.1864297511755761 0.7688460551265499 0.8428649054098214 0.354003260272125
3.0 0.43 -0.19139292081372372 1.251028373445547 1.1800963424996769 0.7655517840654038 0.8473884410842277 0.36437702966621793
3.0 0.44 -0.1905319968700408 1.2431216650565693 1.1735115598103132 0.7621082517955089 0.8521432887816123 0.3749430470639094
3.0 0.45 -0.18963186383161584 1.234906112492277 1.1666627378597056 0.758507558608198 0.8571457436229979 0.38571558463034905
3.0 0.46 -0.18869052080059678 1.2263675255359898 1.1595350262691786 0.7547425182755212 0.8624146553101677 0.39671074144267715
3.0 0.47 -0.1877057916494918 1.217489559469317 1.1521128357327277 0.7508035247191251 0.8679705398508245 0.4079461537298875
3.0 0.48 -0.18667533433066846 1.2082548895094891 1.1443777146886407 0.7466819069003403 0.8738373590856559 0.41944193236111477
3.0 0.49 -0.1855964725992149 1.1986437079658194 1.136309689658644 0.7423667306763302 0.8800417783116921 0.4312204713727291
3.0 0.5 -0.18446658558479334 1.1886346652302486 1.1278853147983439 0.7378476613305656 0.8866149659717765 0.44330748298588823
3.0 0.51 -0.18328249625819198 1.1782031981017773 1.119078837798417 0.7331116717899482 0.8935920921955034 0.45573196701970675
3.0 0.52 -0.18204075067205205 1.167321899789084 1.109860607884291 0.7281448018925855 0.901014048877979 0.4685273054165491
3.0 0.53 -0.18073776455360951 1.1559606369060418 1.1001956804201825 0.7229333790314916 0.9089292184987346 0.48173248580432937
3.0 0.54 -0.179369278764702 1.1440842272773546 1.090044788766422 0.717459955726799 0.9173934964008923 0.4953924880564819
3.0 0.55 -0.17793088229649734 1.1316533598185021 1.0793613109348932 0.7117068911348292 0.9264738228701619 0.509560602578589
3.0 0.56 -0.17641737217980752 1.1186223499096508 1.068091098703179 0.7056532505228377 0.9362497274007322 0.52429984734441
3.0 0.57 -0.1748229675459964 1.1049386969678143 1.0561697009495319 0.6992761872691307 0.9468175418220828 0.5396859988385871
3.0 0.58 -0.17314116154890374 1.0905410951279921 1.0435201716095361 0.6925496437209797 0.9582948439392309 0.5558110094847539
3.0 0.59 -0.17136446961559093 1.0753570785049826 1.0300497913926923 0.6854432752422986 0.970826855513399 0.5727878447529053
3.0 0.6 -0.16948446303570558 1.0593015130118244 1.0156494633585131 0.6779174001466998 0.9845916687566949 0.5907550012540169
3.0 0.61 -0.16749112153596596 1.0422708216018277 1.000168460998097 0.6699450833545597 0.999831567376231 0.609897256099501
3.0 0.62 -0.16537285999930118 1.0241395299233813 0.9834346075802672 0.6614731378131555 1.0168444269624513 0.6304435447167198
3.0 0.63 -0.16311575051618427 1.0047523691009574 0.9652210110358729 0.6524460098670781 1.0360321507369616 0.6527002549642859
3.0 0.64 -0.16070317289871605 0.9839146198132818 0.9452312472187848 0.6427968381907685 1.0579421733489713 0.6770829909433417
3.0 0.65 -0.15811463882964316 0.9613755065715361 0.9230631152176771 0.6324492028772111 1.0833495386327723 0.704177200111302
3.0 0.66 -0.15532441022511223 0.9368099280902106 0.8981769005900762 0.62129220062526 1.113366419625164 0.7348218369526083
3.0 0.67 -0.15229943488554315 0.9097811178882768 0.8697931775755113 0.6091958300350098 1.149698601669228 0.7702980631183829
3.0 0.68 -0.14899593985663795 0.8797081548211816 0.8367803005097999 0.5959831435805969 1.1950568140654843 0.8126386335645294
3.0 0.69 -0.14535386623945762 0.8458037515100699 0.7974136540473097 0.5814153882071025 1.254054272740947 0.8652974481912533
3.0 0.7 -0.141288357125954 0.80715304386106 0.7491198260776094 0.5651533437979421 1.3348999254712013 0.9344299478298408
3.0 0.71 -0.1366782650025286 0.7633623724656657 0.6886365227420975 0.5467129814683143 1.4521448790111757 1.0310228640979346
3.0 0.72 -0.13137254906819512 0.7175520184639717 0.6156162359984657 0.5254901526699711 1.6243886069348117 1.1695597969930644
3.0 0.73 -0.12528612070045592 0.6800938923061859 0.5419552430104502 0.5011444735112952 1.8451708197252694 1.3469746983994466
3.0 0.74 -0.11854281143471315 0.6583601363928535 0.4833081511929796 0.474171276320505 2.0690733179890257 1.531114255311879
3.0 0.75 -0.11138875963225894 0.6491016763789895 0.44087194765228654 0.4455550466481088 2.268232318534122 1.7011742389005915
3.0 0.76 -0.10403423875973633 0.6474571751800224 0.4097201851112629 0.4161369689478478 2.4406901010465027 1.8549244767953421
3.0 0.77 -0.09662557635983443 0.6504702890837278 0.3859429926706862 0.38650230651879103 2.5910562414415192 1.99511330590997
3.0 0.78 -0.08926365726539376 0.6565343614438447 0.3671641458864681 0.35705464277025123 2.7235774821793544 2.1243904360998966
3.0 0.79 -0.08202028293966884 0.6647244210441688 0.35188679331628336 0.32808112802664674 2.8418230493270564 2.2450402089683745
3.0 0.8 -0.07494851489481952 0.6744884723167003 0.3391762777048584 0.2997940561727061 2.9483194012470757 2.3586555209976607
3.0 0.81 -0.06808884393410214 0.6854741975440292 0.32840897979404 0.2723553833282067 3.0449837292121087 2.466436820661808
3.0 0.82 -0.06147292589656077 0.6974466305263223 0.3191557785753852 0.24589170886812273 3.133266157560102 2.5692782491992836
3.0 0.83 -0.05512603314465264 0.7102417040351824 0.311104428798472 0.22050411853521895 3.21435475496809 2.6679144466235147
3.0 0.84 -0.049068752462334775 0.7237426922119077 0.30403135937148035 0.19627499288172182 3.2891343908315434 2.7628728882984963
3.0 0.85 -0.043318047734172305 0.7378626675077924 0.29776177397232834 0.173272142280466 3.35838944891876 2.8546310315809458
3.0 0.86 -0.03788805978491845 0.7525370640801954 0.29217067782583156 0.15155227954367317 3.4226569464171854 2.9434849739187796
3.0 0.86 -0.03788805978491845 0.7525370640801954 0.29217067782583156 0.15155227954367317 3.4226569464171854 2.9434849739187796
3.0 0.86 -0.03788805978491845 0.7525370640801954 0.29217067782583156 0.15155227954367317 3.4226569464171854 2.9434849739187796
3.0 0.87 -0.032790737393848204 0.7677145922405243 0.28714379553020764 0.13116298018898326 3.482575683564786 3.0298408447013636
3.0 0.88 -0.0280362464743992 0.7833564905482052 0.28260438284628975 0.11214504409891658 3.5385155386776366 3.11389367403632
3.0 0.89 -0.02363327843289348 0.7994313363741117 0.2784835066486901 0.09453316278656156 3.590876932117602 3.1958804695846657
3.0 0.9 -0.01958934813616882 0.8159140868892556 0.27472843114183987 0.07835748508340652 3.639958179223572 3.275962361301215
3.0 0.91 -0.015910969141881066 0.8327841388165327 0.27129159307239314 0.0636439440764593 3.6860707280861216 3.354324362558371
3.0 0.92 -0.01260381707225565 0.8500247488672464 0.2681373111136788 0.050415423871821 3.729432490564667 3.431077891319494
3.0 0.93 -0.009672866128006868 0.8676218567929236 0.2652310655898278 0.038691582366391586 3.7702974113389542 3.5063765925452275
3.0 0.94 -0.007122487985985401 0.8855638456940651 0.26254705021389485 0.02849004100747598 3.8088411169933485 3.5803106499737476
3.0 0.95 -0.0049565366607813785 0.9038408902352559 0.26006190718250843 0.01982621182125624 3.8452382774314255 3.652976363559854
3.0 0.96 -0.0031784216574017076 0.9224446853600321 0.25775638059862477 0.012713821729754268 3.8796323787506477 3.7244470836006216
3.0 0.97 -0.0017911663912982146 0.9413681238892135 0.255611102875023 0.007164755527584872 3.912193127576834 3.7948273337495286
3.0 0.98 -0.0007974584788472789 0.9606051704704068 0.25361197958945764 0.0031898872022357175 3.9430314041899024 3.8641707761061044
3.0 0.99 -0.000199691319767725 0.9801506239665113 0.25174567702304923 0.000798789094505631 3.9722628480664732 3.9325402195858086
3.0 1.0 -4.515711909429003e-16 1.000000000024783 0.2500032466052387 3.9652060899726945e-10 3.9999480549907602 3.9999480549907602
