3.0 0.001 0.8076559118204099 0.4074271327292149 0.6402492280955796 0.8076559092186043 0.40742713272921505
3.0 0.0014142135623730952 0.8076009143013949 0.40830233950878003 0.6407771737760626 0.8076009116740753 0.40830233950878014
3.0 0.002 0.8075229888503715 0.40953985715063923 0.64152413340933 0.8075229861840316 0.4095398571506394
3.0 0.0028284271247461905 0.8074125078907609 0.4112895418150846 0.6425811555161501 0.8074125051643042 0.41128954181508404
3.0 0.004 0.807255744365167 0.4137630952612022 0.6440773290079136 0.8072557415447086 0.4137630952612021
3.0 0.005656854249492381 0.8070330732766519 0.4172594446156405 0.6461958612972767 0.807033070305696 0.4172594446156404
3.0 0.008 0.806716311449746 0.42220038899887896 0.6491971275027073 0.8067163087376175 0.4222003889988789
3.0 0.011313708498984762 0.8062646571521103 0.42918052226347264 0.6534518722289119 0.8062646541065478 0.4291805222634732
3.0 0.016 0.8056181845178918 0.4390368794798862 0.6594893277208536 0.8056181819178544 0.4390368794798858
3.0 0.022627416997969524 0.8046867766324742 0.45294560128177513 0.668067466738103 0.8046867737139376 0.4529456012817754
3.0 0.032 0.8033301136724813 0.47255516530917874 0.6802764419567173 0.8033301109267258 0.47255516530917874
3.0 0.04525483399593905 0.801319526244637 0.5001682032036168 0.6976922443524047 0.8013195228476986 0.5001682032036165
3.0 0.064 0.7982615294233886 0.5389858708128032 0.7226068353559999 0.7982615255318163 0.5389858708128035
3.0 0.0905096679918781 0.7934354917562243 0.5934280203999548 0.7583748907772268 0.7934354877897362 0.5934280203999547
3.0 0.128 0.7854210749910568 0.6695330907990057 0.8099374416896163 0.7854210703312479 0.6695330907990062
3.0 0.1810193359837562 0.7711402737900916 0.775406618887922 0.8846105818259227 0.7711402662055646 0.7754066188879216
3.0 0.256 0.7797622328366944 0.9259963763721144 0.9932640152123542 0.7429144724583898 0.9215715388399409
3.0 0.3620386719675124 0.7701374482235275 1.1335774066754103 1.1520600861472639 0.67600074090978 1.1206521012566761
3.0 0.512 0.7587956289486262 1.4224743609027097 1.3849805459072169 0.39797161347197063 1.3835326084139172
3.0 0.7240773439350248 0.7452417990521278 1.823512785032672 1.7274417006875429 8.543749134609625e-8 1.7274417006875438
2.9 0.001 0.8000511496972502 0.403767011499114 0.6142735328918888 0.8000511467494106 0.4037670114991141
2.9 0.0014142135623730952 0.7999911530449755 0.40460186465211867 0.6147763611312287 0.7999911500579452 0.4046018646521188
2.9 0.002 0.7999061273392635 0.40578231444337465 0.6154877917741739 0.7999061242934112 0.40578231444337454
2.9 0.0028284271247461905 0.7997855433208514 0.4074512950067941 0.6164945531763807 0.7997855406916118 0.4074512950067944
2.9 0.004 0.799614367064975 0.40981072054798384 0.6179196170614623 0.7996143643315258 0.4098107205479839
2.9 0.005656854249492381 0.7993710635832575 0.4131456799273271 0.6199375247471867 0.7993710606840333 0.41314567992732765
2.9 0.008 0.7990246309980639 0.41785840798770396 0.6227963655327821 0.7990246278253839 0.4178584079877042
2.9 0.011313708498984762 0.798530061449169 0.42451583804936377 0.626849449227119 0.7985300583893908 0.424515838049364
2.9 0.016 0.7978210669386513 0.43391588793036895 0.6326012321616865 0.7978210637496082 0.4339158879303691
2.9 0.022627416997969524 0.7967977156056908 0.44717934242289936 0.6407744120946894 0.7967977124895791 0.44717934242289953
2.9 0.032 0.7953040898090729 0.46587624275994766 0.6524087895312073 0.7953040867195129 0.4658762427599472
2.9 0.04525483399593905 0.793085564335751 0.4921978381481925 0.6690082391018775 0.7930855608699015 0.4921978381481923
2.9 0.064 0.7897026264914591 0.5291865694119984 0.6927609943192359 0.7897026220797062 0.5291865694119984
2.9 0.0905096679918781 0.7843459653963998 0.5810348722246215 0.7268717818963387 0.7843459607573668 0.5810348722246214
2.9 0.128 0.775405177250402 0.6534522528135054 0.7760636864295334 0.7754051715143351 0.6534522528135058
2.9 0.1810193359837562 0.7593312033869662 0.7540600155750343 0.8473344084058902 0.7593311950474527 0.7540600155750348
2.9 0.256 0.7688912911813119 0.8971991209703557 0.951086771805038 0.7269844912762251 0.8926405459535709
2.9 0.3620386719675124 0.7575981486423706 1.0939440655286925 1.1027974948235557 0.6466526637210055 1.0805641747586177
2.9 0.512 0.7432539725709938 1.3667593062049193 1.3254427540621017 1 -1
2.9 0.7240773439350248 0.7230401973311623 1.7424213256063674 1.652969618558068 7.232563112872417e-8 1.6529696185580673
2.8 0.001 0.791804022261783 0.39983866935515866 0.5887564664603502 0.7918040190682298 0.39983866935515927
2.8 0.0014142135623730952 0.791738216719839 0.4006331921759869 0.589234632944018 0.79173821347603 0.40063319217598703
2.8 0.002 0.7916449409467362 0.40175660670073055 0.5899111789111511 0.7916449381506316 0.4017566067007307
2.8 0.0028284271247461905 0.7915126183995196 0.40334492851151293 0.5908685905617609 0.7915126155166009 0.40334492851151255
2.8 0.004 0.791324697338529 0.40559028881360804 0.5922238326284801 0.791324694321652 0.4055902888136079
2.8 0.005656854249492381 0.7910574238250844 0.4087639439967576 0.5941429359221164 0.7910574205959966 0.40876394399675786
2.8 0.008 0.7906765178660419 0.4132485717760249 0.5968619234409389 0.7906765148344719 0.4132485717760247
2.8 0.011313708498984762 0.7901320688010385 0.4195834535080219 0.6007169795904502 0.7901320652911834 0.4195834535080219
2.8 0.016 0.7893503442805494 0.4285273996388411 0.6061882201829474 0.7893503405430118 0.42852739963884123
2.8 0.022627416997969524 0.788219871796225 0.4411458489588467 0.6139636793209855 0.788219868533561 0.44114584895884607
2.8 0.032 0.7865662768557402 0.45893040901244664 0.6250336610001319 0.7865662734356159 0.4589304090124467
2.8 0.04525483399593905 0.7841040102616397 0.4839609154238415 0.6408311157936553 0.784104006103922 0.48396091542384145
2.8 0.064 0.7803382544595023 0.5191209440537135 0.6634422008135004 0.7803382500310331 0.5191209440537131
2.8 0.0905096679918781 0.7743519004800035 0.568374995061328 0.695923964459322 0.7743518948106625 0.5683749950613273
2.8 0.128 0.7642993361776215 0.6371020119317923 0.7427846408653187 0.7642993294839246 0.6371020119317922
2.8 0.1810193359837562 0.7460309386478217 0.7324339215988618 0.8107077219459992 0.7460309291659418 0.7324339215988617
2.8 0.256 0.75673050373583 0.868108160634899 0.909634763174942 0.7084372792927001 0.8633944671275977
2.8 0.3620386719675124 0.7433204891555069 1.053953877111251 1.054364334978125 0.6090019305676666 1.040013684506958
2.8 0.512 0.7249573663157596 1.3104807867294186 1.266876969452972 4.5768885065395303e-7 1.2668769694529751
2.8 0.7240773439350248 0.6948646003249853 1.659954419381973 1.5796636840388403 6.359902508943581e-8 1.5796636840388403
2.7 0.001 0.7828228818787687 0.39561147043042993 0.5637011312494311 0.7828228784975257 0.3956114704304303
2.7 0.0014142135623730952 0.7827502575320874 0.39636568012344364 0.5641551105638232 0.7827502540923907 0.3963656801234439
2.7 0.002 0.7826472974242888 0.3974320832814635 0.5647974429051645 0.7826472938973832 0.3974320832814634
2.7 0.0028284271247461905 0.782501195819668 0.39893977925967306 0.5657064535778802 0.7825011921611115 0.39893977925967256
2.7 0.004 0.7822936194640318 0.40107111910702775 0.5669932151225443 0.7822936161734139 0.401071119107028
2.7 0.005656854249492381 0.7819982090344195 0.4040835299425114 0.5688154099490428 0.7819982054908234 0.40408352994251195
2.7 0.008 0.781576831432467 0.40834013545583603 0.5713972235091245 0.7815768280219962 0.4083401354558368
2.7 0.011313708498984762 0.780973800182744 0.4143525671275396 0.5750580372925553 0.7809737961865001 0.41435256712753976
2.7 0.016 0.7801065787423098 0.42284052730841115 0.5802540805654837 0.7801065749726719 0.42284052730841093
2.7 0.022627416997969524 0.7788499742816917 0.4348141009888699 0.5876393614987916 0.7788499702544385 0.4348141009888693
2.7 0.032 0.7770075154385074 0.451686434734806 0.5981555807254256 0.7770075109514784 0.4516864347348062
2.7 0.04525483399593905 0.7742563336675371 0.47542586594815384 0.6131660103860903 0.7742563292199396 0.47542586594815395
2.7 0.064 0.7700341991259902 0.5087568520260686 0.6346564587643486 0.770034194332007 0.5087568520260689
2.7 0.0905096679918781 0.7632907642061844 0.5554152137515647 0.6655386755731171 0.7632907582354868 0.5554152137515649
2.7 0.128 0.7518834565832857 0.6204471397546459 0.7101092970939347 0.7518834499251471 0.620447139754646
2.7 0.1810193359837562 0.7308767040297671 0.710488357461705 0.7747420179006934 0.7308766924846951 0.7104883574617051
2.7 0.256 0.6863969646977068 0.8337792935536936 0.8689230651946884 0.686396943170771 0.8337792935536935
2.7 0.3620386719675124 0.7268411647433503 1.0135409549796761 1.006780815212504 0.5574958564303001 0.9988777146681551
2.7 0.512 0.7029276930728028 1.2535009592088031 1.2093107656973654 2.297264008440095e-7 1.2093107656973665
2.7 0.7240773439350248 0.6571283967454371 1.5755207556735589 1.5075620267538583 5.546150038243096e-8 1.507562026753859
2.6 0.001 0.7729953798130076 0.3910499770601823 0.5391093159824885 0.772995376106666 0.391049977060182
2.6 0.0014142135623730952 0.7729146566159781 0.39176388165144443 0.5395396013269809 0.7729146528425954 0.39176388165144393
2.6 0.002 0.77280019391038 0.3927732842675773 0.5401484174220854 0.7728001900368229 0.3927732842675772
2.6 0.0028284271247461905 0.7726377257068393 0.3942003686493347 0.5410100131396214 0.7726377216818018 0.3942003686493353
2.6 0.004 0.7724068014403775 0.3962177060051697 0.5422296881629453 0.7724067977511947 0.39621770600517
2.6 0.005656854249492381 0.7720779658113778 0.39906889358036235 0.5439569450338888 0.7720779623645382 0.39906889358036246
2.6 0.008 0.7716084996079722 0.40309749828244545 0.5464043695238496 0.7716084956991405 0.40309749828244557
2.6 0.011313708498984762 0.7709358265348261 0.40878749452867225 0.5498748756227922 0.7709358224887309 0.4087874945286723
2.6 0.016 0.7699668665714947 0.4168194607895598 0.5548012783845548 0.7699668625828668 0.4168194607895598
2.6 0.022627416997969524 0.7685598965351542 0.42814809543207283 0.5618042238782637 0.768559892073537 0.42814809543207294
2.6 0.032 0.7664916249690193 0.4441080140158523 0.5717777396947071 0.7664916202969592 0.4441080140158525
2.6 0.04525483399593905 0.7633934557135169 0.46655589458913604 0.5860167182159444 0.7633934505078349 0.46655589458913616
2.6 0.064 0.758619561527148 0.4980566743909407 0.6064084224416293 0.7586195563722525 0.49805667439094115
2.6 0.0905096679918781 0.7509515937174139 0.5421164292869218 0.6357217924365244 0.750951587042538 0.5421164292869216
2.6 0.128 0.7378627718368302 0.6034455925688276 0.6780452780227844 0.7378627629661465 0.6034455925688276
2.6 0.1810193359837562 0.7133548210609717 0.6881743975852416 0.7394474199266018 0.7133548078211885 0.6881743975852417
2.6 0.256 0.6594662665133046 0.8037248947291108 0.8289653985164899 0.6594662378720443 0.8037248947291105
2.6 0.3620386719675124 0.7074885296813256 0.9726186570257035 0.9600658491289185 0.47830895614126073 0.9569605463804747
2.6 0.512 0.6755735088487591 1.1956172236989957 1.1527705688402696 1.5348519009465268e-7 1.1527705688402707
2.6 0.7240773439350248 0.6015817030775468 1.4879111154091134 1.436701935060864 5.036103376662612e-8 1.4367019350608636
2.5 0.001 0.7621813505058114 0.3861129467009484 0.5149813258132068 0.7621813462361047 0.3861129467009483
2.5 0.0014142135623730952 0.7620908751070036 0.38678654056910744 0.5153884284455555 0.7620908707438764 0.38678654056910783
2.5 0.002 0.7619625607146548 0.3877389340393069 0.515964451220259 0.7619625562122938 0.38773893403930687
2.5 0.0028284271247461905 0.7617803818563018 0.38908539332358666 0.5167796541487802 0.761780377143486 0.3890853933235864
2.5 0.004 0.7615213365901539 0.39098870639146266 0.5179336877965997 0.7615213327849781 0.390988706391463
2.5 0.005656854249492381 0.7611522342221271 0.3936786344608505 0.519568049613388 0.7611522300215454 0.3936786344608504
2.5 0.008 0.7606248174748095 0.3974791764193847 0.521883972412157 0.7606248132866236 0.3974791764193851
2.5 0.011313708498984762 0.7598681681426455 0.40284662912543767 0.5251682506733035 0.7598681636653634 0.4028466291254378
2.5 0.016 0.7587763859604306 0.4104224099010236 0.529830775448186 0.7587763813559689 0.4104224099010232
2.5 0.022627416997969524 0.757187518748594 0.42110576199623023 0.5364595199867299 0.7571875145731439 0.42110576199623
2.5 0.032 0.7548451716693462 0.4361526387518826 0.5459018054756678 0.7548451668651575 0.43615263875188204
2.5 0.04525483399593905 0.7513236787681219 0.457307787508836 0.5593854951988002 0.7513236733391582 0.45730778750883605
2.5 0.064 0.745871365105504 0.4869760088732692 0.5787011852126507 0.7458713591518494 0.48697600887326925
2.5 0.0905096679918781 0.7370527844442032 0.5284320990103992 0.6064776034343314 0.7370527774979959 0.5284320990103988
2.5 0.128 0.7218286848481612 0.5860465388468702 0.6465985835415953 0.7218286743104683 0.5860465388468701
2.5 0.1810193359837562 0.6927023051875295 0.6654309753197994 0.7048323912099759 0.692702289462152 0.6654309753197996
2.5 0.256 0.6252107078697131 0.7731364915527534 0.7897737918956442 0.6252106692003822 0.7731364915527532
2.5 0.3620386719675124 0.31352242933500585 0.9138893946436975 0.9142366539296964 0.31352169768184723 0.9138893946436972
2.5 0.512 0.6400364979805749 1.1365068009164796 1.0972811712603487 1.1533351586769068e-7 1.0972811712603483
2.5 0.7240773439350248 4.709374057723266e-8 1.3671192634597666 1.3671192634597666 4.689731343055603e-8 1.3671192634597666
2.4 0.001 0.7502021683544472 0.3807520437343665 0.4913158089826101 0.7502021641158763 0.38075204373436655
2.4 0.0014142135623730952 0.750099756877025 0.38138530103773616 0.49170025736631046 0.7500997525290906 0.38138530103773605
2.4 0.002 0.7499544870461747 0.38228064798319483 0.4922442340876923 0.7499544825351829 0.3822806479831948
2.4 0.0028284271247461905 0.7497481773905934 0.38354642761367264 0.49301410083417474 0.7497481726325219 0.38354642761367297
2.4 0.004 0.7494546984647961 0.38533563579941865 0.4941039869926122 0.7494546939630485 0.38533563579941865
2.4 0.005656854249492381 0.7490362742821914 0.38786418344912166 0.49564756565156215 0.7490362692697583 0.387864183449122
2.4 0.008 0.7484378400961015 0.3914364778443062 0.49783497183921976 0.7484378355748035 0.39143647784430624
2.4 0.011313708498984762 0.7475781955352018 0.396481098530974 0.5009372405251641 0.7475781905453058 0.3964810985309739
2.4 0.016 0.7463355609072899 0.4036002334628256 0.5053418460558758 0.74633555615913 0.40360023346282564
2.4 0.022627416997969524 0.7445227495981526 0.4136375508881527 0.5116048025079205 0.7445227448914182 0.41363755088815257
2.4 0.032 0.741841657650413 0.4277701221005099 0.5205277261357817 0.7418416516222619 0.4277701221005099
2.4 0.04525483399593905 0.7377937629510504 0.44763033131663654 0.5332728518049649 0.7377937566264317 0.4476303313166364
2.4 0.064 0.7314898595807704 0.47546190883860273 0.5515360592942518 0.7314898530948649 0.4754619088386027
2.4 0.0905096679918781 0.7212051968247404 0.5143061336794118 0.5778085675491842 0.7212051883698396 0.5143061336794121
2.4 0.128 0.7031897318592574 0.5681875005184307 0.6157733209233655 0.7031897203848643 0.5681875005184309
2.4 0.1810193359837562 0.6677123346586153 0.6421798269904269 0.6709034237305 0.6677123144454595 0.6421798269904266
2.4 0.256 0.5787919489740931 0.7418781278074965 0.751358213707592 0.5787918910744287 0.7418781278074964
2.4 0.3620386719675124 8.091130805253121e-7 0.8693083021293502 0.8693083021293446 8.114479904942604e-7 0.8693083021293498
2.4 0.512 9.340878198933828e-8 1.042865175560416 1.0428651755604155 9.551675241721775e-8 1.042865175560416
2.4 0.7240773439350248 4.449302610902716e-8 1.2988477351927212 1.2988477351927215 4.157157853789145e-8 1.298847735192721
2.3 0.001 0.7368241766979491 0.37491015025127994 0.46810958238752626 0.7368241715332585 0.37491015025127994
2.3 0.0014142135623730952 0.736706865522562 0.3755030150535439 0.46847192101492147 0.7367068602019659 0.37550301505354383
2.3 0.002 0.7365404268351003 0.3763412352781309 0.46898462162727406 0.7365404219148651 0.3763412352781307
2.3 0.0028284271247461905 0.7363039829344942 0.3775262196267944 0.4697102408868952 0.7363039777166989 0.37752621962679433
2.3 0.004 0.735967489024304 0.379201154914132 0.4707375188566108 0.7359674833415555 0.37920115491413187
2.3 0.005656854249492381 0.7354874229886583 0.38156807543880217 0.4721924905482771 0.7354874179554391 0.381568075438802
2.3 0.008 0.734800171993648 0.3849117550933026 0.4742544562635126 0.7348001666622654 0.38491175509330255
2.3 0.011313708498984762 0.7338115728495512 0.3896329880886106 0.4771790626692418 0.7338115673955727 0.3896329880886108
2.3 0.016 0.7323797259373412 0.3962946194701219 0.4813318906683204 0.7323797203526096 0.39629461947012173
2.3 0.022627416997969524 0.7302851981640791 0.4056845472573761 0.4872377315979125 0.7302851927648811 0.40568454725737657
2.3 0.032 0.7271759637537458 0.41890061009848867 0.4956535308963371 0.7271759574789112 0.41890061009848834
2.3 0.04525483399593905 0.7224577946687641 0.43746215622103646 0.5076773427168575 0.7224577880754218 0.43746215622103624
2.3 0.064 0.7150568017694274 0.4634504308702851 0.5249123495871792 0.7150567938658968 0.4634504308702853
2.3 0.0905096679918781 0.7028470599737137 0.4996698688021953 0.5497150653927005 0.7028470504398565 0.4996698688021955
2.3 0.128 0.6810403228763025 0.5497899866091367 0.5855714229966142 0.6810403089217736 0.549789986609137
2.3 0.1810193359837562 0.6363034663035444 0.6183168311479315 0.6376647092034167 0.6363034396145848 0.6183168311479313
2.3 0.256 0.5081935006101379 0.7097346036072156 0.7137261753954668 0.508193393486307 0.7097346036072159
2.3 0.3620386719675124 2.9227429879985277e-7 0.8252932295476063 0.8252932295476046 2.9309603717383453e-7 0.8252932295476062
2.3 0.512 7.731740827525839e-8 0.9895423697819236 0.9895423697819232 8.010303549305357e-8 0.9895423697819232
2.3 0.7240773439350248 3.9012251534952495e-8 1.2319181370783416 1.231918137078341 3.972328975122738e-8 1.2319181370783414
2.2 0.001 0.7217316338433164 0.36851909052061693 0.44535745835306634 0.7217316279525754 0.3685190905206172
2.2 0.0014142135623730952 0.7215952651008656 0.3690714615417069 0.44569824622567145 0.7215952590073522 0.3690714615417069
2.2 0.002 0.7214017429639461 0.36985241033947736 0.4461804612011161 0.7214017372317363 0.36985241033947724
2.2 0.0028284271247461905 0.7211267330750015 0.3709563917731083 0.44686295071708354 0.7211267276186066 0.3709563917731086
2.2 0.004 0.7207351619285487 0.37251675446061217 0.4478292009128454 0.7207351558819886 0.37251675446061217
2.2 0.005656854249492381 0.7201761158800326 0.37472161171768203 0.449197800038329 0.7201761096574331 0.3747216117176818
2.2 0.008 0.7193749482838504 0.3778360349418655 0.45113748387089664 0.7193749421491091 0.3778360349418657
2.2 0.011313708498984762 0.7182207033989043 0.382232922602895 0.4538888921434205 0.7182206968047081 0.382232922602895
2.2 0.016 0.7165452277745219 0.38843559536847977 0.457796250054394 0.7165452212014127 0.3884355953684798
2.2 0.022627416997969524 0.7140866047909702 0.3971758725155954 0.46335388332229027 0.7140865982705286 0.3971758725155952
2.2 0.032 0.7104207356480662 0.40947181110506115 0.4712751303699185 0.7104207290554927 0.4094718111050611
2.2 0.04525483399593905 0.7048229036668244 0.4267286802690418 0.4825953552446434 0.7048228960414477 0.42672868026904165
2.2 0.064 0.6959602454817795 0.45086306815053007 0.4988271249809672 0.6959602356912824 0.45086306815052996
2.2 0.0905096679918781 0.6811201074215563 0.484437466005412 0.522195145661812 0.6811200957267362 0.48443746600541193
2.2 0.128 0.6538851250743016 0.5307523365338452 0.555992358434433 0.6538851055195609 0.5307523365338451
2.2 0.1810193359837562 0.594395821050189 0.5936954031187859 0.6051177966903276 0.5943957821768427 0.5936954031187855
2.2 0.256 0.3638759478619789 0.676290684606612 0.6768823124854493 0.36387544147702483 0.6762906846066117
2.2 0.3620386719675124 1.8300409426740381e-7 0.7822007055725759 0.7822007055725745 1.7973704547583682e-7 0.7822007055725756
2.2 0.512 6.631953449382585e-8 0.9373290393175893 0.9373290393175888 6.847411865296011e-8 0.9373290393175889
2.2 0.7240773439350248 3.9042098448822216e-8 1.1663574090743982 1.1663574090743989 3.575952547825073e-8 1.1663574090743987
2.1 0.001 0.7044799278158037 0.36149645466499125 0.42305207443092774 0.7044799210480244 0.3614964546649913
2.1 0.0014142135623730952 0.7043184175791013 0.3620081608636359 0.4233718831885242 0.7043184105271123 0.36200816086363585
2.1 0.002 0.7040891548993744 0.3627315942692595 0.42382442088017575 0.7040891481656402 0.3627315942692594
2.1 0.0028284271247461905 0.7037632243269502 0.36375422356630727 0.42446492369858213 0.7037632170194578 0.36375422356630727
2.1 0.004 0.7032988803446716 0.365199511256141 0.4253717623489226 0.7032988736652238 0.36519951125614086
2.1 0.005656854249492381 0.7026353752173154 0.3672415774295411 0.4266562740162568 0.7026353680868989 0.3672415774295409
2.1 0.008 0.7016833259061086 0.3701256797212059 0.42847690637982794 0.7016833192257717 0.3701256797212056
2.1 0.011313708498984762 0.7003092122797628 0.3741966449819159 0.4310596824589651 0.7003092052737522 0.37419664498191585
2.1 0.016 0.6983093114923641 0.3799379828291475 0.43472802210202316 0.6983093036625837 0.3799379828291473
2.1 0.022627416997969524 0.6953634093815034 0.38802494876022153 0.43994656056206444 0.6953634010268127 0.3880249487602213
2.1 0.032 0.6909467080455005 0.39939495649070045 0.4473861189562581 0.690946699036841 0.3993949564907005
2.1 0.04525483399593905 0.684147420465553 0.4153375571534176 0.4580208993962876 0.6841474107549481 0.41533755715341747
2.1 0.064 0.6732473393904936 0.43760125336477046 0.47327499047855004 0.6732473280991013 0.4376012533647707
2.1 0.0905096679918781 0.654609068778962 0.4684984122856986 0.4952442710045778 0.6546090537734257 0.46849841228569844
2.1 0.128 0.6189742134642676 0.510936774471912 0.5270328390208493 0.6189741878637953 0.510936774471912
2.1 0.1810193359837562 0.5320902414321269 0.5680885963807316 0.5732612429084856 0.5320901629574715 0.5680885963807315
2.1 0.256 9.375547371489067e-7 0.6408279506589769 0.6408279506589711 9.380184758404468e-7 0.6408279506589771
2.1 0.3620386719675124 1.3194309322202327e-7 0.7400362747666345 0.7400362747666338 1.2980338120558887e-7 0.7400362747666348
2.1 0.512 5.830079138673479e-8 0.8862372257694429 0.8862372257694429 6.250569668222256e-8 0.8862372257694434
2.1 0.7240773439350248 3.456812728439734e-8 1.1021876383504412 1.1021876383504412 3.660098991178289e-8 1.1021876383504412
2.0 0.001 0.6844086182498408 0.3537409468885799 0.401183727117675 0.6844086105776012 0.3537409468885801
2.0 0.0014142135623730952 0.6842125617031192 0.35421170643001754 0.40148313881985653 0.6842125536454902 0.3542117064300176
2.0 0.002 0.6839341628990191 0.3548772227878527 0.4019068223225962 0.6839341550186387 0.3548772227878527
2.0 0.0028284271247461905 0.6835381766166686 0.35581792569156423 0.4025065023491706 0.6835381686816338 0.3558179256915641
2.0 0.004 0.6829736135653293 0.3571473136286276 0.40335557520527043 0.682973605248803 0.3571473136286276
2.0 0.005656854249492381 0.6821660393822059 0.35902539663741573 0.40455832631768585 0.6821660316653433 0.3590253966374155
2.0 0.008 0.6810054581772441 0.3616774396709643 0.40626319681753675 0.6810054495682112 0.36167743967096444
2.0 0.011313708498984762 0.679326525295576 0.36541991659676926 0.4086819905138797 0.6793265169534951 0.36541991659676903
2.0 0.016 0.6768747689655513 0.3706960687287172 0.41211788263013527 0.6768747606896951 0.37069606872871724
2.0 0.022627416997969524 0.673245393079505 0.3781238134914344 0.4170066079240563 0.6732453828521887 0.37812381349143465
2.0 0.032 0.6677639193876387 0.3885585378168175 0.42397758121598894 0.6677639089710403 0.3885585378168176
2.0 0.04525483399593905 0.6592306301714244 0.40317141413842017 0.4339454018290018 0.6592306176417045 0.40317141413842006
2.0 0.064 0.6453025501247762 0.4235371814736035 0.4482478629549281 0.6453025346432085 0.42353718147360336
2.0 0.0905096679918781 0.6207117976644928 0.45170399046088616 0.46885506695823326 0.6207117768834278 0.4517039904608862
2.0 0.128 0.5703212849255892 0.4901422919917348 0.4986865287784294 0.5703212376918738 0.4901422919917348
2.0 0.1810193359837562 0.41111107038740136 0.5410697140888885 0.5420902618555503 0.41111075075594955 0.5410697140888883
2.0 0.256 3.0669252158574206e-7 0.6055606658822822 0.6055606658822801 3.0560301668300345e-7 0.6055606658822819
2.0 0.3620386719675124 1.0187476054768844e-7 0.6988011818996777 0.6988011818996769 1.0542518240379361e-7 0.6988011818996773
2.0 0.512 5.240119702643388e-8 0.8362739483780057 0.8362739483780053 5.276509040565461e-8 0.8362739483780057
2.0 0.7240773439350248 3.3370179709309295e-8 1.0394249765758454 1.0394249765758454 3.284545968697912e-8 1.0394249765758456
1.9 0.001 0.6604640177968649 0.34512510587453404 0.3797402088966869 0.6604640082054248 0.34512510587453404
1.9 0.0014142135623730952 0.6602177449558411 0.34555445244716065 0.3800198134739633 0.6602177355850094 0.34555445244716076
1.9 0.002 0.6598678676025105 0.34616138738951335 0.3804154770168984 0.6598678581787264 0.3461613873895134
1.9 0.0028284271247461905 0.6593698621941565 0.34701921442985956 0.38097551390946116 0.6593698523483178 0.3470192144298594
1.9 0.004 0.6586591242743787 0.3482313397523039 0.38176848901060667 0.6586591143074202 0.348231339752304
1.9 0.005656854249492381 0.6576409559185139 0.34994347124142744 0.38289183801268717 0.6576409458353323 0.34994347124142755
1.9 0.008 0.6561745727752266 0.35236058735502007 0.3844842808997414 0.656174562233339 0.3523605873550202
1.9 0.011313708498984762 0.6540465481474467 0.3557703469812449 0.3867438052356117 0.6540465378414508 0.35577034698124493
1.9 0.016 0.6509244280006437 0.3605749703308385 0.38995391010091696 0.6509244168460464 0.3605749703308386
1.9 0.022627416997969524 0.6462702959287305 0.36733375247177746 0.3945222307801847 0.6462702836418843 0.36733375247177724
1.9 0.032 0.6391658112572741 0.3768177254460239 0.4010379026719979 0.6391657978123344 0.3768177254460241
1.9 0.04525483399593905 0.6279176563975867 0.39007509435284715 0.4103575046052766 0.6279176403774349 0.3900750943528471
1.9 0.064 0.6090242444648926 0.4084966297570567 0.4237347521685056 0.6090242239765535 0.40849662975705653
1.9 0.0905096679918781 0.5737545278040236 0.433838914996038 0.4430170766077048 0.5737544889232187 0.4338389149960381
1.9 0.128 0.4900385524897909 0.46803190492947294 0.4709437591366446 0.49003843003936004 0.46803190492947283
1.9 0.1810193359837562 1.1744954639377422e-6 0.511596380201817 0.5115963802018095 1.1737349209572753e-6 0.5115963802018171
1.9 0.256 1.862707906543803e-7 0.5710738483746353 0.571073848374634 1.8434946044523734e-7 0.5710738483746352
1.9 0.3620386719675124 8.345222169179394e-8 0.6584917949265827 0.6584917949265822 8.40222482951689e-8 0.6584917949265827
1.9 0.512 5.089579117079782e-8 0.7874404089061136 0.7874404089061134 4.751691909431971e-8 0.7874404089061139
1.9 0.7240773439350248 3.230345927257801e-8 0.9780785090278341 0.9780785090278332 3.240527845070412e-8 0.9780785090278339
1.8 0.001 0.6307881323259887 0.3354827887430588 0.35870664584427336 0.6307881202086494 0.3354827887430587
1.8 0.0014142135623730952 0.630462532745553 0.33586992599076637 0.35896703824952125 0.6304625204783305 0.33586992599076626
1.8 0.002 0.6299996015719301 0.3364171446727076 0.35933552316358636 0.6299995895869966 0.33641714467270784
1.8 0.0028284271247461905 0.6293399565533986 0.33719047348438547 0.35985710662151127 0.6293399433897228 0.3371904734843854
1.8 0.004 0.6283970440028253 0.33828300636405373 0.36059566620348515 0.6283970313226128 0.33828300636405373
1.8 0.005656854249492381 0.6270431799719347 0.3398258189960983 0.3616419916067267 0.6270431673191438 0.3398258189960984
1.8 0.008 0.6250868036086329 0.34200309676285345 0.363125369488547 0.6250867907276076 0.34200309676285323
1.8 0.011313708498984762 0.622233694991668 0.3450728821899456 0.36523037754083587 0.6222336805517519 0.34507288218994536
1.8 0.016 0.6180168747473085 0.3493950548794429 0.3682214119825756 0.6180168600399402 0.34939505487944306
1.8 0.022627416997969524 0.6116599907033773 0.3554679964344076 0.3724788164207608 0.6116599746293734 0.35546799643440746
1.8 0.032 0.6017833410133945 0.36397410900998184 0.3785525833661981 0.6017833211669247 0.3639741090099819
1.8 0.04525483399593905 0.5856791024531727 0.37582979899495755 0.3872428675870586 0.5856790765512331 0.37582979899495744
1.8 0.064 0.5571168683100821 0.39222058591021497 0.39972154661480497 0.5571168242810598 0.392220585910215
1.8 0.0905096679918781 0.49668403070221334 0.41454461287430056 0.41771652169971746 0.4966839229056179 0.4145446128743006
1.8 0.128 0.19963440683999037 0.4437704912770947 0.4437912526300773 1 -1
1.8 0.1810193359837562 3.212716724474232e-7 0.4817671036417683 0.48176710364176667 3.2051119215555007e-7 0.4817671036417682
1.8 0.256 1.329140762056475e-7 0.5373562797694027 0.5373562797694018 1.3242569904833402e-7 0.5373562797694029
1.8 0.3620386719675124 7.412587415037335e-8 0.619099041598407 0.6190990415984067 7.474928452314078e-8 0.619099041598407
1.8 0.512 4.370291025172402e-8 0.7397312050364164 0.7397312050364164 4.307747353585317e-8 0.7397312050364167
1.8 0.7240773439350248 3.195745058408804e-8 0.9181491137198077 0.9181491137198075 3.020988622654696e-8 0.9181491137198073
1.7 0.001 0.5915691442671138 0.3245844295120802 0.33806533007928763 0.5915691248371003 0.3245844295120802
1.7 0.0014142135623730952 0.5910998595839787 0.32492789768021596 0.3383071071829461 0.5910998409796264 0.3249278976802159
1.7 0.002 0.5904317047124131 0.3254133179093593 0.3386492575049901 0.5904316849890624 0.32541331790935923
1.7 0.0028284271247461905 0.5894777084561986 0.3260991677622375 0.3391335810423495 0.5894776882515689 0.32609916776223746
1.7 0.004 0.5881100800057317 0.32706781927509376 0.3398194127112182 0.5881100593572233 0.3270678192750939
1.7 0.005656854249492381 0.5861380999711273 0.3284350964729371 0.3407911005719145 0.586138078888417 0.32843509647293745
1.7 0.008 0.5832708383678743 0.3303634302373817 0.34216878662475786 0.5832708151955335 0.3303634302373817
1.7 0.011313708498984762 0.5790505919406732 0.33307970063005854 0.3441240462141024 0.5790505676087339 0.33307970063005865
1.7 0.016 0.5727249870028568 0.33689883726877545 0.3469027475169087 0.5727249594331913 0.3368988372687756
1.7 0.022627416997969524 0.5629759555347671 0.34225360255867276 0.3508587522984717 0.5629759221305781 0.34225360255867276
1.7 0.032 0.5472620809002867 0.34972844865526476 0.35650404947656544 0.5472620359143245 0.34972844865526476
1.7 0.04525483399593905 0.5198575693694085 0.3600867279426751 0.3645839702645547 0.5198574985392763 0.360086727942675
1.7 0.064 0.4633521533206969 0.37424702559412965 0.3761908007684346 0.46335199241608976 0.37424702559412976
1.7 0.0905096679918781 0.20357457749524557 0.3929178221395552 0.3929360679208993 1 -1
1.7 0.128 4.582004659780915e-7 0.4172118546675136 0.41721185466751076 4.5750117753666535e-7 0.41721185466751376
1.7 0.1810193359837562 1.8659029159947674e-7 0.4525855966735104 0.45258559667350934 1.8656292163965922e-7 0.4525855966735104
1.7 0.256 1.0267487553867106e-7 0.5043917306520614 0.5043917306520607 1.0322992253561569e-7 0.5043917306520616
1.7 0.3620386719675124 6.327793603972926e-8 0.5806078744893519 0.5806078744893512 6.185540267389658e-8 0.5806078744893518
1.7 0.512 4.3393068761770596e-8 0.6931335791518523 0.6931335791518516 4.181429135136764e-8 0.693133579151852
1.7 0.7240773439350248 2.6649383315332144e-8 0.8596283560741427 0.8596283560741427 3.0483508979849956e-8 0.8596283560741428
1.6 0.001 0.5326087719164267 0.3120756748843143 0.31779553740787037 0.53260872382078 0.31207567488431426
1.6 0.0014142135623730952 0.531797451652211 0.3123723592660198 0.31801929469034695 0.531797402139747 0.3123723592660198
1.6 0.002 0.5306382525986464 0.31279152670787536 0.3183359524793322 0.5306382039617076 0.31279152670787524
1.6 0.0028284271247461905 0.5289747536529903 0.31338349729557496 0.31878420678872293 0.5289747029067551 0.313383497295575
1.6 0.004 0.5265724043268408 0.3142190084089318 0.31941899411141217 0.5265723501390879 0.31421900840893174
1.6 0.005656854249492381 0.5230707955214917 0.31539722352032273 0.32031842467516236 0.5230707396660561 0.31539722352032273
1.6 0.008 0.5178963350919863 0.3170565669666474 0.32159378366056357 0.5178962732787045 0.31705656696664736
1.6 0.011313708498984762 0.5100882109235949 0.31938897635497915 0.3234040503170267 0.5100881397533584 0.3193889763549792
1.6 0.016 0.4979086511940253 0.3226576320271731 0.3259771376282572 0.4979085652544948 0.322657632027173
1.6 0.022627416997969524 0.47780765294386185 0.3272161397661289 0.3296412322838146 0.4778075322775155 0.3272161397661288
1.6 0.032 0.4407732183741053 0.3335193261775777 0.33487145419123365 0.4407730098793998 0.3335193261775777
1.6 0.04525483399593905 0.34786539960477797 0.3420757987586248 0.3423599046384238 0.34786462915585004 0.3420757987586247
1.6 0.064 1.5205773545369745e-6 0.35312151599141617 0.3531215159914065 1.522698197020522e-6 0.35312151599141617
1.6 0.0905096679918781 4.340458110289755e-7 0.36865458767105297 0.3686545876710503 4.374243932451414e-7 0.3686545876710531
1.6 0.128 2.1754574007983846e-7 0.3911842684199042 0.39118426841990295 2.1614349047011862e-7 0.3911842684199045
1.6 0.1810193359837562 1.296741955110175e-7 0.4240303737057238 0.42403037370572294 1.2717457416233798e-7 0.4240303737057237
1.6 0.256 8.321376726676734e-8 0.4721585811865428 0.47215858118654236 8.478368388496923e-8 0.47215858118654275
1.6 0.3620386719675124 5.775682716056522e-8 0.5429967753412848 0.5429967753412845 5.5363979526852834e-8 0.5429967753412845
1.6 0.512 3.6678921540789646e-8 0.6476267273064888 0.6476267273064884 3.681939994923541e-8 0.647626727306489
1.6 0.7240773439350248 2.6941089328443704e-8 0.8024974671370682 0.8024974671370675 2.7893671272603197e-8 0.8024974671370677
1.5 0.001 0.3985276606788169 0.29723021990652315 0.29787331535426376 0.39852729164037165 0.297230219906523
1.5 0.0014142135623730952 0.39557396192125044 0.29746955124702834 0.2980796434550611 0.3955735758000555 0.2974695512470284
1.5 0.002 0.3912404123280311 0.2978071624723765 0.298371643904608 0.39124000047941687 0.29780716247237643
1.5 0.0028284271247461905 0.3847676942524061 0.2982828586198613 0.2987850099309168 0.38476723989562855 0.2982828586198613
1.5 0.004 0.3748179321098291 0.29895192349040234 0.2993704226115216 0.3748174010149044 0.29895192349040245
1.5 0.005656854249492381 0.3587427081360054 0.2998902696576672 0.30019995636387514 0.3587420314766646 0.2998902696576672
1.5 0.008 0.3300554473576925 0.3011996934300982 0.3013763247897429 0.33005439442747575 0.3011996934300982
1.5 0.011313708498984762 0.26169181224897753 0.3030072880243402 0.3030463134785282 1 -1
1.5 0.016 5.796828199088658e-6 0.30542044740341534 0.3054204474033778 5.798655713199796e-6 0.30542044740341534
1.5 0.022627416997969524 1.7036503816972832e-6 0.30880203648078575 0.30880203648077476 1.7036317562768213e-6 0.30880203648078575
1.5 0.032 8.547157406490931e-7 0.313630453572717 0.3136304535727116 8.486697115857986e-7 0.313630453572717
1.5 0.04525483399593905 4.992439246816547e-7 0.3205461451810168 0.32054614518101354 5.030527042113204e-7 0.32054614518101693
1.5 0.064 3.195829449672958e-7 0.3304889016111277 0.33048890161112554 3.1719223536981575e-7 0.33048890161112776
1.5 0.0905096679918781 2.1191503503873338e-7 0.3448469076349535 0.3448469076349521 2.0604120162717054e-7 0.3448469076349534
1.5 0.128 1.4369321997771712e-7 0.3656827815022517 0.365682781502251 1.4075822954695986e-7 0.36568278150225186
1.5 0.1810193359837562 1.0058927995662936e-7 0.39607499257120715 0.3960749925712066 9.819711694329364e-8 0.39607499257120715
1.5 0.256 6.779417554590346e-8 0.44062946020627836 0.4406294602062779 6.78913184589422e-8 0.4406294602062783
1.5 0.3620386719675124 4.946647112073137e-8 0.5062373018914301 0.5062373018914298 4.832213717300993e-8 0.5062373018914303
1.5 0.512 3.601391307613545e-8 0.603181185706392 0.6031811857063916 3.707554361873581e-8 0.6031811857063919
1.5 0.7240773439350248 2.900034628287879e-8 0.7467264480645259 0.7467264480645257 2.7116955888837477e-8 0.7467264480645261
1.4 0.001 5.186846378326366e-7 0.27827121991365245 0.278271219913649 5.188806746422762e-7 0.27827121991365245
1.4 0.0014142135623730952 5.111658351056864e-7 0.2784607010974126 0.2784607010974095 5.120412028035961e-7 0.27846070109741267
1.4 0.002 5.022400206348336e-7 0.27872886752992454 0.27872886752992143 5.011282906082719e-7 0.27872886752992454
1.4 0.0028284271247461905 4.878087878926777e-7 0.27910850937479337 0.27910850937479037 4.943966963670579e-7 0.2791085093747935
1.4 0.004 4.760529092557986e-7 0.27964619318783945 0.27964619318783646 4.7169210574182714e-7 0.27964619318783945
1.4 0.005656854249492381 4.474459722108307e-7 0.28040815655411766 0.280408156554115 4.541399401267992e-7 0.28040815655411777
1.4 0.008 4.1929105014377525e-7 0.2814888223259573 0.28148882232595474 4.2245333959752564e-7 0.2814888223259574
1.4 0.011313708498984762 3.8732693732513425e-7 0.28302317842601643 0.2830231784260139 3.878577100850305e-7 0.2830231784260164
1.4 0.016 3.5043177028547844e-7 0.28520491951824567 0.28520491951824345 3.4573619679386563e-7 0.28520491951824567
1.4 0.022627416997969524 3.0621020143269564e-7 0.2883132630078199 0.2883132630078178 3.0459872894538835e-7 0.2883132630078199
1.4 0.032 2.57063016431379e-7 0.29275293587179463 0.29275293587179313 2.5838682820750127e-7 0.29275293587179474
1.4 0.04525483399593905 2.1181757027518536e-7 0.29911427444122707 0.29911427444122557 2.1153683063659025e-7 0.29911427444122707
1.4 0.064 1.714288171586274e-7 0.3082640949375363 0.30826409493753537 1.6828120801738687e-7 0.30826409493753626
1.4 0.0905096679918781 1.3508417295677026e-7 0.32148352032305494 0.3214835203230543 1.3563806316132751e-7 0.32148352032305505
1.4 0.128 1.0296738618608981e-7 0.34067696440533124 0.3406769644053306 1.0170380469762752e-7 0.3406769644053312
1.4 0.1810193359837562 7.961721144583573e-8 0.368687731952312 0.3686877319523114 8.18757161719148e-8 0.36868773195231186
1.4 0.256 5.9355123148803506e-8 0.4097708873577569 0.4097708873577565 6.108410355174478e-8 0.409770887357757
1.4 0.3620386719675124 4.3447398088995746e-8 0.4702936679333469 0.4702936679333466 4.183477389735583e-8 0.4702936679333468
1.4 0.512 3.603158250865294e-8 0.5597582977136082 0.5597582977136082 3.0826168946477535e-8 0.5597582977136082
1.4 0.7240773439350248 2.5148444089154847e-8 0.6922733278809567 0.6922733278809565 1.8473191773458025e-8 0.6922733278809566
1.3 0.001 2.017241440198052e-7 0.2589579699902208 0.2589579699902196 2.013394034896686e-7 0.25895796999022086
1.3 0.0014142135623730952 1.9914484089577612e-7 0.259131174584071 0.2591311745840699 1.9984860380739762e-7 0.25913117458407103
1.3 0.002 1.9695888758930345e-7 0.2593763134034702 0.259376313403469 2.0184562085449628e-7 0.2593763134034702
1.3 0.0028284271247461905 1.9955052910259334e-7 0.2597233711696407 0.2597233711696395 1.99358545384024e-7 0.2597233711696407
1.3 0.004 1.9714743386931663e-7 0.2602149378052032 0.26021493780520216 1.9758135644673565e-7 0.2602149378052032
1.3 0.005656854249492381 1.9262246484857966e-7 0.2609116087196103 0.2609116087196092 1.9450451457139839e-7 0.2609116087196104
1.3 0.008 1.8815791126304405e-7 0.26189979059534835 0.2618997905953472 1.8769939945190564e-7 0.2618997905953483
1.3 0.011313708498984762 1.786699493662837e-7 0.26330306057896885 0.2633030605789677 1.813307742957667e-7 0.26330306057896885
1.3 0.016 1.7289781153251028e-7 0.2652988273715308 0.2652988273715298 1.7280077201877497e-7 0.26529882737153077
1.3 0.022627416997969524 1.605823116078379e-7 0.2681429804205184 0.2681429804205173 1.6018781482724363e-7 0.2681429804205184
1.3 0.032 1.41348822842191e-7 0.2722066728583372 0.27220667285833644 1.431213591581515e-7 0.2722066728583372
1.3 0.04525483399593905 1.3238432796338878e-7 0.2780316327251371 0.2780316327251363 1.3006532843172882e-7 0.2780316327251371
1.3 0.064 1.0953855078134315e-7 0.286413808500363 0.2864138085003623 1.120515005754213e-7 0.2864138085003629
1.3 0.0905096679918781 9.239053394862627e-8 0.29853022772798954 0.298530227727989 9.561317379864854e-8 0.2985302277279895
1.3 0.128 8.121511945602516e-8 0.3161313087966455 0.3161313087966448 8.155053246872615e-8 0.3161313087966454
1.3 0.1810193359837562 6.395001476906535e-8 0.34183122113942865 0.3418312211394283 6.34658676149331e-8 0.34183122113942865
1.3 0.256 5.383466997333081e-8 0.3795428878817634 0.37954288788176305 5.2590655539657664e-8 0.37954288788176327
1.3 0.3620386719675124 3.7899290887308736e-8 0.43512232943635787 0.4351223294363579 3.857495652526608e-8 0.43512232943635787
1.3 0.512 3.29230367456468e-8 0.5173097421419094 0.5173097421419091 3.3779967254918604e-8 0.5173097421419095
1.3 0.7240773439350248 2.2485107233647478e-8 0.6390835733056801 0.6390835733056803 1.264550027357161e-8 0.6390835733056801
1.2 0.001 1.1960528460284925e-7 0.23989797511424568 0.239897975114245 1.2060287138557953e-7 0.2398979751142457
1.2 0.0014142135623730952 1.2030409270572898e-7 0.24005545795753894 0.2400554579575383 1.1757094272481778e-7 0.24005545795753894
1.2 0.002 1.1863174220581836e-7 0.24027835361883523 0.24027835361883448 1.1988427724010045e-7 0.2402783536188353
1.2 0.0028284271247461905 1.202975518166895e-7 0.2405939362769177 0.2405939362769171 1.2052591860197043e-7 0.24059393627691775
1.2 0.004 1.1742076970873612e-7 0.2410409532147609 0.24104095321476024 1.1879539517573589e-7 0.24104095321476096
1.2 0.005656854249492381 1.1503463500649846e-7 0.24167454672537325 0.24167454672537267 1.1389393583701046e-7 0.24167454672537325
1.2 0.008 1.1107876883283579e-7 0.24257337381134159 0.2425733738113408 1.1132578816817736e-7 0.24257337381134153
1.2 0.011313708498984762 1.0953559043345903e-7 0.24384997596508676 0.24384997596508606 1.0972141602318303e-7 0.24384997596508665
1.2 0.016 1.0757790193404184e-7 0.2456660030322617 0.2456660030322611 1.0759106452152183e-7 0.24566600303226171
1.2 0.022627416997969524 1.0226738021311803e-7 0.24825475566760657 0.24825475566760596 1.0335949473562052e-7 0.2482547556676066
1.2 0.032 9.772657857067944e-8 0.25195484775773636 0.2519548477577358 9.569534555547928e-8 0.25195484775773636
1.2 0.04525483399593905 8.638181519004336e-8 0.2572608460193082 0.2572608460193077 9.046062863728136e-8 0.2572608460193082
1.2 0.064 8.253276391972389e-8 0.26489985809235816 0.26489985809235767 8.160867311327684e-8 0.2648998580923583
1.2 0.0905096679918781 7.087121416261411e-8 0.2759476698947637 0.27594766989476327 7.11348183293773e-8 0.2759476698947636
1.2 0.128 6.396555892510807e-8 0.2920047574494832 0.29200475744948273 6.23901735593045e-8 0.29200475744948307
1.2 0.1810193359837562 5.188194679762923e-8 0.3154619725939997 0.3154619725939995 5.319847657476975e-8 0.3154619725939998
1.2 0.256 4.112832565726175e-8 0.3498985291323443 0.3498985291323443 4.152510427212952e-8 0.34989852913234454
1.2 0.3620386719675124 3.303340167929323e-8 0.40067152497040887 0.4006715249704086 3.661810932385825e-8 0.4006715249704088
1.2 0.512 2.8108572704949605e-8 0.4757770724061597 0.4757770724061596 2.8245753363099358e-8 0.4757770724061598
1.2 0.7240773439350248 2.3375188269478456e-8 0.587089607631961 0.5870896076319609 1.4119335510209674e-8 0.5870896076319607
1.1 0.001 8.489118327611026e-8 0.22105067199476097 0.2210506719947605 7.972956124407356e-8 0.2210506719947609
1.1 0.0014142135623730952 8.199753046806229e-8 0.2211929689205088 0.22119296892050838 8.472326937745568e-8 0.2211929689205089
1.1 0.002 8.449973735005883e-8 0.221394378943519 0.22139437894351857 8.261889166499005e-8 0.221394378943519
1.1 0.0028284271247461905 7.88978415744942e-8 0.2216795572598919 0.22167955725989144 7.973530656667086e-8 0.22167955725989186
1.1 0.004 8.40130605697131e-8 0.22208353772752726 0.2220835377275267 8.213053403952441e-8 0.22208353772752723
1.1 0.005656854249492381 7.955863452389308e-8 0.22265619171518555 0.22265619171518514 8.298246890698305e-8 0.22265619171518558
1.1 0.008 7.749584605930532e-8 0.22346868311459078 0.22346868311459028 8.1624118844062e-8 0.2234686831145908
1.1 0.011313708498984762 7.633566090358387e-8 0.22462287846170118 0.22462287846170068 7.735430362725739e-8 0.22462287846170115
1.1 0.016 7.440325084365192e-8 0.2262651747464818 0.22626517474648142 7.576903778012207e-8 0.2262651747464818
1.1 0.022627416997969524 7.6198628416301e-8 0.22860699195604214 0.22860699195604178 7.582353714533266e-8 0.22860699195604225
1.1 0.032 7.329673960715671e-8 0.2319553936398888 0.23195539363988832 6.99555579038592e-8 0.23195539363988865
1.1 0.04525483399593905 6.412648704408213e-8 0.23675916524654314 0.23675916524654292 6.383975787557265e-8 0.23675916524654314
1.1 0.064 6.095329481497868e-8 0.24367850362392812 0.24367850362392776 6.318783644800296e-8 0.24367850362392815
1.1 0.0905096679918781 5.8292657127895984e-8 0.2536906688553884 0.2536906688553881 5.575787140966231e-8 0.2536906688553884
1.1 0.128 5.200801185708868e-8 0.26825005402497504 0.2682500540249746 4.921732214324767e-8 0.2682500540249749
1.1 0.1810193359837562 4.139223862227181e-8 0.28952974238058216 0.28952974238058216 4.577228316269498e-8 0.2895297423805825
1.1 0.256 3.659775346869882e-8 0.32078329950501117 0.3207832995050107 3.581142786629866e-8 0.32078329950501094
1.1 0.3620386719675124 3.200921963368029e-8 0.36688068526255024 0.36688068526255 2.8483528328164255e-8 0.3668806852625502
1.1 0.512 2.3603276652406374e-8 0.4350911742425582 0.4350911742425581 2.5379583269729472e-8 0.4350911742425585
1.1 0.7240773439350248 2.0681919788807668e-8 0.5362103394145858 0.5362103394145856 2.2105635018204395e-8 0.5362103394145858
