3.1 0.217203517231445 0
2.9625 0.2025433241850303 0
2.8874999999999997 0.1761246297261133 0
2.8375 0.15315185193575073 0
2.7874999999999996 0.13317552342239194 0
2.7375 0.11580480297599301 0
2.7125 0.10069982867477653 0
2.6875 0.08756506841284915 0
2.6624999999999996 0.07614353775030362 0
2.6374999999999997 0.06621177195678576 0
2.6125 0.05757545387546589 0
2.5875 0.05006561206562252 0
2.5625 0.043535314839671754 0
2.5625 0.03785679551275806 0
2.5374999999999996 0.03291895261978962 0
2.5374999999999996 0.028625176191121406 0
2.5374999999999996 0.024891457557496874 0
2.5124999999999997 0.021644745702171196 0
2.5124999999999997 0.018821518001888 0
2.5124999999999997 0.01636653739294609 0
2.5124999999999997 0.014231771646040076 0
2.4875 0.012375453605252242 0
2.4875 0.010761264004567169 0
2.4875 0.009357620873536667 0
2.4875 0.008137061629162322 0
2.4875 0.0070757057644889754 0
2.4875 0.006152787621294761 0
2.4875 0.005350250105473706 0
2.4875 0.004652391396064093 0
2.4875 0.004045557735707907 0
2.4875 0.0035178762919199197 0
2.4625 0.003059022862539061 0
2.4625 0.0026600198804687487 0
2.4625 0.002313060765624999 0
2.4625 0.0020113571874999995 0
2.4625 0.0017490062499999994 0
2.4625 0.0015208749999999999 0
2.4625 0.0013224999999999999 0
2.4625 0.00115 0
2.4625 1.0e-5 0
3.1 0.24978404481616173 1
2.8874999999999997 0.23292482281278482 1
2.8125 0.2025433241850303 1
2.7125 0.1761246297261133 1
2.6374999999999997 0.15315185193575073 1
2.5374999999999996 0.13317552342239194 1
2.4625 0.11580480297599301 1
2.4124999999999996 0.10069982867477653 1
2.3375 0.08756506841284915 1
2.2874999999999996 0.07614353775030362 1
2.2375 0.06621177195678576 1
2.1875 0.05757545387546589 1
2.1624999999999996 0.05006561206562252 1
2.1125 0.043535314839671754 1
2.0875 0.03785679551275806 1
2.0625 0.03291895261978962 1
2.0374999999999996 0.028625176191121406 1
1.9875 0.024891457557496874 1
1.9875 0.021644745702171196 1
1.9625000000000001 0.018821518001888 1
1.9375 0.01636653739294609 1
1.9125 0.014231771646040076 1
1.8875 0.012375453605252242 1
1.8875 0.010761264004567169 1
1.8625 0.009357620873536667 1
1.8625 0.008137061629162322 1
1.8375000000000001 0.0070757057644889754 1
1.8375000000000001 0.006152787621294761 1
1.8125 0.005350250105473706 1
1.8125 0.004652391396064093 1
1.8125 0.004045557735707907 1
1.7875 0.0035178762919199197 1
1.7875 0.003059022862539061 1
1.7875 0.0026600198804687487 1
1.7625 0.002313060765624999 1
1.7625 0.0020113571874999995 1
1.7625 0.0017490062499999994 1
1.7625 0.0015208749999999999 1
1.7375 0.0013224999999999999 1
1.7375 0.00115 1
1.7375 1.0e-5 1
3.1 0.878709369358638 2
2.9375 0.8194007119727437 2
2.8375 0.7125223582371686 2
2.7624999999999997 0.6195846593366683 2
2.6875 0.5387692689884073 2
2.6125 0.46849501651165854 2
2.5374999999999996 0.4073869708797031 2
2.4875 0.35424953989539404 2
2.4375 0.3080430781699079 2
2.3625 0.26786354623470254 2
2.3125 0.23292482281278482 2
2.2874999999999996 0.2025433241850303 2
2.2375 0.1761246297261133 2
2.1875 0.15315185193575073 2
2.1624999999999996 0.13317552342239194 2
2.1125 0.11580480297599301 2
2.0875 0.10069982867477653 2
2.0625 0.08756506841284915 2
2.0374999999999996 0.07614353775030362 2
2.0124999999999997 0.06621177195678576 2
1.9625000000000001 0.05757545387546589 2
1.9125 0.05006561206562252 2
1.8375000000000001 0.043535314839671754 2
1.7875 0.03785679551275806 2
1.7625 0.03291895261978962 2
1.7125000000000001 0.028625176191121406 2
1.6625 0.024891457557496874 2
1.6375 0.021644745702171196 2
1.5875000000000001 0.018821518001888 2
1.5625 0.01636653739294609 2
1.5375 0.014231771646040076 2
1.5125 0.012375453605252242 2
1.4625000000000001 0.010761264004567169 2
1.4375 0.009357620873536667 2
1.4125 0.008137061629162322 2
1.4125 0.0070757057644889754 2
1.3875 0.006152787621294761 2
1.3625 0.005350250105473706 2
1.3375000000000001 0.004652391396064093 2
1.3125 0.004045557735707907 2
1.3125 0.0035178762919199197 2
1.2875 0.003059022862539061 2
1.2625 0.0026600198804687487 2
1.2625 0.002313060765624999 2
1.2375 0.0020113571874999995 2
1.2375 0.0017490062499999994 2
1.2125000000000001 0.0015208749999999999 2
1.2125000000000001 0.0013224999999999999 2
1.1875 0.00115 2
1.1875 1.0e-5 2
