3.0 0.001 1.7711941082392542 0.9756714966297775 0.9999932893187755
2.9 0.001 1.8719098691952092 0.9744317116904938 1.000002475581125
2.8 0.001 1.988906530973502 0.9730592506570115 0.9999934870215124
2.7 0.001 2.1276344472045 0.971533241150992 0.9999934308662402
2.6 0.001 2.2934546825610322 0.9698201123759506 0.9999930537759751
2.5 0.001 2.4947369846945184 0.9678935921223715 0.9999931210252658
2.4 0.001 2.7437538220143396 0.9657016353845871 0.9999932803584068
2.3 0.001 3.0587426495800623 0.963186074122615 0.9999946059528529
2.2 0.001 3.467904627582097 0.9602730091243589 0.9999902739415445
2.1 0.001 4.0164639401431845 0.9568554525801551 0.9999913269787679
2.0 0.001 4.780164462119906 0.9527866930759024 0.999985729385025
1.9 0.001 5.89149566937948 0.9478575760750414 0.9999851855552123
1.8 0.001 7.590418462836412 0.9417440975035594 0.9999779281579266
1.7 0.001 10.31891367237989 0.933933075102655 0.9999766838321642
1.6 0.001 14.87625567491999 0.9234898525106103 0.9999665124322271
1.5 0.001 22.606096864235575 0.9085311347546843 0.9999519712734661
1.4 0.001 35.48693556278236 0.8842743413498487 0.9999290440013683
1.3 0.001 55.96092082123343 0.8343115927036736 0.9998768057579224
1.2 0.001 86.06473860093094 0.0 0.0
1.1 0.001 122.63230439746904 0.0 0.0
3.0 0.0014142135623730952 1.7694889531484406 0.9756383988372133 0.9999936883893845
2.9 0.0014142135623730952 1.8711123051705267 0.9743959783847638 0.999990689103192
2.8 0.0014142135623730952 1.986934021869542 0.9730206846983764 0.9999895819850666
2.7 0.0014142135623730952 2.125442323673431 0.9714877058395073 0.9999893588549373
2.6 0.0014142135623730952 2.291033523434832 0.9697715366611749 0.9999867144817651
2.5 0.0014142135623730952 2.4920290268684298 0.9678357080218329 0.9999873463205853
2.4 0.0014142135623730952 2.740679150620505 0.9656332508817785 0.9999816881598571
2.2 0.0014142135623730952 3.463705184719654 0.9601812076760492 0.9999810474390681
2.1 0.0014142135623730952 4.011361850712624 0.9567477365162653 0.9999791205268658
2.0 0.0014142135623730952 4.773745081499064 0.9526607602919515 0.9999738344437785
1.9 0.0014142135623730952 5.883058447733181 0.947699644197031 0.9999697919256102
1.8 0.0014142135623730952 7.5787317363015525 0.941547286286854 0.9999636991218563
1.7 0.0014142135623730952 10.301769632017415 0.9336726210842894 0.9999584067374985
1.6 0.0014142135623730952 14.849813828126564 0.9231389016473258 0.9999425836588502
1.5 0.0014142135623730952 22.56418758628627 0.9080084764729488 0.9999160020311058
1.4 0.0014142135623730952 35.42174583953634 0.8834317328369224 0.9998715340783384
1.3 0.0014142135623730952 55.86628095602797 0.8325859007520557 0.9997508606181629
1.2 0.0014142135623730952 85.94627587930526 0.0 0.0
1.1 0.0014142135623730952 122.53440076804253 0.0 0.0
3.0 0.002 1.7670769854354629 0.975597834612032 0.9999851152178287
2.9 0.002 1.8685331667133451 0.9743483937895142 0.9999857528126808
2.8 0.002 1.9841172600835804 0.9729675364554737 0.9999831228789917
2.7 0.002 2.1223542521829426 0.9714255980002366 0.9999812943708458
2.6 0.002 2.2876197317395057 0.9697032594331594 0.9999792140691741
2.5 0.002 2.488209378957609 0.9677575073671207 0.9999779642249215
2.4 0.002 2.736342787516031 0.965544177562861 0.9999756876157453
2.3 0.002 3.0501775729525145 0.9630040552611253 0.9999730719415209
2.2 0.002 3.4578088312265756 0.9600588846241129 0.999967889436479
2.1 0.002 4.004170511446531 0.9566014389625219 0.9999626685279956
2.0 0.002 4.764700702313587 0.9524809927443787 0.9999566824006693
1.9 0.002 5.871177438645035 0.9474809637438019 0.9999489899647853
1.8 0.002 7.562288612619029 0.9412707903005515 0.9999361659357543
1.7 0.002 10.277679907190478 0.933313842811057 0.9999203442851471
1.6 0.002 14.81273030069572 0.9226454998708307 0.9998945311960115
1.5 0.002 22.50567651997732 0.9072811969722709 0.999850804860571
1.4 0.002 35.33101018850832 0.8822406596608243 0.9997670101409009
1.3 0.002 55.73534543109137 0.8299499869494764 0.0
1.2 0.002 85.7836671219107 0.0 0.0
1.1 0.002 122.3952693986899 0.0 0.0
3.0 0.0028284271247461905 1.7636759419959438 0.9755418007781484 0.9999756739627317
2.9 0.0028284271247461905 1.8649444449728836 0.9742874510167148 0.9999734254740652
2.8 0.0028284271247461905 1.9801548109566405 0.9728991694926024 0.9999712074046445
2.7 0.0028284271247461905 2.118043586048282 0.9713487984338416 0.9999700015170456
2.6 0.0028284271247461905 2.2828118525745724 0.9696129128126196 0.9999645884177212
2.5 0.0028284271247461905 2.482826618201552 0.9676531157876211 0.9999609989446723
2.4 0.0028284271247461905 2.7302339507367988 0.9654237540221108 0.9999571105345058
2.3 0.0028284271247461905 3.0431195444116446 0.9628640433508104 0.9999509432605063
2.2 0.0028284271247461905 3.4494724440035816 0.9598924465044585 0.9999441091117933
2.1 0.0028284271247461905 3.9940488669120815 0.9564028046742428 0.9999354871810666
2.0 0.0028284271247461905 4.751977362111058 0.9522384321953311 0.9999251572763812
1.9 0.0028284271247461905 5.85449849837015 0.9471870397359833 0.9999098337797643
1.8 0.0028284271247461905 7.539201631971022 0.9408889451157166 0.9998865431590395
1.7 0.0028284271247461905 10.243917305475106 0.9328094173554007 0.9998601492078438
1.6 0.0028284271247461905 14.760870205399028 0.9219471372665187 0.9998123007937498
1.5 0.0028284271247461905 22.42418178556842 0.9062349957776288 0.9997298107496805
1.4 0.0028284271247461905 35.2054896355953 0.880546227453653 0.999560304023358
1.3 0.0028284271247461905 55.55484146691889 0.8260452593334081 0.0
1.2 0.0028284271247461905 85.55840997495348 0.0 0.0
1.1 0.0028284271247461905 122.1969701882639 0.0 0.0
3.0 0.004 1.7588886558431405 0.9754659199993374 0.9999577951486781
2.9 0.004 1.8598284260603954 0.9742047712240591 0.9999553093743649
2.8 0.004 1.9745292135996537 0.9728038698413174 0.9999504100373159
2.7 0.004 2.11191625200263 0.9712484055390733 0.9999464731638847
2.6 0.004 2.2760446303053423 0.969493345737065 0.9999399867338024
2.5 0.004 2.475256043743003 0.967515785472092 0.9999346270213796
2.4 0.004 2.721642519173211 0.9652618750488642 0.99992634354212
2.3 0.004 3.0331960573773777 0.9626758598904747 0.9999171375833207
2.2 0.004 3.437756283830496 0.9596681993555151 0.99990545888594
2.1 0.004 3.979831291127473 0.956131739026252 0.9998906598100048
2.0 0.004 4.734118560699874 0.9519073407743741 0.9998684374759497
1.9 0.004 5.831099383343814 0.9467661774389939 0.9998418499254744
1.8 0.004 7.506881458556203 0.9403477386557171 0.9998008249947123
1.7 0.004 10.196798240864048 0.9321024376089491 0.9997443448608325
1.6 0.004 14.688693585778458 0.9209520062968506 0.9996618526339298
1.5 0.004 22.31130825130191 0.9047373280995731 0.9995009056680428
1.4 0.004 35.03265882516814 0.8781240841217304 0.9991352171777865
1.3 0.004 55.30677765552771 0.820032721924547 0.0
1.2 0.004 85.24622685932938 0.0 0.0
1.1 0.004 121.91328632655028 0.0 0.0
3.0 0.005656854249492381 1.752164592678167 0.9753675860684365 0.9999272382471388
2.9 0.005656854249492381 1.8526975195374908 0.9740908441515514 0.999921233617642
2.8 0.005656854249492381 1.966667343857221 0.9726779047802723 0.9999147751789883
2.7 0.005656854249492381 2.1033126268762325 0.9710998273010083 0.9999071002862383
2.6 0.005656854249492381 2.266542309703791 0.9693288495671981 0.9998961528171728
2.5 0.005656854249492381 2.464630063667317 0.9673267352247974 0.9998847022351122
2.4 0.005656854249492381 2.7095878575661905 0.9650432088309925 0.9998707188269691
2.3 0.005656854249492381 3.0192783238997682 0.9624174627971486 0.999854613412567
2.2 0.005656854249492381 3.4213334972697473 0.9593603111012977 0.9998316793507671
2.1 0.005656854249492381 3.9599171022760573 0.9557603019330903 0.9998085868641319
2.0 0.005656854249492381 4.7091543684937855 0.9514501336943109 0.9997682714819156
1.9 0.005656854249492381 5.798380973420308 0.9461900148620439 0.9997166643620494
1.8 0.005656854249492381 7.461832747813407 0.9396106758513494 0.9996505005964118
1.7 0.005656854249492381 10.131245769516433 0.9310969889752545 0.9995464624177823
1.6 0.005656854249492381 14.588795046976298 0.9195286974104179 0.9993733353362553
1.5 0.005656854249492381 22.155919680919588 0.9025812963774905 0.9990372042072961
1.4 0.005656854249492381 34.795557949030474 0.8746465088809806 0.9982204773091408
1.3 0.005656854249492381 54.9667645598464 0.8102576582385403 0.0
1.2 0.005656854249492381 84.81322424250992 0.0 0.0
1.1 0.005656854249492381 121.50617837383142 0.0 0.0
3.0 0.008 1.7427424442033694 0.9752283979488674 0.9998756076880349
2.9 0.008 1.8426358082667686 0.9739351677060228 0.9998635318820146
2.8 0.008 1.9556801034002282 0.972503800762294 0.999855751093343
2.7 0.008 2.0912712150837023 0.9709025001774005 0.99983761764373
2.6 0.008 2.2532412075315578 0.9691031087596349 0.9998164779810961
2.5 0.008 2.449762173670268 0.967066140920007 0.9997995876362407
2.4 0.008 2.6927290969841957 0.9647404414005548 0.9997743189866728
2.3 0.008 2.999825624415718 0.9620597809753471 0.9997438355626742
2.2 0.008 3.3983972294977165 0.958933531052175 0.9997039852481967
2.1 0.008 3.9321331008949842 0.9552401820312095 0.9996543262909039
2.0 0.008 4.674338519304413 0.950809197884122 0.9995880725493401
1.9 0.008 5.752882978698197 0.9453778007906126 0.9994993651149807
1.8 0.008 7.399350649206175 0.9385497709048772 0.9993652308617356
1.7 0.008 10.04066004139648 0.9296533474334785 0.999158088245832
1.6 0.008 14.451406376131185 0.9174665864535707 0.9988073744507264
1.5 0.008 21.943236409629858 0.8994514963113681 0.9980958178548653
1.4 0.008 34.47215360146753 0.8695921658842061 0.9961013737253244
1.2 0.008 84.21301015971379 0.0 0.0
1.1 0.008 120.92077855317591 0.0 0.0
3.0 0.011313708498984762 1.7295844410826067 0.9750307177907841 0.9997845370753176
2.9 0.011313708498984762 1.828601413705911 0.9737159509911337 0.9997653853907561
2.8 0.011313708498984762 1.9403202713724375 0.9722545128855838 0.999742331983255
2.7 0.011313708498984762 2.0744460955349555 0.9706216541864684 0.9997162378323023
2.6 0.011313708498984762 2.234700859383849 0.9687822692386872 0.9996848918646445
2.5 0.011313708498984762 2.4290227262191793 0.966696569928361 0.9996480184656875
2.4 0.011313708498984762 2.6692580263349326 0.9643092337530097 0.9996020676294863
2.3 0.011313708498984762 2.9727667009777754 0.961551886882682 0.9995450677390341
2.2 0.011313708498984762 3.3665256646548527 0.9583258665172891 0.9994735574244928
2.1 0.011313708498984762 3.893577911573525 0.9545026597321533 0.9993810224364243
2.0 0.011313708498984762 4.626132101680591 0.9498889133793635 0.9992555126253724
1.9 0.011313708498984762 5.690013763959576 0.9442048369594374 0.9990806496783604
1.8 0.011313708498984762 7.313268024388259 0.9370033769429401 0.9988206026820243
1.7 0.011313708498984762 9.916438512092382 0.9275348599911685 0.9984031108635906
1.6 0.011313708498984762 14.263872901658104 0.9144164998969235 0.9976520804836343
1.5 0.011313708498984762 21.654298749071284 0.8948635106066547 0.9960121320492256
1.4 0.011313708498984762 34.0336972003476 0.8620464531486911 0.9904448994303727
1.2 0.011313708498984762 83.38143908538237 0.0 0.0
1.1 0.011313708498984762 120.07892764348824 0.0 0.0
3.0 0.016 1.7113293920309685 0.9747380740362976 0.9996224565843417
2.9 0.016 1.8075786064853931 0.9733902632612174 0.9995881106266857
2.8 0.016 1.9189652823824164 0.9718888891897381 0.9995475003701193
2.7 0.016 2.0511893597368442 0.9702068946375767 0.9995000606661526
2.6 0.016 2.2090186731901134 0.9683097262787059 0.9994423766943263
2.5 0.016 2.400345178189369 0.9661519226903433 0.9993736798488084
2.4 0.016 2.6367900293731994 0.9636754064311428 0.9992895734052023
2.3 0.016 2.9353747636075895 0.9608016420865364 0.9991837953213587
2.2 0.016 3.3225445157611273 0.9574287653958642 0.9990493175192714
2.1 0.016 3.840515815267556 0.9534058856692227 0.9988718756933054
2.0 0.016 4.559852808098485 0.9485201468505604 0.998627750167693
1.9 0.016 5.603885416616175 0.9424509068651712 0.9982827841612831
1.8 0.016 7.195781067910701 0.9346782917136949 0.9977457279953486
1.7 0.016 9.747675596409515 0.9243287141624938 0.9968503318516655
1.6 0.016 14.010337708623258 0.9098166345421954 0.9951467470186076
1.5 0.016 21.265056417732158 0.88802409218079 0.9911191457584184
1.4 0.016 33.44309125800081 0.8501597053018126 0.0
1.2 0.016 82.23705641687971 0.0 0.0
1.1 0.016 118.87253102899277 0.0 0.0
3.0 0.022627416997969524 1.6861677582522858 0.9742885476383323 0.9993325572797398
2.9 0.022627416997969524 1.7804982462187768 0.9728890150154177 0.9992689434097385
2.8 0.022627416997969524 1.889633084117439 0.9713285874908464 0.9991946704567745
2.7 0.022627416997969524 2.0191783979014284 0.9695788186322882 0.9991065755105722
2.6 0.022627416997969524 2.173691052429313 0.9675853762892985 0.9990007541443879
2.5 0.022627416997969524 2.3609701200161712 0.9653171028758691 0.9988717335632165
2.4 0.022627416997969524 2.5922641524969 0.9627022360479331 0.998711846231947
2.3 0.022627416997969524 2.8842259757436612 0.9596536643888715 0.998510681704341
2.2 0.022627416997969524 3.2624508477503293 0.9560462806124961 0.9982485635728705
2.1 0.022627416997969524 3.7680737397641866 0.9517136957980148 0.9978988405286915
2.0 0.022627416997969524 4.469702727908784 0.94639771790668 0.997404361714848
1.9 0.022627416997969524 5.487146749706728 0.9397117714396606 0.996676471746216
1.8 0.022627416997969524 7.037240995620424 0.9310332675274251 0.995520068817374
1.7 0.022627416997969524 9.52101799697218 0.9193097271538222 0.9934972469926016
1.6 0.022627416997969524 13.671413742085067 0.9027140781315793 0.9894283169131597
1.5 0.022627416997969524 20.746181231369402 0.8775171591932331 0.9766146298457571
1.4 0.022627416997969524 32.65513683236889 0.8293798707931286 0.0
1.2 0.022627416997969524 80.67571898276424 0.0 0.0
1.1 0.022627416997969524 117.15739202138471 0.0 0.0
3.0 0.032 1.6518573893673532 0.9735683733885427 0.9988048937297969
2.9 0.032 1.7435970430873329 0.9720871216311413 0.998687208845144
2.8 0.032 1.8497034276559072 0.9704274505593701 0.9985484789085962
2.7 0.032 1.9755993643934835 0.9685538489954146 0.9983810198614322
2.6 0.032 2.1257153771687745 0.9664240796927357 0.998179835599472
2.5 0.032 2.30752586026338 0.9639774095331204 0.9979314711437799
2.4 0.032 2.5319143777076136 0.9611368856943536 0.9976205882415458
2.3 0.032 2.814946045689208 0.9577967148478459 0.9972214929472227
2.2 0.032 3.1812844390012747 0.9538089427756804 0.9966923886352013
2.1 0.032 3.6705396141863815 0.9489588136141183 0.9959653207301173
2.0 0.032 4.348767858496219 0.9429279021549247 0.9949183956604695
1.9 0.032 5.331106106294815 0.935223312926758 0.993318787927248
1.8 0.032 6.826301625255139 0.9250660829798181 0.9906802186701249
1.7 0.032 9.220981660832214 0.9112024967557366 0.9858665357336398
1.6 0.032 13.224638949197951 0.8914624024737339 0.9746998676158487
1.5 0.032 20.063535654235206 0.8603005946703977 0.0
1.4 0.032 31.617102016511147 0.7857691811092214 0.0
1.3 0.032 50.33255498563254 0.0 0.0
1.2 0.032 78.57687442863757 0.0 0.0
1.1 0.032 114.75343345899958 0.0 0.0
3.0 0.04525483399593905 1.605718328880356 0.9723654190591611 0.9978296641134499
2.9 0.04525483399593905 1.693999005259812 0.9707453158592427 0.9976032970422737
2.8 0.04525483399593905 1.7961213798672564 0.9689203738255161 0.9973345651847576
2.7 0.04525483399593905 1.9172186615590376 0.9668467147606264 0.9970108477573392
2.6 0.04525483399593905 2.06148513399127 0.9644694939154674 0.9966138603329097
2.5 0.04525483399593905 2.236080967424015 0.9617152343457621 0.9961192990821627
2.4 0.04525483399593905 2.4514203026737804 0.9584839583776459 0.9954895066363869
2.3 0.04525483399593905 2.722704684241276 0.9546378352954346 0.9946644225371375
2.2 0.04525483399593905 3.0735194709170393 0.9499812823361821 0.9935461387691329
2.1 0.04525483399593905 3.5414660551230086 0.9442274774518258 0.991969689750111
2.0 0.04525483399593905 4.189232895161053 0.9369512189948707 0.989632651752985
1.9 0.04525483399593905 5.126228374388817 0.9275123794927156 0.9859479883312179
1.8 0.04525483399593905 6.550714676843202 0.9149489888950609 0.9796485689079295
1.7 0.04525483399593905 8.830885499081582 0.8977629572823251 0.9668801716977015
1.6 0.04525483399593905 12.646072451409813 0.8728268516659252 0.12094786652222322
1.5 0.04525483399593905 19.181024513279027 0.8286161509405257 0.0
1.4 0.04525483399593905 30.27356357063898 0.6750196163607752 0.0
1.3 0.04525483399593905 48.347575849586754 0.0 0.0
1.2 0.04525483399593905 75.81215638960275 0.0 0.0
1.1 0.04525483399593905 111.45658940590442 0.0 0.0
3.0 0.064 1.5451335597360172 0.970265092815473 0.9959761256967572
2.9 0.064 1.6286086012426622 0.9683965032949604 0.9955303903882163
2.8 0.064 1.725577238895709 0.9662715317506361 0.9949948057611561
2.7 0.064 1.8404073860214811 0.963834059219643 0.9943414712595888
2.6 0.064 1.9771419413177405 0.9610071017586027 0.9935307073799247
2.5 0.064 2.1425081535918413 0.9576878165180108 0.9925032582559624
2.4 0.064 2.346144658727047 0.9537368178613208 0.991169450558562
2.3 0.064 2.602420232656051 0.948957310419808 0.9893854080075268
2.2 0.064 2.9334129519094034 0.9430699234844608 0.9869140820523021
2.1 0.064 3.374211978049977 0.935673489669737 0.9833444176397028
2.0 0.064 3.9834271630391043 0.9261946012728759 0.9779164074912227
1.9 0.064 4.863167480732763 0.913823765779852 0.969067607651257
1.8 0.064 6.198700042848421 0.897389306941108 0.9523618667257672
1.7 0.064 8.335157982820668 0.8747222454588428 0.8836912430693151
1.6 0.064 11.913758592325078 0.8392981762373777 0.07503968797196166
1.5 0.064 18.06600738856533 0.762732570894841 0.0
1.4 0.064 28.574551924346835 0.4959128029170685 0.0
1.3 0.064 45.827443099589516 0.0 0.0
1.2 0.064 72.26291327854683 0.0 0.0
1.1 0.064 107.06502606485802 0.0 0.0
3.0 0.0905096679918781 1.4671356855206632 0.9664291026773653 0.9923537420307302
2.9 0.0905096679918781 1.5445116523321654 0.9640869088946338 0.9914423231066704
2.8 0.0905096679918781 1.6349385664835308 0.9613904801423274 0.9903335980460557
2.7 0.0905096679918781 1.741956215222294 0.95825197490471 0.9889628421225011
2.6 0.0905096679918781 1.8692087308881302 0.9545561344663308 0.9872362957774183
2.5 0.0905096679918781 2.0229675611037 0.950146821383701 0.9850129528202158
2.4 0.0905096679918781 2.212070077064303 0.9448094431243674 0.9820755238922269
2.3 0.0905096679918781 2.449709373882232 0.938247954809385 0.9780765534357407
2.2 0.0905096679918781 2.7560886115468515 0.930055046811718 0.9724356863509636
2.1 0.0905096679918781 3.1633909829131546 0.9196780220369729 0.9641134819251218
2.0 0.0905096679918781 3.725167641799028 0.9063756148681504 0.9509928827229599
1.9 0.0905096679918781 4.534733787399404 0.8891253827031733 0.9271004561192856
1.8 0.0905096679918781 5.761645920322181 0.8661537332662284 0.8524981498752184
1.7 0.0905096679918781 7.723042881940583 0.8328797476525311 0.2724266475158075
1.6 0.0905096679918781 11.013366785762878 0.7742564304184398 0.004420412613813752
1.5 0.0905096679918781 16.697760464659904 0.6423105229934645 0.0
1.4 0.0905096679918781 26.487862325102657 0.304393717078306 0.0
1.3 0.0905096679918781 42.720202603706795 0.0 0.0
1.2 0.0905096679918781 67.84366363735512 0.0 0.0
1.1 0.0905096679918781 101.4180644037766 0.0 0.0
3.0 0.128 1.3682775831824578 0.9591126453361429 0.9850407956978685
2.9 0.128 1.4407198006256092 0.9558270929296686 0.983109851875317
2.8 0.128 1.5222101881072265 0.9519857469088112 0.9807324346354076
2.7 0.128 1.6196559103635235 0.9474478839500651 0.9777587407873742
2.6 0.128 1.735499919961284 0.9420256421597362 0.9739666920941134
2.5 0.128 1.8752181911757169 0.9354671145022442 0.9690233141464437
2.4 0.128 2.046817830641978 0.9274390208444793 0.9624114610843363
2.3 0.128 2.2620894009701393 0.9175029220510069 0.953281464294542
2.2 0.128 2.539083052224946 0.9050876907727554 0.9401251625413748
2.1 0.128 2.906490775027256 0.8894587682129436 0.9197851574343585
2.0 0.128 3.4119971259334685 0.869614204000497 0.8833413662701552
1.9 0.128 4.13873940593118 0.8439111128760297 0.7860697022978808
1.8 0.128 5.2378513406925435 0.8087848146130073 0.43106657089013234
1.7 0.128 6.993758668770697 0.7552768374894305 0.1367865842703704
1.6 0.128 9.94556722862313 0.663225686105616 0.0
1.5 0.128 15.078077057532667 0.4934476556878032 0.0
1.4 0.128 24.013609072202517 0.0012132079475045507 0.0
1.3 0.128 39.018353409900506 0.0 0.0
1.2 0.128 62.52728923109369 0.0 0.0
1.1 0.128 94.43723444993653 0.0 0.0
3.0 0.1810193359837562 1.2505831681236255 0.9446535149386945 0.9698607898745477
2.9 0.1810193359837562 1.314199654700409 0.9394490540448861 0.9656730904782538
2.8 0.1810193359837562 1.3881024936340363 0.9333000572352032 0.9604817653933623
2.7 0.1810193359837562 1.473658367262588 0.9259649996046196 0.9539334530808012
2.6 0.1810193359837562 1.576241676957118 0.9171432640623893 0.9455217886568055
2.5 0.1810193359837562 1.6997506861608607 0.906440428753295 0.9344533970986375
2.4 0.1810193359837562 1.8512219279661661 0.8933558960070251 0.9194301074993524
2.3 0.1810193359837562 2.0408005744638986 0.877257942396255 0.8981026092863239
2.2 0.1810193359837562 2.284165208243567 0.8573446391955932 0.8654487425085569
2.1 0.1810193359837562 2.6061036149161425 0.8325545217033088 0.808251882078775
2.0 0.1810193359837562 3.047820683021609 0.8013448396527767 0.6846278283609002
1.9 0.1810193359837562 3.6810011886217313 0.7611662631595952 0.4429256860623825
1.8 0.1810193359837562 4.636395676582317 0.7075871191954427 0.19635234142558397
1.7 0.1810193359837562 6.161666392395784 0.6329379854237313 0.0009158243106552361
1.6 0.1810193359837562 8.733044510222031 0.5221374118079496 0.0
1.5 0.1810193359837562 13.240963394504938 0.32732114418111613 0.0
1.4 0.1810193359837562 21.197847967790686 0.00013572333984236706 0.0
1.3 0.1810193359837562 34.77604964460776 0.0 0.0
1.2 0.1810193359837562 56.370045291397716 0.0 0.0
1.1 0.1810193359837562 86.16303666293756 0.0 0.0
3.0 0.256 1.1154972446326186 0.9155830554933878 0.9379556374632084
2.9 0.256 1.170222337773834 0.9065622914823718 0.928869777137687
2.8 0.256 1.2338463317063344 0.8958890880878791 0.9175555288219398
2.7 0.256 1.3081077497245557 0.8831758890054467 0.9032017610909355
2.6 0.256 1.3952358166163494 0.8679278459468935 0.8845475697616019
2.5 0.256 1.5009520168474195 0.8495658696236075 0.8595503324883779
2.4 0.256 1.6303502570202515 0.8273478370296586 0.8244852731531541
2.3 0.256 1.7919203024004553 0.8003864114222108 0.7720785301638221
2.2 0.256 1.998760292880514 0.767665434299816 0.6876260608455378
2.1 0.256 2.271585559182843 0.7281290839948346 0.5499731353526336
2.0 0.256 2.6446420810994984 0.6808737285222941 0.3636874269042393
1.9 0.256 3.1776118299003673 0.6254073714266936 0.1666461815094441
1.8 0.256 3.9796523804869204 0.5601696402096323 0.0006072273255057965
1.7 0.256 5.259258954426615 0.4790563106209115 0.0
1.6 0.256 7.424084069780423 0.36048357365710065 0.0
1.5 0.256 11.257645226623826 0.0015638549102418198 0.0
1.4 0.256 18.140080355947678 0.0 0.0
1.3 0.256 30.12252055548258 0.0 0.0
1.2 0.256 49.530129783257834 0.0 0.0
1.1 0.256 76.78001644572646 0.0 0.0
3.0 0.3620386719675124 0.9683671313472548 0.8575812042008204 0.8713703101502086
2.9 0.3620386719675124 1.013740874479362 0.8413229851831726 0.8519116271732291
2.8 0.3620386719675124 1.0667049748954525 0.822219072100056 0.8275245876424351
2.7 0.3620386719675124 1.1282448278792052 0.7996607861547532 0.7962566550287338
2.6 0.3620386719675124 1.2010390116762224 0.7729665797159666 0.7551064817508454
2.5 0.3620386719675124 1.288082516377442 0.7413769888403481 0.6993658117763876
2.4 0.3620386719675124 1.3941793682164203 0.7041945610002625 0.622221036887146
2.3 0.3620386719675124 1.5269522773051296 0.6609902113972708 0.5164972115424862
2.2 0.3620386719675124 1.6964065977415956 0.6119175154282395 0.38111088290576867
2.1 0.3620386719675124 1.9191541224462854 0.5581072084068124 0.22221703624222952
2.0 0.3620386719675124 2.2225916508772485 0.5010156651223989 0.0020435932639157224
1.9 0.3620386719675124 2.654430560230302 0.44138092577311666 0.0001858712059576056
1.8 0.3620386719675124 3.3022846430621873 0.37643559769687995 0.0
1.7 0.3620386719675124 4.335072558811641 0.29368534580454725 0.0
1.6 0.3620386719675124 6.0893433923474465 0.13548649701554 0.0
1.5 0.3620386719675124 9.232272861384818 5.255230297121159e-5 0.0
1.4 0.3620386719675124 14.989816451209332 0.0 0.0
1.3 0.3620386719675124 25.26128948470963 0.0 0.0
1.2 0.3620386719675124 42.272758925714065 0.0 0.0
1.1 0.3620386719675124 66.6249400179581 0.0 0.0
3.0 0.512 0.8174753709620943 0.7451963035473873 0.735626996176812
2.9 0.512 0.8537340562104304 0.7162376434771691 0.6953427440375214
2.8 0.512 0.8956964257622552 0.682844562569143 0.6452777293195916
2.7 0.512 0.9448314245931508 0.6444996054284355 0.5825715764211564
2.6 0.512 1.002812973978559 0.6008616551438096 0.5041212365561019
2.5 0.512 1.072269326546941 0.551984535272161 0.4073366350706903
2.4 0.512 1.156791634995122 0.49849015874759584 0.290101943707035
2.3 0.512 1.2610841817384124 0.44172380237746667 0.14023129194399253
2.2 0.512 1.3946526527544791 0.3832711166936227 0.0006050117283289218
2.1 0.512 1.5695697047162067 0.3246358161648289 0.00021235547303410725
2.0 0.512 1.8068451562317709 0.26601163458339533 0.0
1.9 0.512 2.143056322637587 0.20397055922300805 0.0
1.8 0.512 2.645606835053828 0.1208939302775506 0.0
1.7 0.512 3.4457477325638237 0.00032070934909357113 0.0
1.6 0.512 4.810317842534269 3.131876678790892e-5 0.0
1.5 0.512 7.2862773264138 0.0 0.0
1.4 0.512 11.927514254782276 0.0 0.0
1.3 0.512 20.45092090684558 0.0 0.0
1.2 0.512 34.95045403463454 0.0 0.0
1.1 0.512 56.13092808940446 0.0 0.0
3.0 0.7240773439350248 0.6708336090662734 0.539993232308553 0.47587175014320965
2.9 0.7240773439350248 0.6983301975628561 0.4930831645965684 0.4028418299701906
2.8 0.7240773439350248 0.73083427685507 0.4413443584073361 0.3150007186014225
2.7 0.7240773439350248 0.7686362066416685 0.38498536346507917 0.20515369482728057
2.6 0.7240773439350248 0.8131109460103998 0.32435811394989167 0.003690213614920817
2.5 0.7240773439350248 0.8663065267006951 0.25958599389342585 0.0003953806252195827
2.4 0.7240773439350248 0.9308540583068 0.18887817677667065 0.00019779537195293803
2.3 0.7240773439350248 1.0107785960256797 0.0010863139092025993 0.00012727661540526858
2.2 0.7240773439350248 1.1115026445889074 0.0003796738412297599 0.0
2.1 0.7240773439350248 1.2436922951233471 0.00014828694054708474 0.0
2.0 0.7240773439350248 1.4221844384804532 8.012146607171753e-5 0.0
1.9 0.7240773439350248 1.6738942107827317 6.760304565143044e-5 0.0
1.8 0.7240773439350248 2.04846117800175 1.9323973133829206e-5 0.0
1.7 0.7240773439350248 2.6435577336446143 0.0 0.0
1.6 0.7240773439350248 3.661832910269814 0.0 0.0
1.5 0.7240773439350248 5.533409669829947 0.0 0.0
1.4 0.7240773439350248 9.130578471349004 0.0 0.0
1.3 0.7240773439350248 15.96012328467263 0.0 0.0
1.2 0.7240773439350248 27.952633027562648 0.0 0.0
1.1 0.7240773439350248 45.94070121491651 0.0 0.0
