### 1:α 2:Δ 3:m_star 4:ρ0 5:ρf ###
3.0 0.001 1.5844738310772941 0.8076542691862268 0.999994695333495
2.9 0.001 1.6325982948548166 0.8000496541776501 1.000005623043986
2.8 0.001 1.681937650489975 0.7918017596899503 0.9999938334136853
2.7 0.001 1.7343791000115318 0.7828209695268249 0.9999927318188494
2.6 0.001 1.7915018040074004 0.7729943649838936 0.9999930598674984
2.5 0.001 1.8496410089206623 0.7621811612395837 0.9999919729928866
2.4 0.001 1.9140757439646934 0.7502055168424557 0.9999906214993128
2.3 0.001 1.9815132940374973 0.7368304379074085 0.9999941186631247
2.2 0.001 2.052271016890481 0.7217612824993369 0.9999888414551908
2.1 0.001 2.1296182407492044 0.7045592574227052 0.9999874239377088
2.0 0.001 2.2115355886369157 0.6846270450954969 0.9999846008623285
1.9 0.001 2.2989324189867917 0.6610954530723927 0.9999837282097293
1.8 0.001 2.3928501492957466 0.6327330774007259 0.9999821946092731
1.7 0.001 2.4904614073873548 0.5979800676166677 0.9999737539734185
1.6 0.001 2.5993793475412965 0.5554594374061025 0.0
1.5 0.001 2.714527253959523 0.5050595982221268 0.0
1.4 0.001 2.831380081794724 0.4483389643600879 0.0
1.3 0.001 2.964823744283878 0.38764434421573274 0.0
1.2 0.001 3.1049786434728706 0.32466466595885646 0.0
1.1 0.001 3.2580625618686296 0.2606192293217836 0.0
3.0 0.0014142135623730952 1.5830988586623072 0.8075984806781464 0.9999912911991959
2.9 0.0014142135623730952 1.6313730340645904 0.7999883797467138 0.9999906979732234
2.8 0.0014142135623730952 1.681918021297616 0.7917370034883917 0.9999895557892526
2.7 0.0014142135623730952 1.734230816609203 0.78274836591866 0.9999903947143065
2.6 0.0014142135623730952 1.7900474055658557 0.772913455611407 0.9999873368314585
2.5 0.0014142135623730952 1.8482686052277095 0.7620913628606185 0.9999883145950915
2.4 0.0014142135623730952 1.9114993423141236 0.7501033491402794 0.9999824158855296
2.3 0.0014142135623730952 1.9803082109078591 0.7367179919086814 0.999984927021444
2.2 0.0014142135623730952 2.050773602628205 0.7216307830105876 0.999980808024789
2.1 0.0014142135623730952 2.1280682367355785 0.7044013265424688 0.9999790364738057
2.0 0.0014142135623730952 2.2097305382852306 0.684435574750021 0.9999745096439668
1.9 0.0014142135623730952 2.2971802487234876 0.6608691890266039 0.9999749842912418
1.8 0.0014142135623730952 2.3893515367834834 0.6324621166671875 0.9999622920838842
1.7 0.0014142135623730952 2.490409794967947 0.5976575476827006 0.9999565593047655
1.6 0.0014142135623730952 2.597754092835044 0.5550982102696678 0.0
1.5 0.0014142135623730952 2.711765916701061 0.5046795775027348 0.0
1.4 0.0014142135623730952 2.831099592175906 0.44799716579347915 0.0
1.3 0.0014142135623730952 2.9619056280781013 0.3873010005208789 0.0
1.2 0.0014142135623730952 3.102942986157331 0.32435066867819307 0.0
1.1 0.0014142135623730952 3.2562769701160597 0.2603222033564504 0.0
3.0 0.002 1.5814339575891079 0.8075167528424423 0.9999852435329617
2.9 0.002 1.629642698237029 0.7999045396027774 0.9999862774643892
2.8 0.002 1.6788995888413496 0.7916442569123147 0.9999831332968329
2.7 0.002 1.7312501549495474 0.7826454496426314 0.9999806711313247
2.6 0.002 1.786989554535184 0.7727991363479708 0.9999800123557588
2.5 0.002 1.847536241491097 0.7619628627009858 0.9999780916254963
2.4 0.002 1.909506540305853 0.7499588065695635 0.9999750163215797
2.3 0.002 1.97686001607298 0.7365528765106062 0.9999720792119393
2.2 0.002 2.049962807806562 0.7214344521231614 0.9999691930585225
2.1 0.002 2.12622507898609 0.7041768006945581 0.9999648431519108
2.0 0.002 2.2078549911360454 0.6841712576548246 0.999957282451888
1.9 0.002 2.293953113471486 0.6605471142624092 0.9999449748720091
1.8 0.002 2.387660082345386 0.6320729694369009 0.9999363112851843
1.7 0.002 2.4869867660929197 0.5971996570103958 0.9999217912770233
1.6 0.002 2.594636904577926 0.5545821877750471 0.0
1.5 0.002 2.71012345742267 0.504161183072983 0.0
1.4 0.002 2.8286093781384545 0.4474825563301232 0.0
1.3 0.002 2.9593043672066233 0.38682548610085254 0.0
1.2 0.002 3.0991927509230286 0.32390081425203143 0.0
1.1 0.002 3.249286430882944 0.2598961707723415 0.0
3.0 0.0028284271247461905 1.5789417277269653 0.8074104455090292 0.9999756798184221
2.9 0.0028284271247461905 1.6272012065821428 0.7997839375844571 0.9999737550545897
2.8 0.0028284271247461905 1.6763889778098697 0.7915120663335625 0.9999712227665298
2.7 0.0028284271247461905 1.7298442598340125 0.7825002872554258 0.999969010872655
2.6 0.0028284271247461905 1.7855958973316008 0.7726367627918336 0.9999649097442719
2.5 0.0028284271247461905 1.8436026907419882 0.7617817086345122 0.9999624805697034
2.4 0.0028284271247461905 1.9075973496791285 0.7497526733492317 0.9999569750074037
2.3 0.0028284271247461905 1.9739696303006091 0.7363178887658055 0.9999519018615959
2.2 0.0028284271247461905 2.047295623495102 0.7211632123633194 0.9999441155004822
2.1 0.0028284271247461905 2.122171348124479 0.7038577284202594 0.9999352728560652
2.0 0.0028284271247461905 2.2036952009190447 0.683792788722453 0.9999248350635337
1.9 0.0028284271247461905 2.2919614756576663 0.6600915856273486 0.9999096568457585
1.8 0.0028284271247461905 2.384567454606742 0.6315244619662294 0.9998876470706346
1.7 0.0028284271247461905 2.482850927315012 0.5965508989014772 0.9998601386707591
1.6 0.0028284271247461905 2.590294849178899 0.5538607792003348 0.0
1.5 0.0028284271247461905 2.706265754273891 0.5034168457980238 0.0
1.4 0.0028284271247461905 2.8242339356642927 0.4467676770895578 0.0
1.3 0.0028284271247461905 2.9558478959045096 0.3861561196432485 0.0
1.2 0.0028284271247461905 3.0972295312992917 0.32328296454990135 0.0
1.1 0.0028284271247461905 3.2493733144467143 0.2593138451870176 0.0
3.0 0.004 1.5756581372070628 0.8072545585429773 0.9999578538803581
2.9 0.004 1.6237593038781197 0.7996126909390393 0.9999553007943182
2.8 0.004 1.6741546548779354 0.7913231039118835 0.9999501751957993
2.7 0.004 1.726269264068277 0.782292220358093 0.9999469303258703
2.6 0.004 1.7805944913136884 0.7724059600264584 0.9999402650573594
2.5 0.004 1.840582097938251 0.7615231933898493 0.9999338972488268
2.4 0.004 1.90273251676123 0.749460170937503 0.9999258547966251
2.3 0.004 1.9698892792216733 0.7359832887541248 0.9999155208831243
2.2 0.004 2.042908805606378 0.7207766490422042 0.9999052187806812
2.1 0.004 2.118523554784429 0.7034044473079993 0.9998897972997807
2.0 0.004 2.2003691941169605 0.6832527422092043 0.9998689150393056
1.9 0.004 2.287661981662852 0.6594440544177856 0.9998418912606574
1.8 0.004 2.378909192878228 0.6307429145707425 0.9998040523798375
1.7 0.004 2.479970563589756 0.5956347251369426 0.9997438482813441
1.6 0.004 2.5868948828725724 0.5528445059433768 0.0
1.5 0.004 2.698822990368375 0.5023510436393129 0.0
1.4 0.004 2.8237688710919424 0.4457943256300154 0.0
1.3 0.004 2.9521967756556653 0.3852191987991414 0.0
1.2 0.004 3.092351862209839 0.3223960485402779 0.0
1.1 0.004 3.2407581275801154 0.258472862115109 0.0
3.0 0.005656854249492381 1.5710561032429158 0.807031754355876 0.9999304241272751
2.9 0.005656854249492381 1.6200884229493568 0.7993694728418246 0.9999130403662535
2.8 0.005656854249492381 1.6678730724155582 0.7910566592743073 0.999914937432562
2.7 0.005656854249492381 1.7210380623140502 0.7819974579187053 0.9999067590705382
2.6 0.005656854249492381 1.7766900931414238 0.772078576622673 0.9998971102528531
2.5 0.005656854249492381 1.8343302891720497 0.7611546547265373 0.9999060863085111
2.4 0.005656854249492381 1.897154684019534 0.7490436996942954 0.9998705111412836
2.3 0.005656854249492381 1.9641472945173792 0.7355100603382816 0.9998561442689489
2.2 0.005656854249492381 2.0355791588687695 0.7202253538728759 0.9998314728529452
2.1 0.005656854249492381 2.112930542661722 0.7027578357911162 0.9998083181565622
2.0 0.005656854249492381 2.194136092137564 0.6824850758335027 0.9997682320009664
1.9 0.005656854249492381 2.2796929134188835 0.6585193977764345 0.9997166866498943
1.8 0.005656854249492381 2.3723141844543183 0.6296338142290014 0.9996503568991713
1.7 0.005656854249492381 2.472627296991998 0.5943337407402598 0.9995451883414632
1.6 0.005656854249492381 2.5784332179852254 0.5513969913011727 0.0
1.5 0.005656854249492381 2.6932714768950854 0.5008833877954901 0.0
1.4 0.005656854249492381 2.8111808039303945 0.4443223897790881 0.0
1.3 0.005656854249492381 2.9427255208971053 0.38386088644373006 0.0
1.2 0.005656854249492381 3.08394527986479 0.3211415936298848 0.0
1.1 0.005656854249492381 3.2363870825805643 0.257296653818088 0.0
3.0 0.008 1.56447122188754 0.8067150460530781 0.999875595559254
2.9 0.008 1.6131729868618714 0.7990233381751686 0.9998630436302931
2.8 0.008 1.6608578953356259 0.7906757705625017 0.9998555825235382
2.7 0.008 1.7137475948199428 0.7815767760656479 0.9998372384572954
2.6 0.008 1.767925859495966 0.7716094579835515 0.9998164659686835
2.5 0.008 1.826716763377997 0.7606293209980921 0.9997934583197152
2.4 0.008 1.8903208419774058 0.7484481169477887 0.9997739206108607
2.3 0.008 1.957507914816611 0.7348262620799797 0.9997435319621415
2.2 0.008 2.028714071630458 0.7194369403826446 0.9997038734274746
2.1 0.008 2.1042902641343795 0.7018336107191361 0.9996503460051971
2.0 0.008 2.1853016176206514 0.6813865940573216 0.9995879785157398
1.9 0.008 2.2706178291235886 0.6572016284137031 0.9994960075629779
1.8 0.008 2.3646381689293916 0.6280564050757182 0.9993646741612736
1.7 0.008 2.4632760625529473 0.5924893565916171 0.9991569094233599
1.6 0.008 2.5689217210176274 0.5493616943099792 0.0
1.5 0.008 2.6797278159144153 0.49877586858577894 0.0
1.4 0.008 2.8055294665683403 0.4423489144186504 0.0
1.3 0.008 2.933525478670665 0.38197633120488705 0.0
1.2 0.008 3.0717823336779118 0.31935730788828753 0.0
1.1 0.008 3.218971183179041 0.2556137271672966 0.0
3.0 0.011313708498984762 1.5552416495572938 0.8062636276555488 0.9997840826788482
2.9 0.011313708498984762 1.603655690359257 0.7985293983468227 0.9997653097604009
2.8 0.011313708498984762 1.652099241545656 0.7901316578684288 0.9997423204412541
2.7 0.011313708498984762 1.7026517749089898 0.7809740411426717 0.9997162223107887
2.6 0.011313708498984762 1.7575625885520794 0.7709388953943888 0.999684796066413
2.5 0.011313708498984762 1.8160211498901073 0.7598761941368208 0.9996479796443625
2.4 0.011313708498984762 1.8794673531114066 0.7475949744097469 0.9996019926093054
2.3 0.011313708498984762 1.9460219527574805 0.7338488642795008 0.9995451913333335
2.2 0.011313708498984762 2.015643163226415 0.718304280654434 0.9994735094746773
2.1 0.011313708498984762 2.0918732460952367 0.7005046513741914 0.9993836985265758
2.0 0.011313708498984762 2.173314291769378 0.6798101832641895 0.9992549528535783
1.9 0.011313708498984762 2.2595228367552047 0.6553153661927972 0.9990786988443066
1.8 0.011313708498984762 2.3516205262465717 0.6258046850252547 0.998814441368038
1.7 0.011313708498984762 2.449428149780537 0.5898733496633283 0.9983802323213575
1.6 0.011313708498984762 2.555332042601414 0.5464933344402902 0.0
1.5 0.011313708498984762 2.6670167448197577 0.4958559295551467 0.0
1.4 0.011313708498984762 2.787656625898639 0.43948818129255995 0.0
1.3 0.011313708498984762 2.9161661047552228 0.37928897597257744 0.0
1.2 0.011313708498984762 3.0563162665216668 0.31685047063255095 0.0
1.1 0.011313708498984762 3.204067159728578 0.25324996966247376 0.0
3.0 0.016 1.5426496212708534 0.8056182919703483 0.9996223856378477
2.9 0.016 1.5903934226366 0.7978206517835483 0.9995880771650915
2.8 0.016 1.6385212681125065 0.789352836096078 0.9995468439240334
2.7 0.016 1.6898945496877509 0.7801093334743365 0.9994999203611385
2.6 0.016 1.744359965532335 0.7699738057640007 0.9994422944167531
2.5 0.016 1.8011479631960265 0.7587897086271597 0.9993733248354293
2.4 0.016 1.8630283709916753 0.7463633192585559 0.9992894363032404
2.3 0.016 1.9304610740148498 0.732437272421451 0.9991832652678384
2.2 0.016 1.99936900110587 0.7166686792943704 0.9990486410871522
2.1 0.016 2.074470682474859 0.6985867313665066 0.9988702968125962
2.0 0.016 2.155566349469426 0.6775350186540173 0.9986241657305609
1.9 0.016 2.2416876286049305 0.6526010947163459 0.9982683224164455
1.8 0.016 2.331660745680084 0.6225835448158942 0.9977128320126627
1.7 0.016 2.4315595325394628 0.5861647935769236 0.0
1.6 0.016 2.533162801409995 0.5424423130118671 0.0
1.5 0.016 2.648425702647227 0.4917554872798766 0.0
1.4 0.016 2.767267061626438 0.43551466012557627 0.0
1.3 0.016 2.89598504758801 0.3755424229300961 0.0
1.2 0.016 3.0361537208142457 0.31332653421155016 0.0
1.1 0.016 3.1845364081377143 0.24990590906261018 0.0
3.0 0.022627416997969524 1.527223125058145 0.8046883309497979 0.9993325146635577
2.9 0.022627416997969524 1.5720725871195693 0.7968004480854701 0.9992688302453372
2.8 0.022627416997969524 1.6195472730772984 0.788224081167591 0.9991945813827002
2.7 0.022627416997969524 1.669127388195938 0.7788573358535962 0.9991064286598708
2.6 0.022627416997969524 1.7230422775801846 0.7685740725234333 0.9990004605033496
2.5 0.022627416997969524 1.7805101504466148 0.7572140676399239 0.998871405849411
2.4 0.022627416997969524 1.8417829077333836 0.7445728966174645 0.9987113228765231
2.3 0.022627416997969524 1.908667445459998 0.7303829005617539 0.9985091149876026
2.2 0.022627416997969524 1.9768354220082542 0.7142870001634543 0.9982454198677273
2.1 0.022627416997969524 2.052555091003083 0.695795366299372 0.9978917752139147
2.0 0.022627416997969524 2.1319693646883615 0.6742329189847373 0.99738547674175
1.9 0.022627416997969524 2.217136208661619 0.6486801206882646 0.996619011419237
1.8 0.022627416997969524 2.3078202760104416 0.6179723915008948 0.9953293929359492
1.7 0.022627416997969524 2.405429512869197 0.5809080281849879 0.0
1.6 0.022627416997969524 2.5068637535066296 0.5367744478493275 0.0
1.5 0.022627416997969524 2.618890288422038 0.48599836846973693 0.0
1.4 0.022627416997969524 2.73704679391996 0.4299362095896688 0.0
1.3 0.022627416997969524 2.865168975084512 0.3702522523662631 0.0
1.2 0.022627416997969524 3.0014384674038497 0.3083193942698107 0.0
1.1 0.022627416997969524 3.150102701190467 0.24518735588295587 0.0
3.0 0.032 1.5014520324138532 0.803335358309711 0.9988047439800027
2.9 0.032 1.5465242198662827 0.7953120895868184 0.9986869655057868
2.8 0.032 1.5935200773042026 0.7865785814595223 0.9985484003673297
2.7 0.032 1.6423204095751167 0.7770272040713679 0.9983804369270541
2.6 0.032 1.6964511023301236 0.7665237056137665 0.9981786716444678
2.5 0.032 1.75315039287001 0.7549003537117283 0.9979299402363703
2.4 0.032 1.8140071521506071 0.7419417908824756 0.997617145155536
2.3 0.032 1.8769999971588651 0.727362370557963 0.9972144019070642
2.2 0.032 1.9470552575132474 0.7107851021331347 0.9966771800979101
2.1 0.032 2.0193211605961814 0.6916974722052848 0.9959263563479951
2.0 0.032 2.0993825609007297 0.6694040329738231 0.9948164928701239
1.9 0.032 2.1832503780766146 0.6429901567900566 0.9930042185598149
1.8 0.032 2.271699601089307 0.6113538432638697 0.9894492028006967
1.7 0.032 2.3681284229754644 0.5734682646777989 0.0
1.6 0.032 2.4709997330097933 0.5288544639984741 0.0
1.5 0.032 2.58077739123236 0.47800110517688127 0.0
1.4 0.032 2.69802038469436 0.4221788803200947 0.0
1.3 0.032 2.826946005493411 0.3628817468466469 0.0
1.2 0.032 2.962130145212199 0.3013294463278285 0.0
1.1 0.032 3.110917942806379 0.23851529706206515 0.0
3.0 0.04525483399593905 1.4680332669451088 0.8013337043567487 0.9978289902969719
2.9 0.04525483399593905 1.5121357599974015 0.7931073089856351 0.9976022789324196
2.8 0.04525483399593905 1.5581439211975894 0.7841367228753918 0.9973329003477027
2.7 0.04525483399593905 1.6068820547947757 0.7743068021600905 0.9970080193237487
2.6 0.04525483399593905 1.6579687463451025 0.7634733405718694 0.9966090853110563
2.5 0.04525483399593905 1.7134689592869652 0.7514543555645666 0.9961102726749077
2.4 0.04525483399593905 1.7727498087713343 0.7380180630568972 0.9954714973724971
2.3 0.04525483399593905 1.8360216430251015 0.7228571368774097 0.9946262735622611
2.2 0.04525483399593905 1.9036010263055159 0.7055691562891588 0.9934615046733286
2.1 0.04525483399593905 1.9758136448093513 0.6856154977424898 0.9917613617044487
2.0 0.04525483399593905 2.0529451371000906 0.6622880672154468 0.9890515249137009
1.9 0.04525483399593905 2.136493708243322 0.6346995985314193 0.9839773931269398
1.8 0.04525483399593905 2.2250030952737236 0.6018724001620492 0.13731446519543478
1.7 0.04525483399593905 2.3188651455704306 0.5629914467403063 0.0
1.6 0.04525483399593905 2.420188715798954 0.5178237345635428 0.0
1.5 0.04525483399593905 2.5280397409471203 0.4669139451038351 0.0
1.4 0.04525483399593905 2.6445904446454804 0.4114004212872284 0.0
1.3 0.04525483399593905 2.771066799830431 0.35255750055675744 0.0
1.2 0.04525483399593905 2.9062641340267326 0.29150488075126435 0.0
1.1 0.04525483399593905 3.05339223290515 0.22910793649932334 0.0
3.0 0.064 1.4233178048216855 0.7983067557381014 0.9959740441744727
2.9 0.064 1.4661043271712844 0.7897670084581536 0.9955267462169262
2.8 0.064 1.5105575419922757 0.7804322446110251 0.9949883152610691
2.7 0.064 1.558120415505854 0.7701747060495776 0.9943296511218285
2.6 0.064 1.6088824526547536 0.7588361559340117 0.9935079858654648
2.5 0.064 1.6627669902320492 0.7462148317092121 0.9924599420775289
2.4 0.064 1.7194430903718414 0.7320548593173779 0.9910800921411145
2.3 0.064 1.7820528108054219 0.716024462321563 0.9891938744893725
2.2 0.064 1.8484626247063365 0.697691014410387 0.986471455003507
2.1 0.064 1.918400078890971 0.6764960053923684 0.9822064742485659
2.0 0.064 1.9937360468703635 0.6517410054682748 0.9744931024070381
1.9 0.064 2.0741909536182686 0.6226166188608433 0.953896789194923
1.7 0.064 2.2538644693790886 0.5483259315634017 0.0
1.6 0.064 2.351271240843024 0.5025631600663698 0.0
1.5 0.064 2.4577025724661192 0.45163390353418 0.0
1.4 0.064 2.573522852844177 0.3964963224927843 0.0
1.3 0.064 2.6942537286861303 0.33818119141304975 0.0
1.2 0.064 2.8292027559301443 0.27775149577265856 0.0
1.1 0.064 2.9706568179907795 0.2158804125037529 0.0
3.0 0.0905096679918781 1.3648657366421801 0.7935842299161309 0.9923452980948111
2.9 0.0905096679918781 1.4055627264424855 0.7845540104557429 0.9914268390538623
2.8 0.0905096679918781 1.4484281720182353 0.7746487824726812 0.9903047410156944
2.7 0.0905096679918781 1.4941586037533001 0.7637244688414268 0.9889085944946328
2.6 0.0905096679918781 1.5427285971355997 0.7516013197406142 0.9871321188996445
2.5 0.0905096679918781 1.5948730679539627 0.7380546143465545 0.9848058952464493
2.4 0.0905096679918781 1.650653458801801 0.7227993865239727 0.9816471723232916
2.3 0.0905096679918781 1.7096119670742227 0.7054749581338804 0.977137382441136
2.2 0.0905096679918781 1.7724978279211734 0.6856304625334607 0.9702063329601116
2.1 0.0905096679918781 1.8415483194507347 0.6627165816757135 0.9581340057003767
2.0 0.0905096679918781 1.9146080639496128 0.6360860813667332 0.929773022439103
1.9 0.0905096679918781 1.993440347948457 0.6050782748785096 0.48047503991622686
1.7 0.0905096679918781 2.1653582327302514 0.5279068535369242 2.5175259207880158e-5
1.6 0.0905096679918781 2.2617214470305917 0.48158141383069003 0.0
1.5 0.0905096679918781 2.3674571486756895 0.43067910755930533 0.0
1.4 0.0905096679918781 2.478027265373685 0.37593846553279636 0.0
1.3 0.0905096679918781 2.596200645010807 0.31827851046908895 0.0
1.2 0.0905096679918781 2.7274521359271473 0.25854726545610474 0.0
1.1 0.0905096679918781 2.8695196884337952 0.19716302516587317 0.0
3.0 0.128 1.289985942015072 0.7859544932891298 0.9850077735787337
2.9 0.128 1.3283540332378052 0.7761386765461311 0.9830457796723937
2.8 0.128 1.3689056772755093 0.765326734113494 0.9806114776082113
2.7 0.128 1.4122212150292173 0.7533522137828986 0.9775271823814352
2.6 0.128 1.4585342159207226 0.7400110208872672 0.9735175045198106
2.5 0.128 1.5078171049528752 0.7250520290717334 0.9681291017294187
2.4 0.128 1.560825404524975 0.7081684438467691 0.9605640229947201
2.3 0.128 1.6176355835960219 0.6889862429335789 0.9492489295230542
2.2 0.128 1.678177732943437 0.6670632205164815 0.9304989163316162
2.1 0.128 1.7435654274938799 0.6419046476252195 0.8923139805502533
2.0 0.128 1.812064072963027 0.6129778185406933 0.7480610193373144
1.9 0.128 1.8869508967365332 0.579819382871045 0.3232478393925944
1.8 0.128 1.9679422783276959 0.5420942665836663 0.0011233037042413596
1.7 0.128 2.0546487418660955 0.4997013525114014 0.0
1.6 0.128 2.1464213417931544 0.45281301000287416 0.0
1.5 0.128 2.246234651839247 0.4019258158062717 0.0
1.4 0.128 2.352747954987528 0.3476596000061261 0.0
1.3 0.128 2.469403779580417 0.290750459345687 0.0
1.2 0.128 2.5971952188376926 0.23173797100388815 0.0
1.1 0.128 2.734681805116 0.17057059267163627 0.0
3.0 0.1810193359837562 1.1977288794804941 0.7732010019831431 0.9697531600956772
2.9 0.1810193359837562 1.2330488576519916 0.7621214533676736 0.9654531895228549
2.8 0.1810193359837562 1.2708515104057079 0.7498734332694682 0.9600517892316585
2.7 0.1810193359837562 1.3109699000236574 0.7362681152455673 0.9531097134586413
2.6 0.1810193359837562 1.35408807087927 0.7210821901681912 0.9439372501260432
2.5 0.1810193359837562 1.4005246790233201 0.7040517672231771 0.9313674411696236
2.4 0.1810193359837562 1.449857506982919 0.6848656982387669 0.9132427741948203
2.3 0.1810193359837562 1.5030362728585118 0.6631770753315921 0.8850614853006453
2.2 0.1810193359837562 1.5598215466948286 0.6386013887018716 0.8352348292250078
2.1 0.1810193359837562 1.6211581814675085 0.6107493947663342 0.7254908546334022
2.0 0.1810193359837562 1.6871330059728167 0.5792579187082642 0.4760443641607154
1.9 0.1810193359837562 1.7581249953438283 0.5438422524623444 0.19537403424677285
1.8 0.1810193359837562 1.8341751461017308 0.5043417742927314 0.00028870022835395003
1.7 0.1810193359837562 1.9161252947374523 0.46079405797141315 0.0
1.6 0.1810193359837562 2.003729948668915 0.4134083133572465 0.0
1.5 0.1810193359837562 2.099215160847256 0.3625966934286661 0.0
1.4 0.1810193359837562 2.2003399358602356 0.3088486607199571 0.0
1.3 0.1810193359837562 2.3107034311801113 0.25264279470100726 0.0
1.2 0.1810193359837562 2.431139736166681 0.19406637086324077 0.0
1.1 0.1810193359837562 2.5587498709957393 0.13186118097804955 0.0
3.0 0.256 1.0871929942062917 0.7513778585924552 0.9377204963238532
2.9 0.256 1.1199763025847846 0.7383245261581106 0.9283354505770377
2.8 0.256 1.1543664714546136 0.7238880899454948 0.9164655259770632
2.7 0.256 1.1909648640298927 0.7078732319641994 0.9011098399859705
2.6 0.256 1.2303265677807196 0.6900573979958831 0.8806711470373167
2.5 0.256 1.2726623652835376 0.6701928354722063 0.8524335314962096
2.4 0.256 1.3179794089829506 0.6480059378515642 0.811419209442844
2.3 0.256 1.3667242043873475 0.6232145397894903 0.7478352701046436
2.2 0.256 1.4191880697166175 0.5955362137944398 0.6425233884166719
2.1 0.256 1.4756945656138238 0.5647091320119533 0.4746734162564217
2.0 0.256 1.5365945113231023 0.5305248997456706 0.2701055502777932
1.9 0.256 1.6022686850844463 0.4928501702601904 0.07807603813064387
1.8 0.256 1.6725512028450555 0.45165748548507867 0.0
1.7 0.256 1.7489573852645075 0.4070613406552189 0.0
1.6 0.256 1.8305722996009464 0.35926770759338783 0.0
1.5 0.256 1.919112408178664 0.30857683864821595 0.0
1.4 0.256 2.016476054445547 0.25521892297754445 0.0
1.3 0.256 2.120440459728469 0.19911367272510413 0.0
1.2 0.256 2.233457926843424 0.138812719815971 0.0
1.1 0.256 2.353012127755661 0.0003257503132929659 0.0
3.0 0.3620386719675124 0.9634162932406927 0.7139004523482073 0.8712602053134959
2.9 0.3620386719675124 0.9917131549997055 0.697941637684772 0.8512739057049123
2.8 0.3620386719675124 1.0220837642675462 0.6803979765963801 0.8260189760465664
2.7 0.3620386719675124 1.0546846368711182 0.6610876105829909 0.7934628771733978
2.6 0.3620386719675124 1.089711472466354 0.6398203887217602 0.7505909174628514
2.5 0.3620386719675124 1.128135187408058 0.6164083469230872 0.6930785404319656
2.4 0.3620386719675124 1.1686382583767496 0.5906280799552215 0.615034919074418
2.3 0.3620386719675124 1.2124258460507649 0.5623031638775337 0.5110052809574915
2.2 0.3620386719675124 1.2596152015194226 0.5312603796717881 0.38114092242198333
2.1 0.3620386719675124 1.3103817310872448 0.4973640431376364 0.23703907516889214
2.0 0.3620386719675124 1.3655736808474663 0.4605398157407346 0.09762701013974824
1.9 0.3620386719675124 1.4249798951458819 0.42075979552891285 0.0
1.8 0.3620386719675124 1.4887619663840177 0.3780684720497319 0.0
1.7 0.3620386719675124 1.558225655677099 0.33256277384983945 0.0
1.6 0.3620386719675124 1.6342980513059238 0.2843090071772027 0.0
1.5 0.3620386719675124 1.7152734861714254 0.2332539472074182 0.0
1.4 0.3620386719675124 1.802664066223637 0.17872847583736848 0.0
1.3 0.3620386719675124 1.8980873140609946 0.11762254004356643 0.0
1.2 0.3620386719675124 2.0048400849716534 0.0002474579475541916 0.0
1.1 0.3620386719675124 2.1174046598091163 0.00013420728153736385 0.0
3.0 0.512 0.8313750759595624 0.6504663442690723 0.7360853328263915
2.9 0.512 0.8568183181164872 0.6305958519885151 0.6954247601001571
2.8 0.512 0.8829801744755014 0.6089869704663223 0.6452427000808598
2.7 0.512 0.9094744013204661 0.5854949615917343 0.5835215011171988
2.6 0.512 0.9397434604676643 0.5600612764749923 0.5086888829833116
2.5 0.512 0.9723948954069759 0.5325272108843753 0.42056928882723277
2.4 0.512 1.0076551255576975 0.502783527858343 0.320892166247687
2.3 0.512 1.0457671532891062 0.4707469776047033 0.21347697374405583
2.2 0.512 1.0877359666330757 0.43632912306453886 0.09873221068431173
2.1 0.512 1.1323266757116217 0.3994820212900764 0.0008201583498642136
2.0 0.512 1.180762889437494 0.3601839665320393 0.0
1.9 0.512 1.2331224208278069 0.3183980062204963 0.0
1.8 0.512 1.2897144326772219 0.27400918229407084 0.0
1.7 0.512 1.3516664950228345 0.22662682043053944 0.0
1.6 0.512 1.4186270172941418 0.1752098654349248 0.0
1.5 0.512 1.4914141848707492 0.11594320123723142 0.0
1.4 0.512 1.5706679593139257 0.0002843917523411043 0.0
1.3 0.512 1.65725412577927 0.00011436664506025697 0.0
1.2 0.512 1.7501839831913493 4.4965715626953984e-5 0.0
1.1 0.512 1.8510066314298863 1.717425721307833e-5 0.0
3.0 0.7240773439350248 0.697921761710083 0.5455836077603632 0.4706763683383201
2.9 0.7240773439350248 0.7186908632791384 0.5207534898653579 0.3965806867336001
2.8 0.7240773439350248 0.7404742134155574 0.4942158357370024 0.3105035454641022
2.7 0.7240773439350248 0.7639582404430991 0.4659111115720985 0.20858776838533447
2.6 0.7240773439350248 0.7894063320550263 0.43577823751443817 0.0566020648952587
2.5 0.7240773439350248 0.8169358288792301 0.40375193365757334 0.0005872157935702854
2.4 0.7240773439350248 0.8449754577688433 0.36981132379616816 0.0002736342571251623
2.3 0.7240773439350248 0.8771910317330264 0.3337712757849545 0.00010021396129975338
2.2 0.7240773439350248 0.9121714675818422 0.29551911085049426 0.0
2.1 0.7240773439350248 0.9501851021854352 0.2547288866231978 0.0
2.0 0.7240773439350248 0.9915390821320911 0.21071977056219188 0.0
1.9 0.7240773439350248 1.036536552399501 0.1617898114104886 0.0
1.8 0.7240773439350248 1.0859218421647785 0.1021004946269828 0.0
1.7 0.7240773439350248 1.1391790050799346 0.00031750428839842 0.0
1.6 0.7240773439350248 1.1978411446400898 0.00015677935562123736 0.0
1.5 0.7240773439350248 1.2608263154200976 7.408659620630714e-5 0.0
1.4 0.7240773439350248 1.3295621688721642 3.322715246075728e-5 0.0
1.3 0.7240773439350248 1.4057312217971893 1.4014331734660568e-5 0.0
1.2 0.7240773439350248 1.4871109410927972 0.0 0.0
1.1 0.7240773439350248 1.5793769852686463 0.0 0.0
