3.0 0.001 1.7832684924088418 0.9756717369059471 0.999994431725479
2.9 0.001 1.8815226726237781 0.9744320152647784 1.0000026853833788
2.8 0.001 1.993318858488226 0.9730596595658332 0.9999930867160409
2.7 0.001 2.122618463131718 0.9715332394377931 0.9999933408607276
2.6 0.001 2.273417558207471 0.9698218170754549 0.9999931883799602
2.5 0.001 2.4507909577771736 0.967893593026832 0.9999927241879738
2.4 0.001 2.661370054677576 0.9657016102638534 0.9999923424188197
2.3 0.001 2.913449511617605 0.9631863207072034 0.9999946222024225
2.2 0.001 3.2164663689262585 0.9602730217016593 0.9999891665630725
2.1 0.001 3.5863502092879767 0.9568555309879299 0.9999912384443299
2.0 0.001 4.039028211830354 0.9527864774938071 0.9999887943058405
1.9 0.001 4.5945806677304315 0.9478575868631471 0.9999884917057296
1.8 0.001 5.27671244325823 0.9417440612427939 0.9999780814341019
1.7 0.001 6.111633052314851 0.933933013134111 0.9999762660102014
1.6 0.001 7.125654814004498 0.9234874482281782 0.9999660320073409
1.5 0.001 8.342142829062452 0.908497334952008 0.9999513142671885
1.4 0.001 9.771908613574658 0.8836191709846603 0.999929233887737
1.3 0.001 11.407886048598902 0.8232021355241493 0.0
1.2 0.001 13.20846485844174 0.678338345740395 0.0
1.1 0.001 15.109682406812428 0.5276347021812975 0.0
3.0 0.0014142135623730952 1.780223987137677 0.9756454335043863 0.99999269732687
2.9 0.0014142135623730952 1.8796686450499687 0.974396158142264 0.999990755811161
2.8 0.0014142135623730952 1.9913724245803357 0.9730204958346469 0.999989134442059
2.7 0.0014142135623730952 2.1205106414714368 0.9714877142927134 0.9999893587564401
2.6 0.0014142135623730952 2.271119370298885 0.9697718670424446 0.9999876494475702
2.5 0.0014142135623730952 2.4482689354701477 0.9678363669456749 0.9999864685047417
2.4 0.0014142135623730952 2.658582616788435 0.9656332387478056 0.999982454850314
2.3 0.0014142135623730952 2.9103462175646384 0.9631078118616251 0.9999850934999177
2.2 0.0014142135623730952 3.212985363439666 0.9601812579411805 0.9999810324560212
2.1 0.0014142135623730952 3.582411271708816 0.9567475630789319 0.9999790210555117
2.0 0.0014142135623730952 4.034545425824343 0.9526579963119095 0.9999735536126977
1.9 0.0014142135623730952 4.589453641784785 0.9476998111576239 0.9999753355440993
1.8 0.0014142135623730952 5.270831932059775 0.9415470589351727 0.9999636794709557
1.7 0.0014142135623730952 6.104889702931322 0.9336728114937147 0.9999576922578887
1.6 0.0014142135623730952 7.117898375860804 0.9231358799566478 0.9999425898083648
1.5 0.0014142135623730952 8.333411262120084 0.9079720727875482 0.9999161496279345
1.4 0.0014142135623730952 9.762392359557104 0.8826767897421324 0.9998713706226683
1.3 0.0014142135623730952 11.397484356176529 0.8209857742892457 0.0
1.2 0.0014142135623730952 13.19746610111654 0.6769958016403177 0.0
1.1 0.0014142135623730952 15.097907157508414 0.5266668505972758 0.0
3.0 0.002 1.7778106607171358 0.9755977997077623 0.9999850210499985
2.9 0.002 1.8771239671941908 0.9743482948653264 0.9999862714462568
2.8 0.002 1.9886283420336448 0.9729717791815693 0.9999833640562453
2.7 0.002 2.1175367188310923 0.9714255987408951 0.9999812968721102
2.6 0.002 2.2678771237341095 0.96970308639528 0.9999845081573209
2.5 0.002 2.4447109316375757 0.9677575061005042 0.9999780302292625
2.4 0.002 2.654650388654217 0.9655441778408158 0.9999760827522806
2.3 0.002 2.9059686885859475 0.9630040571367535 0.9999730773281095
2.2 0.002 3.2080756495004414 0.9600589074666732 0.9999625923314948
2.1 0.002 3.576855909481109 0.9566012606510247 0.9999625036838367
2.0 0.002 4.02831283064149 0.9524808463609828 0.9999566825661512
1.9 0.002 4.582223699174614 0.9474816395864205 0.9999489886721316
1.8 0.002 5.262541424329219 0.9412708269306368 0.9999361644407452
1.7 0.002 6.095384585323427 0.9333131845639836 0.9999223532366484
1.6 0.002 7.107110589246039 0.9226418658256915 0.9998937034286243
1.5 0.002 8.321209623587487 0.9072226802194416 0.9998503460435809
1.4 0.002 9.748488539004184 0.8813129632759158 0.9997636262290468
1.3 0.002 11.382310352125863 0.8178548706582618 0.0
1.2 0.002 13.181458536780562 0.6747889455919259 0.0
1.1 0.002 15.080879350564057 0.5252456131955221 0.0
3.0 0.0028284271247461905 1.7743839742178416 0.9755417866344538 0.9999756707345248
2.9 0.0028284271247461905 1.8734702270285213 0.974287451246445 0.9999726500627725
2.8 0.0028284271247461905 1.9847581407933244 0.9728991696622833 0.999971207412766
2.7 0.0028284271247461905 2.1133448639702266 0.9713487972624537 0.999970000998486
2.6 0.0028284271247461905 2.2633074073917 0.969612912403343 0.9999645885303099
2.5 0.0028284271247461905 2.439696533703766 0.9676531192917811 0.999961919940606
2.4 0.0028284271247461905 2.649109032033609 0.9654224037913135 0.9999571104879499
2.3 0.0028284271247461905 2.899800368454162 0.9628640448663883 0.9999509416739418
2.2 0.0028284271247461905 3.201158172251679 0.9598924586069878 0.9999441104703068
2.1 0.0028284271247461905 3.569029773882214 0.9564028320661293 0.9999354850610565
2.0 0.0028284271247461905 4.0194082745571995 0.9522382748257356 0.9999251959325751
1.9 0.0028284271247461905 4.572042733607638 0.9471810076822761 0.9999098355040907
1.8 0.0028284271247461905 5.250868679777512 0.9408887721565038 0.9998865380725811
1.7 0.0028284271247461905 6.082005455693847 0.9328083473010748 0.9998600939502247
1.6 0.0028284271247461905 7.091808386626577 0.9219404322350382 0.9998122037875999
1.5 0.0028284271247461905 8.303968226370232 0.9061481400357069 0.9997282699679205
1.4 0.0028284271247461905 9.729286284103479 0.8793394725797536 0.9995538822347316
1.3 0.0028284271247461905 11.3613598427737 0.8134790167828669 0.0
1.2 0.0028284271247461905 13.159171691063584 0.6717319924573999 0.0
1.1 0.0028284271247461905 15.057791811771123 0.523252508123495 0.0
3.0 0.004 1.7697256164495385 0.9754659337651224 0.9999579120901856
2.9 0.004 1.8684281116307844 0.9742047713686315 0.9999553119922566
2.8 0.004 1.9792489861663563 0.9728038696143289 0.9999504100251094
2.7 0.004 2.107442856911611 0.971248405513849 0.9999464731745462
2.6 0.004 2.2568759331474437 0.9694933602217026 0.9999399866659879
2.5 0.004 2.432639987670854 0.9675157790387878 0.9999346270656199
2.4 0.004 2.641311833536493 0.9652618745405812 0.9999263521174773
2.3 0.004 2.8911221222532735 0.9626758660271487 0.999917142978014
2.2 0.004 3.191378360838595 0.9596681876088681 0.9999054581364901
2.1 0.004 3.5580836949665704 0.9561318075390837 0.9998908657281218
2.0 0.004 4.006887479818365 0.9519073748337269 0.9998684628100738
1.9 0.004 4.557820364344667 0.9467662595458346 0.9998418600570366
1.8 0.004 5.234463927249646 0.9403532532881573 0.9998009340864208
1.7 0.004 6.063211039781663 0.9320974754924334 0.9997444800060752
1.6 0.004 7.070370083689022 0.9209369786255168 0.9996601224296082
1.5 0.004 8.279698499749397 0.9045945603689318 0.9994982163483404
1.4 0.004 9.703052727528284 0.8764549391779505 0.9991070009800904
1.3 0.004 11.331954662095715 0.8074288277324266 0.0
1.2 0.004 13.127701684612616 0.6674626504373762 0.0
1.1 0.004 15.024623400060408 0.5204683007709241 0.0
3.0 0.005656854249492381 1.76307954005289 0.9753675850439509 0.9999272388449666
2.9 0.005656854249492381 1.8612740293110903 0.9740908441209177 0.999921233511627
2.8 0.005656854249492381 1.971599807121413 0.9726779058915584 0.999914775183314
2.7 0.005656854249492381 2.099081172760396 0.9710998271182283 0.9999071002777916
2.6 0.005656854249492381 2.2478409032350504 0.9693288489971501 0.9998962120140584
2.5 0.005656854249492381 2.4227304723767027 0.9673267348229496 0.9998847816297844
2.4 0.005656854249492381 2.6302920993813133 0.9650432437142471 0.9998707182180238
2.3 0.005656854249492381 2.8789357138192293 0.9624174622407613 0.9998545444491367
2.2 0.005656854249492381 3.1777226843051047 0.9593603046134842 0.9998316796079925
2.1 0.005656854249492381 3.542639882239577 0.9557602961789354 0.9998087621898182
2.0 0.005656854249492381 3.989324984629251 0.9514498886779357 0.9997682605599096
1.9 0.005656854249492381 4.537752817964287 0.9461899116685656 0.9997166009502738
1.8 0.005656854249492381 5.211473457011025 0.9396098208459613 0.9996504071130905
1.7 0.005656854249492381 6.036883232073912 0.9310925896522977 0.999545744517897
1.6 0.005656854249492381 7.040223666997866 0.9194970862411489 0.9993714183545587
1.5 0.005656854249492381 8.245807510096922 0.9023348248458039 0.999028668332983
1.4 0.005656854249492381 9.665205083641569 0.8721947788375037 0.9980282768987492
1.3 0.005656854249492381 11.29093690697055 0.7991846068361548 0.0
1.2 0.005656854249492381 13.084010680659814 0.6616448354688498 0.0
1.1 0.005656854249492381 14.979289751180536 0.5165192936879643 0.0
3.0 0.008 1.7537547945667105 0.9752283981745706 0.9998756076137962
2.9 0.008 1.851347744635058 0.9739342993205768 0.9998635303614581
2.8 0.008 1.9608868668469346 0.9725038008831182 0.9998557513002688
2.7 0.008 2.0874721212878753 0.9709025000721847 0.9998376176312636
2.6 0.008 2.235190482433337 0.969103110094871 0.9998164768376732
2.5 0.008 2.4088554796524657 0.9670661004282219 0.9997995874389671
2.4 0.008 2.6149666438386268 0.9647404448946464 0.9997743189384201
2.3 0.008 2.861886886743566 0.9620588686110931 0.9997438338139011
2.2 0.008 3.1586185294681246 0.9589334937580638 0.9997039111197557
2.1 0.008 3.5210418131714274 0.9552401240110908 0.999654304459371
2.0 0.008 3.9647743618708606 0.950808959857947 0.9995880673380753
1.9 0.008 4.509714144752616 0.9453756291035164 0.9994992208814588
1.8 0.008 5.179479660389414 0.9385474131298395 0.9993650704751231
1.7 0.008 6.00013978866012 0.9296422898979939 0.9991585395530569
1.6 0.008 6.998552738900725 0.9173927895823513 0.9987988149348548
1.5 0.008 8.19853840806209 0.8989546429143932 0.9980059853495177
1.4 0.008 9.612579146727164 0.8658514756092665 0.9935228677769419
1.3 0.008 11.233629923814727 0.7881758909777171 0.0
1.2 0.008 13.023878004307722 0.6536896491264984 0.0
1.1 0.008 14.915156114092879 0.5110132940264275 0.0
3.0 0.011313708498984762 1.7408810830129833 0.9750307179547134 0.9997845375195761
2.9 0.011313708498984762 1.8373754136924327 0.9737159519007627 0.9997653853574962
2.8 0.011313708498984762 1.9458701249683965 0.9722545130012499 0.9997423320482104
2.7 0.011313708498984762 2.0712107694247357 0.9706216540302481 0.9997162377863813
2.6 0.011313708498984762 2.217482942257491 0.9687822685348413 0.999684891557951
2.5 0.011313708498984762 2.389506101788811 0.96669656651341 0.999648017286014
2.4 0.011313708498984762 2.5936036189399307 0.9643092236518624 0.9996020704499626
2.3 0.011313708498984762 2.8380592050759823 0.9615518606593051 0.9995450500049634
2.2 0.011313708498984762 3.1320035872959013 0.9583261678715236 0.9994735363376649
2.1 0.011313708498984762 3.490974518399242 0.9545016857219399 0.9993809510468681
2.0 0.011313708498984762 3.930615935511273 0.9498882660287169 0.9992551681158557
1.9 0.011313708498984762 4.470828699553183 0.9442029524721967 0.9990799947320799
1.8 0.011313708498984762 5.134994342549822 0.9369961296000392 0.9988178703038659
1.7 0.011313708498984762 5.949121059948334 0.9275014856891144 0.998393776918288
1.6 0.011313708498984762 6.940384812950429 0.9142407841920617 0.9975856010420812
1.5 0.011313708498984762 8.132949381984586 0.8938312994912825 0.995409072291292
1.4 0.011313708498984762 9.539869516407924 0.856351167013505 0.0
1.3 0.011313708498984762 11.154190281498183 0.7738113920580747 0.0
1.2 0.011313708498984762 12.939142701711338 0.6429215611838135 0.0
1.1 0.011313708498984762 14.827361630272817 0.5033731863224371 0.0
3.0 0.016 1.7234722721828535 0.9747380747092367 0.9996224569126456
2.9 0.016 1.8180005981811693 0.9733902639734867 0.9995881110335757
2.8 0.016 1.9249832617925218 0.9718888896914626 0.9995475006953958
2.7 0.016 2.0487364469168443 0.9702068943316755 0.9995000604872932
2.6 0.016 2.192939292679854 0.9683097234398834 0.9994423751976229
2.5 0.016 2.3626801234833756 0.96615191838612 0.9993736750297353
2.4 0.016 2.5639991699124227 0.963675386020812 0.9992895586638537
2.3 0.016 2.8051531930518485 0.960801619355702 0.9991837557493894
2.2 0.016 3.0951571426460807 0.9574284296917246 0.9990491936474241
2.1 0.016 3.449379836035562 0.9534052857453137 0.9988715512908708
2.0 0.016 3.8833947219846507 0.9485182996546899 0.9986267391825747
1.9 0.016 4.416972219687917 0.9424444483567165 0.9982869819746858
1.8 0.016 5.0734174190542305 0.934656735300504 0.9977326644225897
1.7 0.016 5.878914110048998 0.9242295950159579 0.9967839494471281
1.6 0.016 6.860631989358299 0.9093610015681872 0.9947562269906411
1.5 0.016 8.043003724837474 0.8858617787775849 0.9824609922431653
1.4 0.016 9.439371950443643 0.8423305700864506 0.0
1.3 0.016 11.044595697911667 0.7554278525258049 0.0
1.2 0.016 12.821831727488306 0.6285684823990962 0.0
1.1 0.016 14.70344462036855 0.4928264945701337 0.0
3.0 0.022627416997969524 1.699043585742734 0.9742885498945488 0.9993325589687527
2.9 0.022627416997969524 1.7913372438341737 0.9728890175717384 0.9992689452157003
2.8 0.022627416997969524 1.8963518235227652 0.9713285898057277 0.9991946719833877
2.7 0.022627416997969524 2.0177365769329763 0.9695788177561357 0.9991065750303324
2.6 0.022627416997969524 2.1592590650229555 0.967585366923117 0.9990007477841034
2.5 0.022627416997969524 2.3256589704716677 0.9653170705921761 0.9988717112250627
2.4 0.022627416997969524 2.523301389138623 0.9627021420346855 0.9987117814548072
2.3 0.022627416997969524 2.7598811194211184 0.9596534049170861 0.9985104936355202
2.2 0.022627416997969524 3.0445511354429695 0.9560454710313542 0.9982480291102634
2.1 0.022627416997969524 3.3923284332542507 0.9517114731218312 0.9978975267560449
2.0 0.022627416997969524 3.8187490610297057 0.9463906294325457 0.9973994128182248
1.9 0.022627416997969524 4.343223710541234 0.9396896766946836 0.9966587866695139
1.8 0.022627416997969524 4.989162075637323 0.9309559008043595 0.9954485815530358
1.7 0.022627416997969524 5.78268680715249 0.9190123246653011 0.9931406093695603
1.6 0.022627416997969524 6.751175708993056 0.9015336792114526 0.9867553766377155
1.5 0.022627416997969524 7.9192657388444285 0.8733120605038069 0.0
1.4 0.022627416997969524 9.30214837460229 0.8223276370486855 0.0
1.3 0.022627416997969524 10.89404559719417 0.7321475722005782 0.0
1.2 0.022627416997969524 12.65967314819852 0.6094888650152617 0.0
1.1 0.022627416997969524 14.53182163917889 0.4784257870661465 0.0
3.0 0.032 1.6650319544988654 0.9735683836842951 0.998804888560854
2.9 0.032 1.7552750982705223 0.9720871331731651 0.9986872184929113
2.8 0.032 1.8572597100621602 0.970427412539945 0.9985484872234598
2.7 0.032 1.9755309314706495 0.9685538488700609 0.9983810197627863
2.6 0.032 2.1133465365110076 0.9664240474127475 0.9981798086550069
2.5 0.032 2.2754620042665783 0.9639772881904694 0.997931367361394
2.4 0.032 2.4679078374743755 0.9611365395623593 0.9976203042379655
2.3 0.032 2.698472295344136 0.9577957310768883 0.9972206183731889
2.2 0.032 2.975902090385051 0.9538060983596592 0.9966899048558858
2.1 0.032 3.3149688745434305 0.948950918125826 0.9959577382867162
2.0 0.032 3.7310743232045533 0.9429035946903637 0.9948933320071748
1.9 0.032 4.243473174053761 0.9351461600758945 0.9932272826635561
1.8 0.032 4.875392794681281 0.9248074021251321 0.9902936154841635
1.7 0.032 5.652827572168335 0.9103247755977661 0.983796589164279
1.5 0.032 7.752357302920387 0.8538339936912895 0.0
1.4 0.032 9.115415402571523 0.7949771044711303 0.0
1.3 0.032 10.68935439055023 0.7026375193512078 0.0
1.2 0.032 12.43862465834628 0.5844589316801305 0.0
1.1 0.032 14.297070702059269 0.45900369377437167 0.0
3.0 0.04525483399593905 1.619198685164168 0.9723654634796457 0.9978297053850591
2.9 0.04525483399593905 1.7053490545116299 0.9707453660655775 0.9976033439863436
2.8 0.04525483399593905 1.8047661297956306 0.9689204251900212 0.9973346134781853
2.7 0.04525483399593905 1.9187557912215965 0.9668467273535628 0.9970108597410952
2.6 0.04525483399593905 2.0516878603825424 0.9644693809737948 0.9966137509789148
2.5 0.04525483399593905 2.2080897480700017 0.9617147587351986 0.9961187488677521
2.4 0.04525483399593905 2.3937286985011297 0.9584825447871856 0.9954880696537141
2.3 0.04525483399593905 2.6162720241272983 0.9546338668893688 0.9946601830438924
2.2 0.04525483399593905 2.884117950197525 0.9499700499571242 0.9935337294460711
2.1 0.04525483399593905 3.211697450598826 0.9441962667904678 0.991931051479198
2.0 0.04525483399593905 3.6142133751558694 0.9368609809901602 0.9895047212073761
1.9 0.04525483399593905 4.110429859792813 0.9272416666544179 0.9854773584255754
1.8 0.04525483399593905 4.723441280181475 0.9141397486512486 0.9776411179183939
1.7 0.04525483399593905 5.479314088783544 0.8954910779374332 0.9539736202461659
1.6 0.04525483399593905 6.405680504415896 0.8676913416904668 0.023194097138136575
1.5 0.04525483399593905 7.528722392643398 0.8247054170271526 0.0
1.4 0.04525483399593905 8.86528811227883 0.7585007710435413 0.0
1.3 0.04525483399593905 10.412606441893352 0.6649816921744112 0.0
1.2 0.04525483399593905 12.138311974889454 0.5519399828032389 0.0
1.1 0.04525483399593905 13.975383319051208 0.43325199065572373 0.0
3.0 0.064 1.558682489895675 0.9702653028084038 0.9959763391407859
2.9 0.064 1.640733894817004 0.9683967524937762 0.9955306464932934
2.8 0.064 1.7358451796011973 0.9662718123241856 0.994995147828853
2.7 0.064 1.8439597951654807 0.9638341957766808 0.9943416150225961
2.6 0.064 1.9706339161738964 0.9610067556404485 0.9935303292460272
2.5 0.064 2.1195222166747065 0.957686074609445 0.992501278362725
2.4 0.064 2.296298719671852 0.9537312792550048 0.9911628918976707
2.3 0.064 2.508289536789192 0.9489416885874538 0.989365700511968
2.2 0.064 2.763868149479029 0.9430270671393646 0.9868547307992102
2.1 0.064 3.076482401532751 0.935556944900497 0.9831611396576457
2.0 0.064 3.4610889786568757 0.9258777649503398 0.9773168205149219
1.9 0.064 3.93642727803168 0.9129781924977702 0.9669277238223141
1.8 0.064 4.5248544584512755 0.8952795952930581 0.9430932294401668
1.7 0.064 5.252420642230992 0.8703187984839602 0.3006042146511286
1.6 0.064 6.146924761439659 0.8343918469908422 0.0030714358232388494
1.5 0.064 7.234758377131003 0.7825229746097632 0.0
1.4 0.064 8.534844270851414 0.710093279518046 0.0
1.3 0.064 10.04499043941173 0.6170733102781161 0.0
1.2 0.064 11.736637243230758 0.5103706248174058 0.0
1.1 0.064 13.543433360265157 0.39948026976884154 0.0
3.0 0.0905096679918781 1.480607734259654 0.9664301065187351 0.9923548366608161
2.9 0.0905096679918781 1.5574610711361383 0.9640881822427212 0.9914437412565105
2.8 0.0905096679918781 1.6455478054245867 0.961391881531355 0.9903351959023747
2.7 0.0905096679918781 1.7478435675772845 0.9582530352019006 0.9889640804725441
2.6 0.0905096679918781 1.8663843837919887 0.9545554319781546 0.9872354426231218
2.5 0.0905096679918781 2.005826033099198 0.9501408320606568 0.9850053203847191
2.4 0.0905096679918781 2.171442658772292 0.9447892212980289 0.9820480644847269
2.3 0.0905096679918781 2.370198700696482 0.9381909934074333 0.9779922125631435
2.2 0.0905096679918781 2.6101721203821433 0.929904262726974 0.97218544453616
2.1 0.0905096679918781 2.903635661173127 0.9192965729943323 0.9633680217692786
2.0 0.0905096679918781 3.265748017300909 0.9054522135521008 0.9487015968711963
1.9 0.0905096679918781 3.714276964037082 0.887062398565406 0.9194155135769022
1.8 0.0905096679918781 4.271192670396302 0.8622790186521823 0.7984254389620113
1.7 0.0905096679918781 4.962222195088187 0.8285923913448432 0.2003903620549997
1.6 0.0905096679918781 5.81519562137205 0.7829789518268967 1.6358772586966128e-5
1.5 0.0905096679918781 6.856754660596605 0.7226710853634699 0.0
1.4 0.0905096679918781 8.107598134006361 0.6466784761188904 0.0
1.3 0.0905096679918781 9.567365619543072 0.5569652691970945 0.0
1.2 0.0905096679918781 11.211116715520717 0.45824949923679853 0.0
1.1 0.0905096679918781 12.973704570763616 0.35610472386663133 0.0
3.0 0.128 1.382941680033816 0.9591179156341253 0.9850468848601519
2.9 0.128 1.4534113789292538 0.9558330531029706 0.983116904040893
2.8 0.128 1.5341792198724995 0.9519931745851045 0.9807414883898806
2.7 0.128 1.6274981004305267 0.9474543781669087 0.9777669555650106
2.6 0.128 1.7366740824810631 0.9420269510305701 0.9739684259297765
2.5 0.128 1.8645751656652496 0.9354510574129616 0.9690007433578192
2.4 0.128 2.016518524877788 0.927377160032225 0.9623175904613315
2.3 0.128 2.198924851167725 0.9173300691991304 0.952991853135168
2.2 0.128 2.418817336284498 0.9046568354127591 0.9392985681961923
2.1 0.128 2.689762991585936 0.8884949074147726 0.9175496540181505
2.0 0.128 3.024099392883409 0.8676719552424689 0.8773658084316656
1.9 0.128 3.4394062769546996 0.8406823569930872 0.7688998896509941
1.8 0.128 3.957121295678515 0.8057507034977142 0.38954924217149667
1.7 0.128 4.602278436171863 0.761236778848204 0.10971992782172804
1.6 0.128 5.40247254664007 0.7063174012025331 0.0
1.5 0.128 6.384898767302488 0.6411653044714376 0.0
1.4 0.128 7.57117323825212 0.566423211853051 0.0
1.3 0.128 8.964709106790167 0.483286658924012 0.0
1.2 0.128 10.541537727718485 0.3938603121414103 0.0
1.1 0.128 12.240961049058917 0.3009311006759751 0.0
3.0 0.1810193359837562 1.2653259881488745 0.9446777378336026 0.9698900435573938
2.9 0.1810193359837562 1.328284036667219 0.9394785398520421 0.9657097140743702
2.8 0.1810193359837562 1.4004371223125034 0.9333330858833158 0.960524201702678
2.7 0.1810193359837562 1.4838014891905125 0.9259998008550979 0.9539800706737506
2.6 0.1810193359837562 1.5809779636640993 0.9171640129519907 0.9455510346045883
2.5 0.1810193359837562 1.6955862110251132 0.9064173626205586 0.9344187534209822
2.4 0.1810193359837562 1.8314829508828152 0.8932204905512159 0.919209861654184
2.3 0.1810193359837562 1.9947838102703148 0.8768811295788143 0.8974265889045638
2.2 0.1810193359837562 2.1942621912973466 0.8565219625744138 0.8638052336322612
2.1 0.1810193359837562 2.435185283498879 0.8309953066932525 0.8049798250583192
2.0 0.1810193359837562 2.7364154382769126 0.7991330309502983 0.6819682214902758
1.9 0.1810193359837562 3.1120443867586483 0.7598816764740619 0.44264526177545166
1.8 0.1810193359837562 3.5825323305062207 0.7130476409833734 0.19780669686530986
1.7 0.1810193359837562 4.1719888493849515 0.6596477269568096 0.007514256104050224
1.6 0.1810193359837562 4.907590441087742 0.6010397886997028 0.0
1.5 0.1810193359837562 5.816558672798299 0.5376763060968701 0.0
1.4 0.1810193359837562 6.921456862699466 0.469096548370172 0.0
1.3 0.1810193359837562 8.228761274430006 0.3948398044960436 0.0
1.2 0.1810193359837562 9.717957733725171 0.31511104372217286 0.0
1.1 0.1810193359837562 11.334071894660147 0.2304146223795428 0.0
3.0 0.256 1.1299895992199012 0.9156778762696554 0.9380730997814664
2.9 0.256 1.184531478726735 0.9066760546570575 0.9290146456280226
2.8 0.256 1.2470481044827677 0.8960157726101146 0.9177221115315091
2.7 0.256 1.3192706374166752 0.8833036312625995 0.9033760458692492
2.6 0.256 1.4034646636946053 0.8680379741805128 0.8847039572489672
2.5 0.256 1.5039198671843284 0.8496107020964789 0.8596163067076583
2.4 0.256 1.6207121239912676 0.8271917777926348 0.8242543919028211
2.3 0.256 1.762441824054384 0.7999212259189816 0.7714870803628007
2.2 0.256 1.9348677630437796 0.7668382663495564 0.6874964984447093
2.1 0.256 2.1460335134235056 0.727268446258301 0.5539426138663287
2.0 0.256 2.4096049010292595 0.6814122522785807 0.3756857277584922
1.9 0.256 2.739846902605159 0.6307688580250431 0.1921555763896504
1.8 0.256 3.155871843174142 0.5776739264580558 0.004222931342566129
1.7 0.256 3.6805486837150165 0.5238191561831906 0.0
1.6 0.256 4.340223424666012 0.46944648529816957 0.0
1.5 0.256 5.1618297801204465 0.41333308705562277 0.0
1.4 0.256 6.168409612508499 0.35372049935310285 0.0
1.3 0.256 7.370063931635466 0.2887424611714345 0.0
1.2 0.256 8.749330166096113 0.21663991878196687 0.0
1.1 0.256 10.257227477184333 0.13300021011785948 0.0
3.0 0.3620386719675124 0.9823752151159507 0.8578627168899762 0.8717129682980225
2.9 0.3620386719675124 1.027832134135214 0.8416402350440191 0.8523011843348693
2.8 0.3620386719675124 1.080152860918665 0.8225493853557767 0.8279285224009938
2.7 0.3620386719675124 1.1405838041094718 0.7999788911473769 0.7966303063477351
2.6 0.3620386719675124 1.2110423237753476 0.7732208516552661 0.7553619007480761
2.5 0.3620386719675124 1.2940200453520918 0.741510785142576 0.6994278290857997
2.4 0.3620386719675124 1.3939657412253044 0.7041911275423168 0.6222257077916006
2.3 0.3620386719675124 1.511913637902244 0.6609027713272371 0.5176050914493671
2.2 0.3620386719675124 1.656777813851505 0.6122115598997445 0.38626412320427594
2.1 0.3620386719675124 1.834666050552711 0.5598545499371488 0.23804264777005785
2.0 0.3620386719675124 2.057709829615572 0.5062793160235736 0.0630953856549018
1.9 0.3620386719675124 2.3387301136891536 0.4540091479426879 0.00036412080417503565
1.8 0.3620386719675124 2.6951044868207816 0.4044814668370286 0.0
1.7 0.3620386719675124 3.1481338946950306 0.35763739557496127 0.0
1.6 0.3620386719675124 3.722949424741096 0.3119428272274529 0.0
1.5 0.3620386719675124 4.441827225553701 0.26512290040385134 0.0
1.4 0.3620386719675124 5.335249020626632 0.2134133648296574 0.0
1.3 0.3620386719675124 6.417354909910259 0.1512085430315073 0.0
1.2 0.3620386719675124 7.665219613095746 0.00044191642058664905 0.0
1.1 0.3620386719675124 9.041653866150615 6.318544719483609e-5 0.0
3.0 0.512 0.8302910043045316 0.7456575014578166 0.7360406006235353
2.9 0.512 0.866515819613467 0.7166546288404315 0.6955993098945714
2.8 0.512 0.9087156547899491 0.6831766846596163 0.6452258443836532
2.7 0.512 0.9574373172316549 0.6446728262678731 0.5819963855941412
2.6 0.512 1.0142394039835203 0.6008239357768657 0.5028518544412264
2.5 0.512 1.0811590975127687 0.5517612714197331 0.40552052818122725
2.4 0.512 1.1619945195583075 0.4982302966129075 0.28834316782662267
2.3 0.512 1.2580286207236366 0.44194270990995266 0.14223718460584878
2.2 0.512 1.3750345199985572 0.3850763817430708 0.0006839598213732843
2.1 0.512 1.5188129692447316 0.3300068040190504 0.0002342412413592955
2.0 0.512 1.7007475159068668 0.27828417848653864 1.1266545281581505e-5
1.9 0.512 1.931384595031639 0.23086456763776347 0.0
1.8 0.512 2.226113674567868 0.1874499257496184 0.0
1.7 0.512 2.60429340946564 0.14543753500703982 0.0
1.6 0.512 3.086323730479297 0.09921673551252463 0.0
1.5 0.512 3.7015254449874417 0.0002934657462109926 0.0
1.4 0.512 4.472101392925756 0.00010025807935888604 0.0
1.3 0.512 5.4120282526231405 2.5629258662956778e-5 0.0
1.2 0.512 6.518577662694549 0.0 0.0
1.1 0.512 7.742162127202056 0.0 0.0
3.0 0.7240773439350248 0.6820818015834619 0.5395076501874205 0.4738804957006777
2.9 0.7240773439350248 0.7099970534147271 0.49211826437290984 0.39936904542426055
2.8 0.7240773439350248 0.7427676765661472 0.4397548918978789 0.3092532178697563
2.7 0.7240773439350248 0.7806033677211837 0.382672216930986 0.1946770260834843
2.6 0.7240773439350248 0.8247112564610202 0.3212907403344499 0.0020805105458463155
2.5 0.7240773439350248 0.8766772368612641 0.25598702983600613 0.0003634216746383262
2.4 0.7240773439350248 0.9397299173376956 0.1845636620050006 0.0001956879468176554
2.3 0.7240773439350248 1.0143830770615971 0.0010671244010372703 0.0001296897080970883
2.2 0.7240773439350248 1.1057468588741102 0.00039360527944306054 0.0
2.1 0.7240773439350248 1.2184138512295721 0.00021026737605593177 0.0
2.0 0.7240773439350248 1.3605659193841662 6.860347738771217e-5 0.0
1.9 0.7240773439350248 1.542825668167708 2.058914481306403e-5 0.0
1.8 0.7240773439350248 1.7777316819750753 0.0 0.0
1.7 0.7240773439350248 2.0823366347484353 0.0 0.0
1.6 0.7240773439350248 2.4747184414665506 0.0 0.0
1.5 0.7240773439350248 2.9822776266691426 0.0 0.0
1.4 0.7240773439350248 3.626559834634249 0.0 0.0
1.3 0.7240773439350248 4.422764224789872 0.0 0.0
1.2 0.7240773439350248 5.367592025854148 0.0 0.0
1.1 0.7240773439350248 6.432673501631013 0.0 0.0
