### 1:α 2:Δ 3:ρ0 4:ρf
3.0 0.001 0.9974855404497265 0.9999950797747774
3.0 0.0014142135623730952 0.9974783947494527 0.9999916528674307
3.0 0.002 0.9974680399829685 0.9999857779743919
3.0 0.0028284271247461905 0.997452546597463 0.9999757039411048
3.0 0.004 0.9974286376677538 0.9999583667077836
3.0 0.005656854249492381 0.9973906491040665 0.9999283646630017
3.0 0.008 0.9973287138849192 0.9998761593425434
3.0 0.011313708498984762 0.9972253076526476 0.9997846274085911
3.0 0.016 0.9970488139942204 0.9996226302681832
3.0 0.022627416997969524 0.9967410017657773 0.9993324647134134
3.0 0.032 0.996191836324333 0.9988045600775486
3.0 0.04525483399593905 0.995186300374694 0.9978239169310854
3.0 0.064 0.9932844124938773 0.9959488770997149
3.0 0.0905096679918781 0.9895231759697584 0.9922086410431953
3.0 0.128 0.98155605874678 0.9842238070796525
3.0 0.1810193359837562 0.9624062020183807 0.9648416949356339
3.0 0.256 0.0 0.0
3.0 0.3620386719675124 0.0 0.0
3.0 0.512 0.0 0.0
3.0 0.7240773439350248 0.0 0.0
2.9 0.001 0.9973521259884377 0.9999946725371994
2.9 0.0014142135623730952 0.9973441673572323 0.9999909568537293
2.9 0.002 0.9973326812564509 0.999984580494852
2.9 0.0028284271247461905 0.9973155527041015 0.9999736404415229
2.9 0.004 0.9972891890353012 0.9999547892457086
2.9 0.005656854249492381 0.9972473947823774 0.9999221331444208
2.9 0.008 0.9971793257356611 0.999865211628894
2.9 0.011313708498984762 0.9970656957080763 0.9997652042992835
2.9 0.016 0.9968715746973569 0.9995877366024173
2.9 0.022627416997969524 0.9965322996081876 0.9992687543141552
2.9 0.032 0.9959248105270437 0.9986857083011731
2.9 0.04525483399593905 0.9948061939240778 0.9975955817969979
2.9 0.064 0.9926718683694724 0.9954913322362229
2.9 0.0905096679918781 0.9883908131820741 0.9912305926429885
2.9 0.128 0.9790878432069652 0.9818873680169298
2.9 0.1810193359837562 0.9553682936577874 0.9577451743050841
2.9 0.256 0.0 0.0
2.9 0.3620386719675124 0.0 0.0
2.9 0.512 0.0 0.0
2.9 0.7240773439350248 0.0 0.0
2.8 0.001 0.9972037268015426 0.9999942148260532
2.8 0.0014142135623730952 0.9971948082703723 0.9999901546963982
2.8 0.002 0.9971819833775969 0.9999832052331592
2.8 0.0028284271247461905 0.9971629361005556 0.9999712761567664
2.8 0.004 0.9971336798504207 0.9999506709766244
2.8 0.005656854249492381 0.9970874129692839 0.9999149425141011
2.8 0.008 0.9970121462484001 0.9998525477543506
2.8 0.011313708498984762 0.9968865108747695 0.9997426662050751
2.8 0.016 0.9966716398824682 0.9995470826896504
2.8 0.022627416997969524 0.9962951559423756 0.9991941268327813
2.8 0.032 0.9956181703751419 0.998545465811142
2.8 0.04525483399593905 0.9943632208319408 0.9973233247558272
2.8 0.064 0.9919434208950626 0.9949371110074938
2.8 0.0905096679918781 0.9870036909522981 0.9900145475888331
2.8 0.128 0.975902534927879 0.9788301875688105
2.8 0.1810193359837562 0.0 0.0
2.8 0.256 0.0 0.0
2.8 0.3620386719675124 0.0 0.0
2.8 0.512 0.0 0.0
2.8 0.7240773439350248 0.0 0.0
2.7 0.001 0.9970376695150047 0.999993668441383
2.7 0.0014142135623730952 0.9970275995983242 0.9999892289440826
2.7 0.002 0.997013175584675 0.9999816123945902
2.7 0.0028284271247461905 0.9969918205558121 0.9999685159399465
2.7 0.004 0.9969591467511258 0.9999458886747079
2.7 0.005656854249492381 0.9969075727723069 0.9999065713112885
2.7 0.008 0.9968237710398151 0.9998377639038323
2.7 0.011313708498984762 0.9966838845864459 0.9997162603845753
2.7 0.016 0.9964443080721836 0.9994992280134669
2.7 0.022627416997969524 0.9960232757218999 0.9991057274153661
2.7 0.032 0.9952623320113568 0.9983778941378999
2.7 0.04525483399593905 0.9938403278661682 0.9969939008777815
2.7 0.064 0.991062632392185 0.9942533458018674
2.7 0.0905096679918781 0.9852634336133652 0.9884629321772551
2.7 0.128 0.0 0.0
2.7 0.1810193359837562 0.0 0.0
2.7 0.256 0.0 0.0
2.7 0.3620386719675124 0.0 0.0
2.7 0.512 0.0 0.0
2.7 0.7240773439350248 0.0 0.0
2.6 0.001 0.9968505957171124 0.9999930412966186
2.6 0.0014142135623730952 0.9968391295740893 0.999988148650097
2.6 0.002 0.9968227722376596 0.999979752328387
2.6 0.0028284271247461905 0.9967986459976724 0.9999652954215917
2.6 0.004 0.9967618509619588 0.9999402799754114
2.6 0.005656854249492381 0.9967039230074415 0.9998967450123172
2.6 0.008 0.9966098600863751 0.9998203243369936
2.6 0.011313708498984762 0.9964528458496882 0.9996849802625987
2.6 0.016 0.9961834650603182 0.9994422262486418
2.6 0.022627416997969524 0.9957083280240517 0.9989996435691484
2.6 0.032 0.994844293207453 0.9981746885082241
2.6 0.04525483399593905 0.9932135505411341 0.9965882182578538
2.6 0.064 0.9899755334224243 0.993390280322427
2.6 0.0905096679918781 0.0 0.0
2.6 0.128 0.0 0.0
2.6 0.1810193359837562 0.0 0.0
2.6 0.256 0.0 0.0
2.6 0.3620386719675124 0.0 0.0
2.6 0.512 0.0 0.0
2.6 0.7240773439350248 0.0 0.0
2.5 0.001 0.9966382371925377 0.9999923032399789
2.5 0.0014142135623730952 0.9966250547285311 0.9999868750956598
2.5 0.002 0.9966063293025709 0.999977555488577
2.5 0.0028284271247461905 0.9965788195241195 0.9999614900716924
2.5 0.004 0.9965369992617277 0.9999336293605151
2.5 0.005656854249492381 0.9964713003086612 0.9998850225774036
2.5 0.008 0.9963647893787841 0.9997995040012138
2.5 0.011313708498984762 0.996186890755829 0.9996474510430718
2.5 0.016 0.9958810009779893 0.999373385937522
2.5 0.022627416997969524 0.9953390338416463 0.9988703711313376
2.5 0.032 0.0 0.0
2.5 0.04525483399593905 0.0 0.0
2.5 0.064 0.0 0.0
2.5 0.0905096679918781 0.0 0.0
2.5 0.128 0.0 0.0
2.5 0.1810193359837562 0.0 0.0
2.5 0.256 0.0 0.0
2.5 0.3620386719675124 0.0 0.0
2.5 0.512 0.0 0.0
2.5 0.7240773439350248 0.0 0.0
2.4 0.001 0.0 0.0
2.4 0.0014142135623730952 0.0 0.0
2.4 0.002 0.0 0.0
2.4 0.0028284271247461905 0.0 0.0
2.4 0.004 0.0 0.0
2.4 0.005656854249492381 0.0 0.0
2.4 0.008 0.0 0.0
2.4 0.011313708498984762 0.0 0.0
2.4 0.016 0.0 0.0
2.4 0.022627416997969524 0.0 0.0
2.4 0.032 0.0 0.0
2.4 0.04525483399593905 0.0 0.0
2.4 0.064 0.0 0.0
2.4 0.0905096679918781 0.0 0.0
2.4 0.128 0.0 0.0
2.4 0.1810193359837562 0.0 0.0
2.4 0.256 0.0 0.0
2.4 0.3620386719675124 0.0 0.0
2.4 0.512 0.0 0.0
2.4 0.7240773439350248 0.0 0.0
2.3 0.001 0.0 0.0
2.3 0.0014142135623730952 0.0 0.0
2.3 0.002 0.0 0.0
2.3 0.0028284271247461905 0.0 0.0
2.3 0.004 0.0 0.0
2.3 0.005656854249492381 0.0 0.0
2.3 0.008 0.0 0.0
2.3 0.011313708498984762 0.0 0.0
2.3 0.016 0.0 0.0
2.3 0.022627416997969524 0.0 0.0
2.3 0.032 0.0 0.0
2.3 0.04525483399593905 0.0 0.0
2.3 0.064 0.0 0.0
2.3 0.0905096679918781 0.0 0.0
2.3 0.128 0.0 0.0
2.3 0.1810193359837562 0.0 0.0
2.3 0.256 0.0 0.0
2.3 0.3620386719675124 0.0 0.0
2.3 0.512 0.0 0.0
2.3 0.7240773439350248 0.0 0.0
2.2 0.001 0.0 0.0
2.2 0.0014142135623730952 0.0 0.0
2.2 0.002 0.0 0.0
2.2 0.0028284271247461905 0.0 0.0
2.2 0.004 0.0 0.0
2.2 0.005656854249492381 0.0 0.0
2.2 0.008 0.0 0.0
2.2 0.011313708498984762 0.0 0.0
2.2 0.016 0.0 0.0
2.2 0.022627416997969524 0.0 0.0
2.2 0.032 0.0 0.0
2.2 0.04525483399593905 0.0 0.0
2.2 0.064 0.0 0.0
2.2 0.0905096679918781 0.0 0.0
2.2 0.128 0.0 0.0
2.2 0.1810193359837562 0.0 0.0
2.2 0.256 0.0 0.0
2.2 0.3620386719675124 0.0 0.0
2.2 0.512 0.0 0.0
2.2 0.7240773439350248 0.0 0.0
2.1 0.001 0.0 0.0
2.1 0.0014142135623730952 0.0 0.0
2.1 0.002 0.0 0.0
2.1 0.0028284271247461905 0.0 0.0
2.1 0.004 0.0 0.0
2.1 0.005656854249492381 0.0 0.0
2.1 0.008 0.0 0.0
2.1 0.011313708498984762 0.0 0.0
2.1 0.016 0.0 0.0
2.1 0.022627416997969524 0.0 0.0
2.1 0.032 0.0 0.0
2.1 0.04525483399593905 0.0 0.0
2.1 0.064 0.0 0.0
2.1 0.0905096679918781 0.0 0.0
2.1 0.128 0.0 0.0
2.1 0.1810193359837562 0.0 0.0
2.1 0.256 0.0 0.0
2.1 0.3620386719675124 0.0 0.0
2.1 0.512 0.0 0.0
2.1 0.7240773439350248 0.0 0.0
2.0 0.001 0.0 0.0
2.0 0.0014142135623730952 0.0 0.0
2.0 0.002 0.0 0.0
2.0 0.0028284271247461905 0.0 0.0
2.0 0.004 0.0 0.0
2.0 0.005656854249492381 0.0 0.0
2.0 0.008 0.0 0.0
2.0 0.011313708498984762 0.0 0.0
2.0 0.016 0.0 0.0
2.0 0.022627416997969524 0.0 0.0
2.0 0.032 0.0 0.0
2.0 0.04525483399593905 0.0 0.0
2.0 0.064 0.0 0.0
2.0 0.0905096679918781 0.0 0.0
2.0 0.128 0.0 0.0
2.0 0.1810193359837562 0.0 0.0
2.0 0.256 0.0 0.0
2.0 0.3620386719675124 0.0 0.0
2.0 0.512 0.0 0.0
2.0 0.7240773439350248 0.0 0.0
1.9 0.001 0.0 0.0
1.9 0.0014142135623730952 0.0 0.0
1.9 0.002 0.0 0.0
1.9 0.0028284271247461905 0.0 0.0
1.9 0.004 0.0 0.0
1.9 0.005656854249492381 0.0 0.0
1.9 0.008 0.0 0.0
1.9 0.011313708498984762 0.0 0.0
1.9 0.016 0.0 0.0
1.9 0.022627416997969524 0.0 0.0
1.9 0.032 0.0 0.0
1.9 0.04525483399593905 0.0 0.0
1.9 0.064 0.0 0.0
1.9 0.0905096679918781 0.0 0.0
1.9 0.128 0.0 0.0
1.9 0.1810193359837562 0.0 0.0
1.9 0.256 0.0 0.0
1.9 0.3620386719675124 0.0 0.0
1.9 0.512 0.0 0.0
1.9 0.7240773439350248 0.0 0.0
1.8 0.001 0.0 0.0
1.8 0.0014142135623730952 0.0 0.0
1.8 0.002 0.0 0.0
1.8 0.0028284271247461905 0.0 0.0
1.8 0.004 0.0 0.0
1.8 0.005656854249492381 0.0 0.0
1.8 0.008 0.0 0.0
1.8 0.011313708498984762 0.0 0.0
1.8 0.016 0.0 0.0
1.8 0.022627416997969524 0.0 0.0
1.8 0.032 0.0 0.0
1.8 0.04525483399593905 0.0 0.0
1.8 0.064 0.0 0.0
1.8 0.0905096679918781 0.0 0.0
1.8 0.128 0.0 0.0
1.8 0.1810193359837562 0.0 0.0
1.8 0.256 0.0 0.0
1.8 0.3620386719675124 0.0 0.0
1.8 0.512 0.0 0.0
1.8 0.7240773439350248 0.0 0.0
1.7 0.001 0.0 0.0
1.7 0.0014142135623730952 0.0 0.0
1.7 0.002 0.0 0.0
1.7 0.0028284271247461905 0.0 0.0
1.7 0.004 0.0 0.0
1.7 0.005656854249492381 0.0 0.0
1.7 0.008 0.0 0.0
1.7 0.011313708498984762 0.0 0.0
1.7 0.016 0.0 0.0
1.7 0.022627416997969524 0.0 0.0
1.7 0.032 0.0 0.0
1.7 0.04525483399593905 0.0 0.0
1.7 0.064 0.0 0.0
1.7 0.0905096679918781 0.0 0.0
1.7 0.128 0.0 0.0
1.7 0.1810193359837562 0.0 0.0
1.7 0.256 0.0 0.0
1.7 0.3620386719675124 0.0 0.0
1.7 0.512 0.0 0.0
1.7 0.7240773439350248 0.0 0.0
1.6 0.001 0.0 0.0
1.6 0.0014142135623730952 0.0 0.0
1.6 0.002 0.0 0.0
1.6 0.0028284271247461905 0.0 0.0
1.6 0.004 0.0 0.0
1.6 0.005656854249492381 0.0 0.0
1.6 0.008 0.0 0.0
1.6 0.011313708498984762 0.0 0.0
1.6 0.016 0.0 0.0
1.6 0.022627416997969524 0.0 0.0
1.6 0.032 0.0 0.0
1.6 0.04525483399593905 0.0 0.0
1.6 0.064 0.0 0.0
1.6 0.0905096679918781 0.0 0.0
1.6 0.128 0.0 0.0
1.6 0.1810193359837562 0.0 0.0
1.6 0.256 0.0 0.0
1.6 0.3620386719675124 0.0 0.0
1.6 0.512 0.0 0.0
1.6 0.7240773439350248 0.0 0.0
1.5 0.001 0.0 0.0
1.5 0.0014142135623730952 0.0 0.0
1.5 0.002 0.0 0.0
1.5 0.0028284271247461905 0.0 0.0
1.5 0.004 0.0 0.0
1.5 0.005656854249492381 0.0 0.0
1.5 0.008 0.0 0.0
1.5 0.011313708498984762 0.0 0.0
1.5 0.016 0.0 0.0
1.5 0.022627416997969524 0.0 0.0
1.5 0.032 0.0 0.0
1.5 0.04525483399593905 0.0 0.0
1.5 0.064 0.0 0.0
1.5 0.0905096679918781 0.0 0.0
1.5 0.128 0.0 0.0
1.5 0.1810193359837562 0.0 0.0
1.5 0.256 0.0 0.0
1.5 0.3620386719675124 0.0 0.0
1.5 0.512 0.0 0.0
1.5 0.7240773439350248 0.0 0.0
1.4 0.001 0.0 0.0
1.4 0.0014142135623730952 0.0 0.0
1.4 0.002 0.0 0.0
1.4 0.0028284271247461905 0.0 0.0
1.4 0.004 0.0 0.0
1.4 0.005656854249492381 0.0 0.0
1.4 0.008 0.0 0.0
1.4 0.011313708498984762 0.0 0.0
1.4 0.016 0.0 0.0
1.4 0.022627416997969524 0.0 0.0
1.4 0.032 0.0 0.0
1.4 0.04525483399593905 0.0 0.0
1.4 0.064 0.0 0.0
1.4 0.0905096679918781 0.0 0.0
1.4 0.128 0.0 0.0
1.4 0.1810193359837562 0.0 0.0
1.4 0.256 0.0 0.0
1.4 0.3620386719675124 0.0 0.0
1.4 0.512 0.0 0.0
1.4 0.7240773439350248 0.0 0.0
1.3 0.001 0.0 0.0
1.3 0.0014142135623730952 0.0 0.0
1.3 0.002 0.0 0.0
1.3 0.0028284271247461905 0.0 0.0
1.3 0.004 0.0 0.0
1.3 0.005656854249492381 0.0 0.0
1.3 0.008 0.0 0.0
1.3 0.011313708498984762 0.0 0.0
1.3 0.016 0.0 0.0
1.3 0.022627416997969524 0.0 0.0
1.3 0.032 0.0 0.0
1.3 0.04525483399593905 0.0 0.0
1.3 0.064 0.0 0.0
1.3 0.0905096679918781 0.0 0.0
1.3 0.128 0.0 0.0
1.3 0.1810193359837562 0.0 0.0
1.3 0.256 0.0 0.0
1.3 0.3620386719675124 0.0 0.0
1.3 0.512 0.0 0.0
1.3 0.7240773439350248 0.0 0.0
1.2 0.001 0.0 0.0
1.2 0.0014142135623730952 0.0 0.0
1.2 0.002 0.0 0.0
1.2 0.0028284271247461905 0.0 0.0
1.2 0.004 0.0 0.0
1.2 0.005656854249492381 0.0 0.0
1.2 0.008 0.0 0.0
1.2 0.011313708498984762 0.0 0.0
1.2 0.016 0.0 0.0
1.2 0.022627416997969524 0.0 0.0
1.2 0.032 0.0 0.0
1.2 0.04525483399593905 0.0 0.0
1.2 0.064 0.0 0.0
1.2 0.0905096679918781 0.0 0.0
1.2 0.128 0.0 0.0
1.2 0.1810193359837562 0.0 0.0
1.2 0.256 0.0 0.0
1.2 0.3620386719675124 0.0 0.0
1.2 0.512 0.0 0.0
1.2 0.7240773439350248 0.0 0.0
1.1 0.001 0.0 0.0
1.1 0.0014142135623730952 0.0 0.0
1.1 0.002 0.0 0.0
1.1 0.0028284271247461905 0.0 0.0
1.1 0.004 0.0 0.0
1.1 0.005656854249492381 0.0 0.0
1.1 0.008 0.0 0.0
1.1 0.011313708498984762 0.0 0.0
1.1 0.016 0.0 0.0
1.1 0.022627416997969524 0.0 0.0
1.1 0.032 0.0 0.0
1.1 0.04525483399593905 0.0 0.0
1.1 0.064 0.0 0.0
1.1 0.0905096679918781 0.0 0.0
1.1 0.128 0.0 0.0
1.1 0.1810193359837562 0.0 0.0
1.1 0.256 0.0 0.0
1.1 0.3620386719675124 0.0 0.0
1.1 0.512 0.0 0.0
1.1 0.7240773439350248 0.0 0.0
