### 1:α 2:Δ 3:ρ0 4:ρf
3.0 0.001 0.8076559091721619 0.9999950797766097
3.0 0.0014142135623730952 0.8076009116329383 0.9999916528673998
3.0 0.002 0.8075229861507462 0.9999857779727389
3.0 0.0028284271247461905 0.8074125051428602 0.9999757039371173
3.0 0.004 0.8072557415416115 0.9999583666999017
3.0 0.005656854249492381 0.8070330703321401 0.9999283646492223
3.0 0.008 0.8067163083061323 0.9998761593138603
3.0 0.011313708498984762 0.8062646542262123 0.9997846273663071
3.0 0.016 0.8056181816091309 0.9996226301836069
3.0 0.022627416997969524 0.8046867735260361 0.9993324645826454
3.0 0.032 0.8033301109226497 0.9988045598390154
3.0 0.04525483399593905 0.8013195231209129 0.9978239165244519
3.0 0.064 0.7982615256926964 0.9959488763419766
3.0 0.0905096679918781 0.793435487426823 0.9922086395599237
3.0 0.128 0.7854210698829274 0.9842238038980455
3.0 0.1810193359837562 0.7711402668303691 0.9648416952642648
3.0 0.256 0.7429144717963069 0.8959069549334953
3.0 0.3620386719675124 0.6760007412671776 0.0
3.0 0.512 0.3979716135207767 0.0
3.0 0.7240773439350248 0.0 0.0
2.9 0.001 0.8000511469973598 0.9999946725383506
2.9 0.0014142135623730952 0.7999911503185178 0.9999909568533041
2.9 0.002 0.7999061245725942 0.9999845804925351
2.9 0.0028284271247461905 0.7997855404929182 0.9999736404364941
2.9 0.004 0.7996143641424498 0.9999547892360459
2.9 0.005656854249492381 0.7993710605115193 0.9999221331273578
2.9 0.008 0.7990246282071172 0.9998652116008964
2.9 0.011313708498984762 0.7985300583321022 0.9997652042459543
2.9 0.016 0.7978210637813978 0.9995877365119765
2.9 0.022627416997969524 0.7967977126538193 0.9992687541661478
2.9 0.032 0.7953040865605923 0.9986857080525746
2.9 0.04525483399593905 0.7930855610093924 0.997595581387863
2.9 0.064 0.7897026221608688 0.9954913314404503
2.9 0.0905096679918781 0.7843459604060342 0.9912305907781631
2.9 0.128 0.7754051712328859 0.9818873635956674
2.9 0.1810193359837562 0.7593311945981673 0.9577451742190823
2.9 0.256 0.7269844908696526 0.7901525813355543
2.9 0.3620386719675124 0.6466526635103765 0.0
2.9 0.512 0.0 0.0
2.9 0.7240773439350248 0.0 0.0
2.8 0.001 0.7918040191749763 0.9999942148276245
2.8 0.0014142135623730952 0.7917382135947952 0.9999901546963537
2.8 0.002 0.7916449377645371 0.9999832052316697
2.8 0.0028284271247461905 0.7915126151311684 0.9999712761522004
2.8 0.004 0.7913246944707458 0.9999506709674202
2.8 0.005656854249492381 0.7910574207949741 0.9999149424971469
2.8 0.008 0.7906765145724722 0.9998525477175576
2.8 0.011313708498984762 0.7901320656146994 0.9997426661556689
2.8 0.016 0.7893503404383838 0.9995470826017387
2.8 0.022627416997969524 0.7882198685874882 0.9991941266483353
2.8 0.032 0.7865662731771148 0.9985454655188084
2.8 0.04525483399593905 0.7841040062019665 0.9973233242005677
2.8 0.064 0.7803382501124985 0.9949371098612438
2.8 0.0905096679918781 0.7743518952526741 0.9900145452515532
2.8 0.128 0.7642993295949005 0.9788301822516305
2.8 0.1810193359837562 0.7460309288808362 0.9469860969446735
2.8 0.256 0.7084372791078836 0.0
2.8 0.3620386719675124 0.6090019309759334 0.0
2.8 0.512 0.0 0.0
2.8 0.7240773439350248 0.0 0.0
2.7 0.001 0.7828228784920441 0.9999936684439847
2.7 0.0014142135623730952 0.7827502540973471 0.9999892289452972
2.7 0.002 0.7826472939180157 0.9999816123918923
2.7 0.0028284271247461905 0.7825011922058628 0.9999685159352857
2.7 0.004 0.7822936162343903 0.9999458886649755
2.7 0.005656854249492381 0.7819982055988047 0.9999065712927409
2.7 0.008 0.781576827663046 0.9998377638679512
2.7 0.011313708498984762 0.7809737964474677 0.9997162603252671
2.7 0.016 0.7801065753605774 0.9994992279008386
2.7 0.022627416997969524 0.7788499702679875 0.9991057272338988
2.7 0.032 0.7770075112582074 0.9983778938109245
2.7 0.04525483399593905 0.7742563293534945 0.9969939002370074
2.7 0.064 0.7700341945229388 0.9942533446134185
2.7 0.0905096679918781 0.7632907582686514 0.9884629295609867
2.7 0.128 0.751883449902647 0.9746389628861543
2.7 0.1810193359837562 0.730876693026786 0.9274532827916622
2.7 0.256 0.6863969425157705 0.0
2.7 0.3620386719675124 0.5574958564873347 0.0
2.7 0.512 0.0 0.0
2.7 0.7240773439350248 0.0 0.0
2.6 0.001 0.772995376069698 0.9999930412996227
2.6 0.0014142135623730952 0.7729146528153327 0.9999881486515876
2.6 0.002 0.7728001900242795 0.9999797523270282
2.6 0.0028284271247461905 0.7726377216922057 0.9999652954163419
2.6 0.004 0.7724067977987552 0.9999402799640216
2.6 0.005656854249492381 0.7720779618857618 0.9998967449896932
2.6 0.008 0.7716084958682571 0.9998203243005062
2.6 0.011313708498984762 0.7709358227453847 0.9996849802072435
2.6 0.016 0.769966863000369 0.9994422261344993
2.6 0.022627416997969524 0.76855989213353 0.998999643363039
2.6 0.032 0.7664916200699101 0.9981746881389061
2.6 0.04525483399593905 0.763393450808653 0.9965882175681631
2.6 0.064 0.7586195561767253 0.9933902788508393
2.6 0.0905096679918781 0.7509515868469979 0.9864140462589854
2.6 0.128 0.7378627632005424 0.9684629193491403
2.6 0.1810193359837562 0.7133548079532438 0.0
2.6 0.256 0.6594662374545969 0.0
2.6 0.3620386719675124 0.4783089573531071 0.0
2.6 0.512 0.0 0.0
2.6 0.7240773439350248 0.0 0.0
2.5 0.001 0.7621813462548364 0.9999923032445995
2.5 0.0014142135623730952 0.762090870777548 0.9999868750961185
2.5 0.002 0.7619625562686986 0.9999775554862891
2.5 0.0028284271247461905 0.7617803772354971 0.9999614900652571
2.5 0.004 0.7615213328983086 0.9999336293471817
2.5 0.005656854249492381 0.7611522302104761 0.9998850225563146
2.5 0.008 0.76062481353586 0.9997995039567642
2.5 0.011313708498984762 0.7598681634531622 0.9996474509591429
2.5 0.016 0.758776381323415 0.9993733858030511
2.5 0.022627416997969524 0.7571875142004539 0.9988703708943757
2.5 0.032 0.7548451668753875 0.997923872499755
2.5 0.04525483399593905 0.7513236733212496 0.996077679552136
2.5 0.064 0.7458713587516501 0.9922684641153082
2.5 0.0905096679918781 0.7370527774006865 0.9835748051133713
2.5 0.128 0.7218286744797554 0.9580715031465763
2.5 0.1810193359837562 0.6927022894496415 0.0
2.5 0.256 0.6252106684365721 0.0
2.5 0.3620386719675124 0.31352169864828977 0.0
2.5 0.512 0.0 0.0
2.5 0.7240773439350248 0.0 0.0
2.4 0.001 0.7502021637381323 0.9999914201050303
2.4 0.0014142135623730952 0.7500997521560179 0.9999853560971705
2.4 0.002 0.749954482787155 0.9999749357325703
2.4 0.0028284271247461905 0.749748172937529 0.9999569245843318
2.4 0.004 0.7494546937144648 0.9999256424675467
2.4 0.005656854249492381 0.7490362696847219 0.999870915274893
2.4 0.008 0.7484378354866363 0.9997742988452366
2.4 0.011313708498984762 0.7475781906112299 0.999601747592989
2.4 0.016 0.7463355564245329 0.999288881496277
2.4 0.022627416997969524 0.7445227448628191 0.9987099204439764
2.4 0.032 0.7418416521021104 0.9976075160154296
2.4 0.04525483399593905 0.7377937572187756 0.995417317961245
2.4 0.064 0.7314898527985733 0.9907516162224134
2.4 0.0905096679918781 0.7212051880064966 0.9793360863233291
2.4 0.128 0.7031897204079313 0.9321843295936654
2.4 0.1810193359837562 0.6677123143838211 0.0
2.4 0.256 0.5787918901908854 0.0
2.4 0.3620386719675124 0.0 0.0
2.4 0.512 0.0 0.0
2.4 0.7240773439350248 0.0 0.0
2.3 0.001 0.7368241715493353 0.9999903543242642
2.3 0.0014142135623730952 0.7367068602412429 0.999983519794912
2.3 0.002 0.7365404213568544 0.9999717505270103
2.3 0.0028284271247461905 0.7363039778207108 0.9999513805787184
2.3 0.004 0.735967483522185 0.9999159328842507
2.3 0.005656854249492381 0.735487418204932 0.9998536493329186
2.3 0.008 0.734800166397164 0.9997432806047514
2.3 0.011313708498984762 0.7338115679762732 0.9995450945510498
2.3 0.016 0.7323797199052453 0.999183094246606
2.3 0.022627416997969524 0.7302851927099152 0.9985062424377894
2.3 0.032 0.7271759580518394 0.9971974735277325
2.3 0.04525483399593905 0.722457787474226 0.9945317478381279
2.3 0.064 0.715056793418577 0.9885807066643304
2.3 0.0905096679918781 0.7028470506050164 0.9720836202640062
2.3 0.128 0.6810403082504892 0.0
2.3 0.1810193359837562 0.6363034392057918 0.0
2.3 0.256 0.5081933929699118 0.0
2.3 0.3620386719675124 0.0 0.0
2.3 0.512 0.0 0.0
2.3 0.7240773439350248 0.0 0.0
2.2 0.001 0.7217316280293972 0.9999890481806075
2.2 0.0014142135623730952 0.7215952591150292 0.9999812647005857
2.2 0.002 0.721401737387764 0.9999678352693376
2.2 0.0028284271247461905 0.7211267278053036 0.9999445350324656
2.2 0.004 0.7207351561766915 0.9999038382828906
2.2 0.005656854249492381 0.7201761100514494 0.9998321256878498
2.2 0.008 0.719374942723797 0.9997043508678005
2.2 0.011313708498984762 0.7182206969348803 0.9994733450835734
2.2 0.016 0.7165452209838467 0.9990474311154398
2.2 0.022627416997969524 0.714086597866194 0.9982402693908916
2.2 0.032 0.7104207287447435 0.9966467634512723
2.2 0.04525483399593905 0.7048228962896231 0.9932828589345553
2.2 0.064 0.6959602358467167 0.9851766272998356
2.2 0.0905096679918781 0.681120095909929 0.9535353863107843
2.2 0.128 0.653885105953527 0.0
2.2 0.1810193359837562 0.5943957816302597 0.0
2.2 0.256 0.36387544412877976 0.0
2.2 0.3620386719675124 0.0 0.0
2.2 0.512 0.0 0.0
2.2 0.7240773439350248 0.0 0.0
2.1 0.001 0.7044799209529528 0.9999874180867628
2.1 0.0014142135623730952 0.7043184111676861 0.9999784426728048
2.1 0.002 0.7040891481627108 0.9999629212464234
2.1 0.0028284271247461905 0.703763217094344 0.9999359108468089
2.1 0.004 0.7032988738405367 0.99988855187839
2.1 0.005656854249492381 0.7026353684134431 0.9998046913402067
2.1 0.008 0.7016833190655849 0.9996543039224071
2.1 0.011313708498984762 0.7003092054290352 0.9993800273028686
2.1 0.016 0.6983093043040207 0.9988680657850251
2.1 0.022627416997969524 0.6953634016682924 0.9978798816084982
2.1 0.032 0.6909466992821872 0.9958700699400493
2.1 0.04525483399593905 0.6841474112938215 0.9913814326473712
2.1 0.064 0.673247327630703 0.9787695725868308
2.1 0.0905096679918781 0.6546090533912604 0.0
2.1 0.128 0.6189741872119358 0.0
2.1 0.1810193359837562 0.5320901626173086 0.0
2.1 0.256 0.0 0.0
2.1 0.3620386719675124 0.0 0.0
2.1 0.512 0.0 0.0
2.1 0.7240773439350248 0.0 0.0
2.0 0.001 0.6844086103150875 0.9999853387763897
2.0 0.0014142135623730952 0.6842125534200348 0.9999748384603395
2.0 0.002 0.683934154883786 0.9999566091831378
2.0 0.0028284271247461905 0.6835381686401846 0.9999247769552617
2.0 0.004 0.682973605364937 0.9998686905133589
2.0 0.005656854249492381 0.6821660312256342 0.9997687480737054
2.0 0.008 0.6810054494460712 0.9995879978994349
2.0 0.011313708498984762 0.6793265172804092 0.999254463063646
2.0 0.016 0.6768747601562615 0.9986212234609114
2.0 0.022627416997969524 0.6732453833803205 0.9973661500615432
2.0 0.032 0.6677639086803809 0.9946919822347898
2.0 0.04525483399593905 0.6592306176013217 0.9880634818750493
2.0 0.064 0.6453025352974042 0.0
2.0 0.0905096679918781 0.6207117768068271 0.0
2.0 0.128 0.5703212382401961 0.0
2.0 0.1810193359837562 0.41111075157297 0.0
2.0 0.256 0.0 0.0
2.0 0.3620386719675124 0.0 0.0
2.0 0.512 0.0 0.0
2.0 0.7240773439350248 0.0 0.0
1.9 0.001 0.6604640083345419 0.9999826145690114
1.9 0.0014142135623730952 0.660217735777171 0.999970083652806
1.9 0.002 0.6598678577027318 0.999948261064675
1.9 0.0028284271247461905 0.6593698520295479 0.9999099602462325
1.9 0.004 0.6586591142010807 0.9998420392563585
1.9 0.005656854249492381 0.6576409460584681 0.9997199783304963
1.9 0.008 0.6561745621177095 0.9994966517469644
1.9 0.011313708498984762 0.6540465376217064 0.9990776919983364
1.9 0.016 0.650924416851992 0.9982621118621493
1.9 0.022627416997969524 0.6462702836038776 0.996576503902871
1.9 0.032 0.6391657978532583 0.992668642680079
1.9 0.04525483399593905 0.6279176405802057 0.0
1.9 0.064 0.6090242237084096 0.0
1.9 0.0905096679918781 0.573754489171842 0.0
1.9 0.128 0.4900384292243867 0.0
1.9 0.1810193359837562 0.0 0.0
1.9 0.256 0.0 0.0
1.9 0.3620386719675124 0.0 0.0
1.9 0.512 0.0 0.0
1.9 0.7240773439350248 0.0 0.0
1.8 0.001 0.6307881201983088 0.9999789236381504
1.8 0.0014142135623730952 0.6304625197469071 0.9999636148315276
1.8 0.002 0.629999589039336 0.9999368162842941
1.8 0.0028284271247461905 0.6293399439609668 0.9998894709602397
1.8 0.004 0.6283970305613007 0.9998047447087186
1.8 0.005656854249492381 0.6270431671168767 0.9996506608749467
1.8 0.008 0.6250867904798333 0.9993639502416645
1.8 0.011313708498984762 0.6222336806532895 0.9988124087723798
1.8 0.016 0.6180168602463032 0.9976940645228158
1.8 0.022627416997969524 0.6116599741986066 0.995196768273868
1.8 0.032 0.6017833211456989 0.0
1.8 0.04525483399593905 0.5856790761878605 0.0
1.8 0.064 0.5571168227732666 0.0
1.8 0.0905096679918781 0.4966839240444896 0.0
1.8 0.128 0.19962926234478906 0.0
1.8 0.1810193359837562 0.0 0.0
1.8 0.256 0.0 0.0
1.8 0.3620386719675124 0.0 0.0
1.8 0.512 0.0 0.0
1.8 0.7240773439350248 0.0 0.0
1.7 0.001 0.5915691253090221 0.0
1.7 0.0014142135623730952 0.5910998407484304 0.0
1.7 0.002 0.5904316841496375 0.0
1.7 0.0028284271247461905 0.5894776880325722 0.0
1.7 0.004 0.5881100589870142 0.0
1.7 0.005656854249492381 0.5861380787937722 0.0
1.7 0.008 0.5832708149503907 0.0
1.7 0.011313708498984762 0.5790505671540682 0.0
1.7 0.016 0.5727249594856488 0.0
1.7 0.022627416997969524 0.5629759225545711 0.0
1.7 0.032 0.5472620363858409 0.0
1.7 0.04525483399593905 0.5198574994586083 0.0
1.7 0.064 0.4633519926071631 0.0
1.7 0.0905096679918781 0.0 0.0
1.7 0.128 0.0 0.0
1.7 0.1810193359837562 0.0 0.0
1.7 0.256 0.0 0.0
1.7 0.3620386719675124 0.0 0.0
1.7 0.512 0.0 0.0
1.7 0.7240773439350248 0.0 0.0
1.6 0.001 0.5326087242844257 0.0
1.6 0.0014142135623730952 0.5317974023513021 0.0
1.6 0.002 0.5306382045169623 0.0
1.6 0.0028284271247461905 0.5289747030938674 0.0
1.6 0.004 0.526572351350848 0.9996604817049494
1.6 0.005656854249492381 0.5230707389791136 0.0
1.6 0.008 0.5178962725425904 0.0
1.6 0.011313708498984762 0.510088140148768 0.0
1.6 0.016 0.4979085645885497 0.0
1.6 0.022627416997969524 0.4778075311798995 0.0
1.6 0.032 0.4407730106051463 0.0
1.6 0.04525483399593905 0.34786463100829695 0.0
1.6 0.064 0.0 0.0
1.6 0.0905096679918781 0.0 0.0
1.6 0.128 0.0 0.0
1.6 0.1810193359837562 0.0 0.0
1.6 0.256 0.0 0.0
1.6 0.3620386719675124 0.0 0.0
1.6 0.512 0.0 0.0
1.6 0.7240773439350248 0.0 0.0
1.5 0.001 0.3985272899300595 0.0
1.5 0.0014142135623730952 0.3955735738456646 0.0
1.5 0.002 0.3912400021372757 0.9998518749678116
1.5 0.0028284271247461905 0.3847672413894264 0.0
1.5 0.004 0.37481740075124476 0.0
1.5 0.005656854249492381 0.3587420323936731 0.0
1.5 0.008 0.330054395712616 0.0
1.5 0.011313708498984762 0.26168851329099296 0.0
1.5 0.016 0.0 0.0
1.5 0.022627416997969524 0.0 0.0
1.5 0.032 0.0 0.0
1.5 0.04525483399593905 0.0 0.0
1.5 0.064 0.0 0.0
1.5 0.0905096679918781 0.0 0.0
1.5 0.128 0.0 0.0
1.5 0.1810193359837562 0.0 0.0
1.5 0.256 0.0 0.0
1.5 0.3620386719675124 0.0 0.0
1.5 0.512 0.0 0.0
1.5 0.7240773439350248 0.0 0.0
1.4 0.001 0.0 0.0
1.4 0.0014142135623730952 0.0 0.0
1.4 0.002 0.0 0.0
1.4 0.0028284271247461905 0.0 0.0
1.4 0.004 0.0 0.0
1.4 0.005656854249492381 0.0 0.0
1.4 0.008 0.0 0.0
1.4 0.011313708498984762 0.0 0.0
1.4 0.016 0.0 0.0
1.4 0.022627416997969524 0.0 0.0
1.4 0.032 0.0 0.0
1.4 0.04525483399593905 0.0 0.0
1.4 0.064 0.0 0.0
1.4 0.0905096679918781 0.0 0.0
1.4 0.128 0.0 0.0
1.4 0.1810193359837562 0.0 0.0
1.4 0.256 0.0 0.0
1.4 0.3620386719675124 0.0 0.0
1.4 0.512 0.0 0.0
1.4 0.7240773439350248 0.0 0.0
1.3 0.001 0.0 0.0
1.3 0.0014142135623730952 0.0 0.0
1.3 0.002 0.0 0.0
1.3 0.0028284271247461905 0.0 0.0
1.3 0.004 0.0 0.0
1.3 0.005656854249492381 0.0 0.0
1.3 0.008 0.0 0.0
1.3 0.011313708498984762 0.0 0.0
1.3 0.016 0.0 0.0
1.3 0.022627416997969524 0.0 0.0
1.3 0.032 0.0 0.0
1.3 0.04525483399593905 0.0 0.0
1.3 0.064 0.0 0.0
1.3 0.0905096679918781 0.0 0.0
1.3 0.128 0.0 0.0
1.3 0.1810193359837562 0.0 0.0
1.3 0.256 0.0 0.0
1.3 0.3620386719675124 0.0 0.0
1.3 0.512 0.0 0.0
1.3 0.7240773439350248 0.0 0.0
1.2 0.001 0.0 0.0
1.2 0.0014142135623730952 0.0 0.0
1.2 0.002 0.0 0.0
1.2 0.0028284271247461905 0.0 0.0
1.2 0.004 0.0 0.0
1.2 0.005656854249492381 0.0 0.0
1.2 0.008 0.0 0.0
1.2 0.011313708498984762 0.0 0.0
1.2 0.016 0.0 0.0
1.2 0.022627416997969524 0.0 0.0
1.2 0.032 0.0 0.0
1.2 0.04525483399593905 0.0 0.0
1.2 0.064 0.0 0.0
1.2 0.0905096679918781 0.0 0.0
1.2 0.128 0.0 0.0
1.2 0.1810193359837562 0.0 0.0
1.2 0.256 0.0 0.0
1.2 0.3620386719675124 0.0 0.0
1.2 0.512 0.0 0.0
1.2 0.7240773439350248 0.0 0.0
1.1 0.001 0.0 0.0
1.1 0.0014142135623730952 0.0 0.0
1.1 0.002 0.0 0.0
1.1 0.0028284271247461905 0.0 0.0
1.1 0.004 0.0 0.0
1.1 0.005656854249492381 0.0 0.0
1.1 0.008 0.0 0.0
1.1 0.011313708498984762 0.0 0.0
1.1 0.016 0.0 0.0
1.1 0.022627416997969524 0.0 0.0
1.1 0.032 0.0 0.0
1.1 0.04525483399593905 0.0 0.0
1.1 0.064 0.0 0.0
1.1 0.0905096679918781 0.0 0.0
1.1 0.128 0.0 0.0
1.1 0.1810193359837562 0.0 0.0
1.1 0.256 0.0 0.0
1.1 0.3620386719675124 0.0 0.0
1.1 0.512 0.0 0.0
1.1 0.7240773439350248 0.0 0.0
