### 1:α 2:Δ 3:ρ0 4:ρf
3.0 0.001 0.9756716503580201 0.9999950797761281
3.0 0.0014142135623730952 0.9756394049434823 0.9999916528669153
3.0 0.002 0.9755971587112959 0.9999857779720951
3.0 0.0028284271247461905 0.975541566868859 0.9999757039364632
3.0 0.004 0.9754676298397127 0.9999583666960421
3.0 0.005656854249492381 0.9753675787516529 0.9999283646449719
3.0 0.008 0.9752289207094789 0.9998761593105925
3.0 0.011313708498984762 0.9750309294456272 0.9997846273589077
3.0 0.016 0.9747381695469561 0.9996226301736859
3.0 0.022627416997969524 0.9742881816245346 0.9993324644760894
3.0 0.032 0.9735671824942393 0.998804560032384
3.0 0.04525483399593905 0.9723598176677513 0.9978239169499503
3.0 0.064 0.9702385837623878 0.9959488770671217
3.0 0.0905096679918781 0.9662982089860439 0.9922086410756834
3.0 0.128 0.9584276842549098 0.984223807128308
3.0 0.1810193359837562 0.9408205166362953 0.964841694940052
3.0 0.256 0.8903600312334183 0.89590695476838
3.0 0.3620386719675124 0.0 0.0
3.0 0.512 0.0 0.0
3.0 0.7240773439350248 0.0 0.0
2.9 0.001 0.974432489671293 0.9999946725380398
2.9 0.0014142135623730952 0.9743965574827038 0.9999909568529595
2.9 0.002 0.9743493670570793 0.9999845804921597
2.9 0.0028284271247461905 0.9742871747746882 0.9999736404362725
2.9 0.004 0.9742044101451754 0.999954789236373
2.9 0.005656854249492381 0.9740924430528964 0.9999221331239718
2.9 0.008 0.9739374187730807 0.9998652115923781
2.9 0.011313708498984762 0.9737163586315638 0.9997652042411709
2.9 0.016 0.9733899388011766 0.9995877364894443
2.9 0.022627416997969524 0.9728886721411738 0.9992687540414849
2.9 0.032 0.9720854072250285 0.9986857083006198
2.9 0.04525483399593905 0.9707377619235131 0.9975955818339433
2.9 0.064 0.9683591499261679 0.9954913322434986
2.9 0.0905096679918781 0.9639004218648115 0.9912305925647723
2.9 0.128 0.9548373291016109 0.9818873680159925
2.9 0.1810193359837562 0.9337706907416774 0.9577451744277579
2.9 0.256 0.0 0.0
2.9 0.3620386719675124 0.0 0.0
2.9 0.512 0.0 0.0
2.9 0.7240773439350248 0.0 0.0
2.8 0.001 0.9730605951925346 0.9999942148275283
2.8 0.0014142135623730952 0.973020358692744 0.9999901546952388
2.8 0.002 0.972967368165297 0.9999832052302475
2.8 0.0028284271247461905 0.9728974012199815 0.9999712761505466
2.8 0.004 0.9728042053708783 0.9999506709655963
2.8 0.005656854249492381 0.9726781255431545 0.999914942495912
2.8 0.008 0.9725036875267055 0.9998525477195126
2.8 0.011313708498984762 0.9722552350519318 0.9997426661420507
2.8 0.016 0.9718888078415475 0.9995470825904942
2.8 0.022627416997969524 0.9713264981854492 0.9991941265011712
2.8 0.032 0.9704250040090755 0.9985454658202746
2.8 0.04525483399593905 0.968908863275793 0.9973233247407116
2.8 0.064 0.9662176971020385 0.9949371109253706
2.8 0.0905096679918781 0.9611166482170801 0.9900145474003192
2.8 0.128 0.9505161538744078 0.9788301876359
2.8 0.1810193359837562 0.9245467307284405 0.9469860967394923
2.8 0.256 0.0 0.0
2.8 0.3620386719675124 0.0 0.0
2.8 0.512 0.0 0.0
2.8 0.7240773439350248 0.0 0.0
2.7 0.001 0.971533406964469 0.9999936684435473
2.7 0.0014142135623730952 0.9714881087125238 0.9999892289446335
2.7 0.002 0.9714282617984651 0.9999816123924717
2.7 0.0028284271247461905 0.9713490623161639 0.9999685159344309
2.7 0.004 0.9712434335356472 0.999945888660682
2.7 0.005656854249492381 0.9711004854093259 0.999906571287853
2.7 0.008 0.9709027966811901 0.9998377638646851
2.7 0.011313708498984762 0.9706214874330723 0.999716260318229
2.7 0.016 0.9702070003455959 0.9994992278762616
2.7 0.022627416997969524 0.9695712010475199 0.9991057270239202
2.7 0.032 0.9685509821487421 0.9983778941150231
2.7 0.04525483399593905 0.9668296929239905 0.9969939008013426
2.7 0.064 0.9637528251561505 0.994253345789869
2.7 0.0905096679918781 0.9578389511208998 0.9884629321842702
2.7 0.128 0.9451902733020453 0.9746389696554545
2.7 0.1810193359837562 0.9117139599359768 0.9274532828681027
2.7 0.256 0.0 0.0
2.7 0.3620386719675124 0.0 0.0
2.7 0.512 0.0 0.0
2.7 0.7240773439350248 0.0 0.0
2.6 0.001 0.9698229167253773 0.9999930412994016
2.6 0.0014142135623730952 0.969771617702089 0.9999881486512835
2.6 0.002 0.9697035965969789 0.9999797523251702
2.6 0.0028284271247461905 0.9696133341338622 0.9999652954139732
2.6 0.004 0.9694927432949245 0.9999402799612249
2.6 0.005656854249492381 0.9693294273049069 0.9998967449872035
2.6 0.008 0.9691035912096486 0.9998203242933112
2.6 0.011313708498984762 0.9687824213713917 0.9996849801948764
2.6 0.016 0.9683095048964492 0.999442226102671
2.6 0.022627416997969524 0.9675840915849258 0.9989996431797645
2.6 0.032 0.9664183618936226 0.99817468849469
2.6 0.04525483399593905 0.9644433250308369 0.9965882183039654
2.6 0.064 0.9608813112830187 0.9933902804052959
2.6 0.0905096679918781 0.9539117731315143 0.9864140494606892
2.6 0.128 0.9384113240487888 0.9684629293906475
2.6 0.1810193359837562 0.0 0.0
2.6 0.256 0.0 0.0
2.6 0.3620386719675124 0.0 0.0
2.6 0.512 0.0 0.0
2.6 0.7240773439350248 0.0 0.0
2.5 0.001 0.9678938987145445 0.9999923032446029
2.5 0.0014142135623730952 0.967835420395428 0.9999868750951273
2.5 0.002 0.9677575605534079 0.9999775554850576
2.5 0.0028284271247461905 0.967653906796395 0.9999614900638227
2.5 0.004 0.9675151164758051 0.9999336293460049
2.5 0.005656854249492381 0.9673269246333189 0.9998850225513447
2.5 0.008 0.9670665980711046 0.9997995039538705
2.5 0.011313708498984762 0.9666964464592795 0.9996474509542028
2.5 0.016 0.9661515167131693 0.9993733857920066
2.5 0.022627416997969524 0.9653152110971659 0.9988703706376459
2.5 0.032 0.9639682323035264 0.9979238728904207
2.5 0.04525483399593905 0.9616734371031701 0.9960776804043687
2.5 0.064 0.9574868931099747 0.9922684658618313
2.5 0.0905096679918781 0.9491000923669718 0.9835748095969379
2.5 0.128 0.0 0.0
2.5 0.1810193359837562 0.0 0.0
2.5 0.256 0.0 0.0
2.5 0.3620386719675124 0.0 0.0
2.5 0.512 0.0 0.0
2.5 0.7240773439350248 0.0 0.0
2.4 0.001 0.9657013918968849 0.9999914201047495
2.4 0.0014142135623730952 0.9656342338676311 0.999985356096718
2.4 0.002 0.9655444024252204 0.9999749357307022
2.4 0.0028284271247461905 0.9654243526393707 0.9999569245817779
2.4 0.004 0.9652631535705936 0.9999256424646531
2.4 0.005656854249492381 0.9650441846115252 0.9998709152671417
2.4 0.008 0.9647410094852151 0.9997742988403464
2.4 0.011313708498984762 0.9643097784642627 0.9996017475857092
2.4 0.016 0.9636746889758818 0.9992888814571137
2.4 0.022627416997969524 0.9626987997025801 0.9987099201567771
2.4 0.032 0.961121717988118 0.997607516507456
2.4 0.04525483399593905 0.9584148717520005 0.9954173190715399
2.4 0.064 0.9534008784254515 0.990751618608484
2.4 0.0905096679918781 0.9430256043787428 0.9793360930272064
2.4 0.128 0.0 0.0
2.4 0.1810193359837562 0.0 0.0
2.4 0.256 0.0 0.0
2.4 0.3620386719675124 0.0 0.0
2.4 0.512 0.0 0.0
2.4 0.7240773439350248 0.0 0.0
2.3 0.001 0.9631870265990872 0.9999903543237092
2.3 0.0014142135623730952 0.963109245024701 0.9999835197942188
2.3 0.002 0.9630046624462083 0.9999717505262087
2.3 0.0028284271247461905 0.9628642719525202 0.9999513805780106
2.3 0.004 0.9626750943615833 0.9999159328844908
2.3 0.005656854249492381 0.9624174774866241 0.9998536493297925
2.3 0.008 0.9620602199259646 0.9997432806075632
2.3 0.011313708498984762 0.9615515205947229 0.9995450945431725
2.3 0.016 0.960801466115426 0.9991830942425086
2.3 0.022627416997969524 0.9596463127354438 0.998506242274074
2.3 0.032 0.9577703752474026 0.9971974741359687
2.3 0.04525483399593905 0.9545177706595163 0.9945317492479078
2.3 0.064 0.948366176007982 0.9885807100296018
2.3 0.0905096679918781 0.0 0.0
2.3 0.128 0.0 0.0
2.3 0.1810193359837562 0.0 0.0
2.3 0.256 0.0 0.0
2.3 0.3620386719675124 0.0 0.0
2.3 0.512 0.0 0.0
2.3 0.7240773439350248 0.0 0.0
2.2 0.001 0.9602735036742782 0.9999890481806932
2.2 0.0014142135623730952 0.960182527794305 0.9999812647008657
2.2 0.002 0.960059497629332 0.9999678352683574
2.2 0.0028284271247461905 0.9598934804264355 0.9999445350315299
2.2 0.004 0.9596687974069102 0.9999038382788603
2.2 0.005656854249492381 0.9593618015314982 0.9998321256853524
2.2 0.008 0.9589350067430884 0.9997043508615202
2.2 0.011313708498984762 0.9583260736843797 0.9994733450807285
2.2 0.016 0.95742620994969 0.9990474311029811
2.2 0.022627416997969524 0.9560352146182756 0.9982402694915249
2.2 0.032 0.9537601545922822 0.9966467642460759
2.2 0.04525483399593905 0.9497591837546802 0.9932828607700346
2.2 0.064 0.0 0.0
2.2 0.0905096679918781 0.0 0.0
2.2 0.128 0.0 0.0
2.2 0.1810193359837562 0.0 0.0
2.2 0.256 0.0 0.0
2.2 0.3620386719675124 0.0 0.0
2.2 0.512 0.0 0.0
2.2 0.7240773439350248 0.0 0.0
2.1 0.001 0.9568560060045321 0.9999874180861302
2.1 0.0014142135623730952 0.9567483466808676 0.9999784426720258
2.1 0.002 0.9566018266445517 0.9999629212456003
2.1 0.0028284271247461905 0.9564029206982538 0.9999359108465609
2.1 0.004 0.9561322985664755 0.9998885518754654
2.1 0.005656854249492381 0.955760900616719 0.9998046913400549
2.1 0.008 0.9552426997237891 0.9996543039098678
2.1 0.011313708498984762 0.9545009404759535 0.999380027297027
2.1 0.016 0.9534006663387707 0.9988680657529894
2.1 0.022627416997969524 0.9516900630267668 0.9978798820232849
2.1 0.032 0.0 0.0
2.1 0.04525483399593905 0.0 0.0
2.1 0.064 0.0 0.0
2.1 0.0905096679918781 0.0 0.0
2.1 0.128 0.0 0.0
2.1 0.1810193359837562 0.0 0.0
2.1 0.256 0.0 0.0
2.1 0.3620386719675124 0.0 0.0
2.1 0.512 0.0 0.0
2.1 0.7240773439350248 0.0 0.0
2.0 0.001 0.9527882492242261 0.9999853387763524
2.0 0.0014142135623730952 0.9526590107748439 0.9999748384604914
2.0 0.002 0.9524818996319039 0.999956609181969
2.0 0.0028284271247461905 0.9522398071667018 0.9999247769543266
2.0 0.004 0.9519083134396211 0.9998686905145804
2.0 0.005656854249492381 0.9514507746951834 0.9997687480739271
2.0 0.008 0.9508091266953187 0.9995879978903478
2.0 0.011313708498984762 0.0 0.0
2.0 0.016 0.0 0.0
2.0 0.022627416997969524 0.0 0.0
2.0 0.032 0.0 0.0
2.0 0.04525483399593905 0.0 0.0
2.0 0.064 0.0 0.0
2.0 0.0905096679918781 0.0 0.0
2.0 0.128 0.0 0.0
2.0 0.1810193359837562 0.0 0.0
2.0 0.256 0.0 0.0
2.0 0.3620386719675124 0.0 0.0
2.0 0.512 0.0 0.0
2.0 0.7240773439350248 0.0 0.0
1.9 0.001 0.0 0.0
1.9 0.0014142135623730952 0.0 0.0
1.9 0.002 0.0 0.0
1.9 0.0028284271247461905 0.0 0.0
1.9 0.004 0.0 0.0
1.9 0.005656854249492381 0.0 0.0
1.9 0.008 0.0 0.0
1.9 0.011313708498984762 0.0 0.0
1.9 0.016 0.0 0.0
1.9 0.022627416997969524 0.0 0.0
1.9 0.032 0.0 0.0
1.9 0.04525483399593905 0.0 0.0
1.9 0.064 0.0 0.0
1.9 0.0905096679918781 0.0 0.0
1.9 0.128 0.0 0.0
1.9 0.1810193359837562 0.0 0.0
1.9 0.256 0.0 0.0
1.9 0.3620386719675124 0.0 0.0
1.9 0.512 0.0 0.0
1.9 0.7240773439350248 0.0 0.0
1.8 0.001 0.0 0.0
1.8 0.0014142135623730952 0.0 0.0
1.8 0.002 0.0 0.0
1.8 0.0028284271247461905 0.0 0.0
1.8 0.004 0.0 0.0
1.8 0.005656854249492381 0.0 0.0
1.8 0.008 0.0 0.0
1.8 0.011313708498984762 0.0 0.0
1.8 0.016 0.0 0.0
1.8 0.022627416997969524 0.0 0.0
1.8 0.032 0.0 0.0
1.8 0.04525483399593905 0.0 0.0
1.8 0.064 0.0 0.0
1.8 0.0905096679918781 0.0 0.0
1.8 0.128 0.0 0.0
1.8 0.1810193359837562 0.0 0.0
1.8 0.256 0.0 0.0
1.8 0.3620386719675124 0.0 0.0
1.8 0.512 0.0 0.0
1.8 0.7240773439350248 0.0 0.0
1.7 0.001 0.0 0.0
1.7 0.0014142135623730952 0.0 0.0
1.7 0.002 0.0 0.0
1.7 0.0028284271247461905 0.0 0.0
1.7 0.004 0.0 0.0
1.7 0.005656854249492381 0.0 0.0
1.7 0.008 0.0 0.0
1.7 0.011313708498984762 0.0 0.0
1.7 0.016 0.0 0.0
1.7 0.022627416997969524 0.0 0.0
1.7 0.032 0.0 0.0
1.7 0.04525483399593905 0.0 0.0
1.7 0.064 0.0 0.0
1.7 0.0905096679918781 0.0 0.0
1.7 0.128 0.0 0.0
1.7 0.1810193359837562 0.0 0.0
1.7 0.256 0.0 0.0
1.7 0.3620386719675124 0.0 0.0
1.7 0.512 0.0 0.0
1.7 0.7240773439350248 0.0 0.0
1.6 0.001 0.0 0.0
1.6 0.0014142135623730952 0.0 0.0
1.6 0.002 0.0 0.0
1.6 0.0028284271247461905 0.0 0.0
1.6 0.004 0.0 0.0
1.6 0.005656854249492381 0.0 0.0
1.6 0.008 0.0 0.0
1.6 0.011313708498984762 0.0 0.0
1.6 0.016 0.0 0.0
1.6 0.022627416997969524 0.0 0.0
1.6 0.032 0.0 0.0
1.6 0.04525483399593905 0.0 0.0
1.6 0.064 0.0 0.0
1.6 0.0905096679918781 0.0 0.0
1.6 0.128 0.0 0.0
1.6 0.1810193359837562 0.0 0.0
1.6 0.256 0.0 0.0
1.6 0.3620386719675124 0.0 0.0
1.6 0.512 0.0 0.0
1.6 0.7240773439350248 0.0 0.0
1.5 0.001 0.0 0.0
1.5 0.0014142135623730952 0.0 0.0
1.5 0.002 0.0 0.0
1.5 0.0028284271247461905 0.0 0.0
1.5 0.004 0.0 0.0
1.5 0.005656854249492381 0.0 0.0
1.5 0.008 0.0 0.0
1.5 0.011313708498984762 0.0 0.0
1.5 0.016 0.0 0.0
1.5 0.022627416997969524 0.0 0.0
1.5 0.032 0.0 0.0
1.5 0.04525483399593905 0.0 0.0
1.5 0.064 0.0 0.0
1.5 0.0905096679918781 0.0 0.0
1.5 0.128 0.0 0.0
1.5 0.1810193359837562 0.0 0.0
1.5 0.256 0.0 0.0
1.5 0.3620386719675124 0.0 0.0
1.5 0.512 0.0 0.0
1.5 0.7240773439350248 0.0 0.0
1.4 0.001 0.0 0.0
1.4 0.0014142135623730952 0.0 0.0
1.4 0.002 0.0 0.0
1.4 0.0028284271247461905 0.0 0.0
1.4 0.004 0.0 0.0
1.4 0.005656854249492381 0.0 0.0
1.4 0.008 0.0 0.0
1.4 0.011313708498984762 0.0 0.0
1.4 0.016 0.0 0.0
1.4 0.022627416997969524 0.0 0.0
1.4 0.032 0.0 0.0
1.4 0.04525483399593905 0.0 0.0
1.4 0.064 0.0 0.0
1.4 0.0905096679918781 0.0 0.0
1.4 0.128 0.0 0.0
1.4 0.1810193359837562 0.0 0.0
1.4 0.256 0.0 0.0
1.4 0.3620386719675124 0.0 0.0
1.4 0.512 0.0 0.0
1.4 0.7240773439350248 0.0 0.0
1.3 0.001 0.0 0.0
1.3 0.0014142135623730952 0.0 0.0
1.3 0.002 0.0 0.0
1.3 0.0028284271247461905 0.0 0.0
1.3 0.004 0.0 0.0
1.3 0.005656854249492381 0.0 0.0
1.3 0.008 0.0 0.0
1.3 0.011313708498984762 0.0 0.0
1.3 0.016 0.0 0.0
1.3 0.022627416997969524 0.0 0.0
1.3 0.032 0.0 0.0
1.3 0.04525483399593905 0.0 0.0
1.3 0.064 0.0 0.0
1.3 0.0905096679918781 0.0 0.0
1.3 0.128 0.0 0.0
1.3 0.1810193359837562 0.0 0.0
1.3 0.256 0.0 0.0
1.3 0.3620386719675124 0.0 0.0
1.3 0.512 0.0 0.0
1.3 0.7240773439350248 0.0 0.0
1.2 0.001 0.0 0.0
1.2 0.0014142135623730952 0.0 0.0
1.2 0.002 0.0 0.0
1.2 0.0028284271247461905 0.0 0.0
1.2 0.004 0.0 0.0
1.2 0.005656854249492381 0.0 0.0
1.2 0.008 0.0 0.0
1.2 0.011313708498984762 0.0 0.0
1.2 0.016 0.0 0.0
1.2 0.022627416997969524 0.0 0.0
1.2 0.032 0.0 0.0
1.2 0.04525483399593905 0.0 0.0
1.2 0.064 0.0 0.0
1.2 0.0905096679918781 0.0 0.0
1.2 0.128 0.0 0.0
1.2 0.1810193359837562 0.0 0.0
1.2 0.256 0.0 0.0
1.2 0.3620386719675124 0.0 0.0
1.2 0.512 0.0 0.0
1.2 0.7240773439350248 0.0 0.0
1.1 0.001 0.0 0.0
1.1 0.0014142135623730952 0.0 0.0
1.1 0.002 0.0 0.0
1.1 0.0028284271247461905 0.0 0.0
1.1 0.004 0.0 0.0
1.1 0.005656854249492381 0.0 0.0
1.1 0.008 0.0 0.0
1.1 0.011313708498984762 0.0 0.0
1.1 0.016 0.0 0.0
1.1 0.022627416997969524 0.0 0.0
1.1 0.032 0.0 0.0
1.1 0.04525483399593905 0.0 0.0
1.1 0.064 0.0 0.0
1.1 0.0905096679918781 0.0 0.0
1.1 0.128 0.0 0.0
1.1 0.1810193359837562 0.0 0.0
1.1 0.256 0.0 0.0
1.1 0.3620386719675124 0.0 0.0
1.1 0.512 0.0 0.0
1.1 0.7240773439350248 0.0 0.0
