3.0 0.001 0.997485540509254 0
3.0 0.0014142135623730952 0.9974783948087294 0
3.0 0.002 0.9974680400441237 0
3.0 0.0028284271247461905 0.9974525466647373 0
3.0 0.004 0.9974286377328196 0
3.0 0.005656854249492381 0.9973906491906508 0
3.0 0.008 0.9973287139741538 0
3.0 0.011313708498984762 0.997225307766318 0
3.0 0.016 0.9970488141221882 0
3.0 0.022627416997969524 0.9967410019790202 0
3.0 0.032 0.9961918366637952 0
3.0 0.04525483399593905 0.9951863008485227 0
3.0 0.064 0.9932844132726277 0
3.0 0.0905096679918781 0.9895231776929081 0
3.0 0.128 0.981556061977833 0
3.0 0.1810193359837562 0.9624062110594698 0
3.0 0.256 0.896446836248532 1
3.0 0.3620386719675124 1.647686278906336e-7 3
3.0 0.512 0.951207395224426 2
3.0 0.7240773439350248 0.9213335845126482 2
2.9 0.001 0.9973521260562108 0
2.9 0.0014142135623730952 0.9973441674254955 0
2.9 0.002 0.9973326813284242 0
2.9 0.0028284271247461905 0.9973155527688615 0
2.9 0.004 0.997289189115419 0
2.9 0.005656854249492381 0.9972473948731362 0
2.9 0.008 0.9971793258175068 0
2.9 0.011313708498984762 0.9970656958258004 0
2.9 0.016 0.996871574851899 0
2.9 0.022627416997969524 0.9965322998285038 0
2.9 0.032 0.9959248108175343 0
2.9 0.04525483399593905 0.9948061944316884 0
2.9 0.064 0.9926718693486283 0
2.9 0.0905096679918781 0.9883908151511871 0
2.9 0.128 0.979087847595266 0
2.9 0.1810193359837562 0.9553683060226199 1
2.9 0.1810193359837562 0.9553683060226199 4
2.9 0.256 0.8310625896152861 2
2.9 0.3620386719675124 1.3112522246711613e-7 3
2.9 0.512 0.9390690854505437 2
2.9 0.7240773439350248 0.8757745976203581 2
2.8 0.001 0.9972037268735091 0
2.8 0.0014142135623730952 0.9971948083436593 0
2.8 0.002 0.9971819834571682 0
2.8 0.0028284271247461905 0.9971629361750918 0
2.8 0.004 0.99713367992931 0
2.8 0.005656854249492381 0.9970874130664715 0
2.8 0.008 0.9970121463474211 0
2.8 0.011313708498984762 0.9968865109866638 0
2.8 0.016 0.9966716400408326 0
2.8 0.022627416997969524 0.996295156173609 0
2.8 0.032 0.9956181707088576 0
2.8 0.04525483399593905 0.9943632214305986 0
2.8 0.064 0.9919434220120931 0
2.8 0.0905096679918781 0.9870036930284125 0
2.8 0.128 0.9759025403607519 0
2.8 0.1810193359837562 0.9449357292749694 1
2.8 0.256 1.932550363616925e-7 3
2.8 0.3620386719675124 1.0148687212176778e-7 3
2.8 0.512 0.9193560174142463 2
2.8 0.7240773439350248 3.7690535913783263e-8 3
2.7 0.001 0.9970376695935219 0
2.7 0.0014142135623730952 0.9970275996811482 0
2.7 0.002 0.9970131756611458 0
2.7 0.0028284271247461905 0.9969918206342423 0
2.7 0.004 0.9969591468434452 0
2.7 0.005656854249492381 0.9969075728814433 0
2.7 0.008 0.9968237711549117 0
2.7 0.011313708498984762 0.9966838847375818 0
2.7 0.016 0.9964443082762067 0
2.7 0.022627416997969524 0.9960232759540191 0
2.7 0.032 0.9952623324170764 0
2.7 0.04525483399593905 0.9938403286266217 0
2.7 0.064 0.9910626336512601 0
2.7 0.0905096679918781 0.9852634363176547 0
2.7 0.128 0.9716113207990713 1
2.7 0.1810193359837562 0.9268729306290864 1
2.7 0.256 1.3437609982831386e-7 3
2.7 0.3620386719675124 8.37447523157846e-8 3
2.7 0.512 0.8771973911609787 2
2.7 0.7240773439350248 3.939893140736975e-8 3
2.6 0.001 0.9968505958056921 0
2.6 0.0014142135623730952 0.9968391296585069 0
2.6 0.002 0.9968227723271996 0
2.6 0.0028284271247461905 0.9967986460901448 0
2.6 0.004 0.9967618510809908 0
2.6 0.005656854249492381 0.9967039231082073 0
2.6 0.008 0.9966098602259301 0
2.6 0.011313708498984762 0.9964528459861925 0
2.6 0.016 0.9961834652805754 0
2.6 0.022627416997969524 0.9957083282934025 0
2.6 0.032 0.9948442936568844 0
2.6 0.04525483399593905 0.9932135512955065 0
2.6 0.064 0.9899755348913941 1
2.6 0.064 0.9899755348913941 4
2.6 0.0905096679918781 0.9830105638843847 1
2.6 0.128 0.965440623725513 1
2.6 0.1810193359837562 0.8638727358674168 2
2.6 0.256 1.0111158225728984e-7 3
2.6 0.3620386719675124 6.789265124786372e-8 3
2.6 0.512 4.6816436854427724e-8 3
2.6 0.7240773439350248 3.644768442591126e-8 3
2.5 0.001 0.9966382372820389 0
2.5 0.0014142135623730952 0.9966250548153608 0
2.5 0.002 0.9966063294254042 0
2.5 0.0028284271247461905 0.9965788196258758 0
2.5 0.004 0.9965369993784634 0
2.5 0.005656854249492381 0.9964713004409642 0
2.5 0.008 0.9963647895327099 0
2.5 0.011313708498984762 0.9961868909298359 0
2.5 0.016 0.995881001233732 0
2.5 0.022627416997969524 0.9953390341565751 0
2.5 0.032 0.9943459221518296 1
2.5 0.032 0.9943459221518296 4
2.5 0.04525483399593905 0.9924480055141327 1
2.5 0.064 0.9885981380010067 1
2.5 0.0905096679918781 0.9799642233881248 1
2.5 0.128 0.9554842590897784 1
2.5 0.1810193359837562 1.146900547678295e-7 3
2.5 0.256 7.90131537757591e-8 3
2.5 0.3620386719675124 5.507791646345834e-8 3
2.5 0.512 4.3918925981834016e-8 3
2.5 0.7240773439350248 1.1526032417633063e-8 3
2.4 0.001 0.996395083655657 1
2.4 0.0014142135623730952 0.9963797618335518 1
2.4 0.002 0.9963580884734125 1
2.4 0.0028284271247461905 0.9963263759862246 1
2.4 0.004 0.9962783414099343 1
2.4 0.005656854249492381 0.9962030581900689 1
2.4 0.008 0.9960811327649598 1
2.4 0.011313708498984762 0.9958773384582473 1
2.4 0.016 0.9955259077149256 1
2.4 0.022627416997969524 0.9948997027250293 1
2.4 0.032 0.993741069670304 1
2.4 0.04525483399593905 0.9914906099742676 1
2.4 0.064 0.9867908513252959 1
2.4 0.0905096679918781 0.975564647194756 1
2.4 0.128 0.933931665219025 2
2.4 0.1810193359837562 8.816506442865896e-8 3
2.4 0.256 6.73275959362853e-8 3
2.4 0.3620386719675124 4.6820932444700044e-8 3
2.4 0.512 3.474154726307501e-8 3
2.4 0.7240773439350248 3.881254769613095e-10 3
2.3 0.001 0.9961138939016785 1
2.3 0.0014142135623730952 0.9960958560646274 1
2.3 0.002 0.9960704516633135 1
2.3 0.0028284271247461905 0.9960334363618353 1
2.3 0.004 0.9959775909220023 1
2.3 0.005656854249492381 0.9958902175145427 1
2.3 0.008 0.9957488663539151 1
2.3 0.011313708498984762 0.9955123133382595 1
2.3 0.016 0.9951028244369249 1
2.3 0.022627416997969524 0.9943677736138039 1
2.3 0.032 0.9929904152821131 1
2.3 0.04525483399593905 0.990255786594169 1
2.3 0.064 0.9842991164805317 1
2.3 0.0905096679918781 0.9684335018684418 2
2.3 0.128 8.778033206711424e-8 3
2.3 0.1810193359837562 6.779810288107406e-8 3
2.3 0.256 5.251612163979148e-8 3
2.3 0.3620386719675124 7.021475266473901e-9 3
2.3 0.512 2.54812531231487e-9 3
2.3 0.7240773439350248 5.395416701122623e-12 3
2.2 0.001 0.9957849569204817 1
2.2 0.0014142135623730952 0.9957634024219948 1
2.2 0.002 0.9957331796752404 1
2.2 0.0028284271247461905 0.9956893250179437 1
2.2 0.004 0.9956233733690147 1
2.2 0.005656854249492381 0.9955204988139024 1
2.2 0.008 0.9953541068727159 1
2.2 0.011313708498984762 0.9950750990489384 1
2.2 0.016 0.9945895880490878 1
2.2 0.022627416997969524 0.9937094473205272 1
2.2 0.032 0.9920315420847283 1
2.2 0.04525483399593905 0.9885941980125831 1
2.2 0.064 0.9805873737317553 1
2.2 0.0905096679918781 0.9530005098323573 2
2.2 0.128 7.107938836282544e-8 3
2.2 0.1810193359837562 2.9255580321176007e-8 3
2.2 0.256 2.0245368682855433e-9 3
2.2 0.3620386719675124 6.9302702572443e-11 3
2.2 0.512 1.6894035076715262e-11 3
2.2 0.7240773439350248 2.4270209230691044e-14 3
2.1 0.001 0.9953949390724128 1
2.1 0.0014142135623730952 0.9953687207019195 1
2.1 0.002 0.9953321134911224 1
2.1 0.0028284271247461905 0.9952792278301635 1
2.1 0.004 0.9951999677957643 1
2.1 0.005656854249492381 0.9950765894488678 1
2.1 0.008 0.9948770146888357 1
2.1 0.011313708498984762 0.9945413205058975 1
2.1 0.016 0.9939528548586513 1
2.1 0.022627416997969524 0.9928713339334159 1
2.1 0.032 0.9907578590743662 1
2.1 0.04525483399593905 0.9862130185411179 1
2.1 0.064 0.974195202237599 2
2.1 0.0905096679918781 4.7129940874046725e-9 3
2.1 0.128 6.25243159572546e-10 3
2.1 0.1810193359837562 5.1484257180598764e-11 3
2.1 0.256 2.631225935476851e-12 3
2.1 0.3620386719675124 1.0410995186467234e-13 3
2.1 0.512 4.562188648173356e-14 3
2.1 0.7240773439350248 1.9604160792268038e-16 3
2.0 0.001 0.9949250149046016 1
2.0 0.0014142135623730952 0.9948924298347728 1
2.0 0.002 0.9948471266507911 1
2.0 0.0028284271247461905 0.994781943744473 1
2.0 0.004 0.9946845668449171 1
2.0 0.005656854249492381 0.9945332233010922 1
2.0 0.008 0.9942881418969676 1
2.0 0.011313708498984762 0.993873835611267 1
2.0 0.016 0.9931396835331168 1
2.0 0.022627416997969524 0.9917628697033953 1
2.0 0.032 0.9889670810408179 1
2.0 0.04525483399593905 0.9824152649960394 2
2.0 0.064 0.9564500615630533 2
2.0 0.0905096679918781 5.945875023843459e-13 3
2.0 0.128 6.258524365170817e-14 3
2.0 0.1810193359837562 3.974795893954849e-15 3
2.0 0.256 5.601584684413299e-16 3
2.0 0.3620386719675124 4.613455147415478e-16 3
2.0 0.512 2.542894078175642e-16 3
2.0 0.7240773439350248 1.9768361063711918e-16 3
1.9 0.001 0.9943476676103862 1
1.9 0.0014142135623730952 0.9943061064035188 1
1.9 0.002 0.9942485325536552 1
1.9 0.0028284271247461905 0.9941659937611524 1
1.9 0.004 0.9940429795640728 1
1.9 0.005656854249492381 0.9938519147200922 1
1.9 0.008 0.993541613021923 1
1.9 0.011313708498984762 0.9930127216791923 1
1.9 0.016 0.9920596769668465 1
1.9 0.022627416997969524 0.9902138841137085 2
1.9 0.032 0.9862044475705469 2
1.9 0.04525483399593905 0.9746735931512689 2
1.9 0.064 1.5068860508773126e-16 3
1.9 0.0905096679918781 1.1215356271057267e-16 3
1.9 0.128 1.2164751617633182e-16 3
1.9 0.1810193359837562 1.5785490276320255e-16 3
1.9 0.256 4.595509739864779e-18 3
1.9 0.3620386719675124 3.378143192600825e-16 3
1.9 0.512 2.8505667345158205e-16 3
1.9 0.7240773439350248 1.3364724874664243e-16 3
1.8 0.001 0.9936210813540867 1
1.8 0.0014142135623730952 0.993566291590831 1
1.8 0.002 0.9934906009198852 1
1.8 0.0028284271247461905 0.99338235698886 1
1.8 0.004 0.9932212885548806 1
1.8 0.005656854249492381 0.9929707386176432 1
1.8 0.008 0.9925613040689567 1
1.8 0.011313708498984762 0.9918534865612822 1
1.8 0.016 0.9905413993636971 2
1.8 0.022627416997969524 0.9878479859880613 2
1.8 0.032 0.9810377654712367 2
1.8 0.04525483399593905 1.122496427798788e-16 3
1.8 0.064 1.3992112276053158e-16 3
1.8 0.0905096679918781 1.0439426127465787e-16 3
1.8 0.128 -4.13026674063483e-19 3
1.8 0.1810193359837562 1.451782759337069e-16 3
1.8 0.256 -1.4680943191585383e-18 3
1.8 0.3620386719675124 4.658788239953492e-16 3
1.8 0.512 2.7777985687744323e-16 3
1.8 0.7240773439350248 2.976580527814827e-16 3
1.7 0.001 0.9926782661201667 1
1.7 0.0014142135623730952 0.9926028632516257 1
1.7 0.002 0.9924988590771215 1
1.7 0.0028284271247461905 0.9923502277270076 1
1.7 0.004 0.9921287915718083 1
1.7 0.005656854249492381 0.9917825047812177 1
1.7 0.008 0.9912093489264131 2
1.7 0.011313708498984762 0.9901919231299172 2
1.7 0.016 0.9881997551897075 2
1.7 0.022627416997969524 0.9835191894149165 2
1.7 0.032 1.5608744866556536e-16 3
1.7 0.04525483399593905 1.4362921059562933e-16 3
1.7 0.064 1.5430198618266495e-16 3
1.7 0.0905096679918781 1.2508947681556115e-16 3
1.7 0.128 1.1820500930954196e-16 3
1.7 0.1810193359837562 1.3460104482411068e-16 3
1.7 0.256 -2.801755602825055e-18 3
1.7 0.3620386719675124 4.610020943021902e-16 3
1.7 0.512 2.5328049304711937e-16 3
1.7 0.7240773439350248 -1.0403207641217656e-17 3
1.6 0.001 0.9914043579386451 1
1.6 0.0014142135623730952 0.9912945450230666 1
1.6 0.002 0.9911427368030603 1
1.6 0.0028284271247461905 0.990925106187774 1
1.6 0.004 0.9905987310420707 2
1.6 0.005656854249492381 0.9900813046978276 2
1.6 0.008 0.9892008607656628 2
1.6 0.011313708498984762 0.9875456526101571 2
1.6 0.016 0.9838159896370273 2
1.6 0.022627416997969524 1.1418872687660163e-16 3
1.6 0.032 1.558457333600531e-16 3
1.6 0.04525483399593905 1.5339812228804908e-16 3
1.6 0.064 1.5464082841011428e-16 3
1.6 0.0905096679918781 1.4583105586445908e-16 3
1.6 0.128 3.335796138200354e-16 3
1.6 0.1810193359837562 1.5762232824349148e-16 3
1.6 0.256 4.102760209824604e-18 3
1.6 0.3620386719675124 4.766486449448259e-19 3
1.6 0.512 2.7428959995905964e-16 3
1.6 0.7240773439350248 1.6555875908232913e-17 3
1.5 0.001 0.9895839289458661 1
1.5 0.0014142135623730952 0.9894103200128137 1
1.5 0.002 0.9891683563641627 1
1.5 0.0028284271247461905 0.9888174644718415 2
1.5 0.004 0.9882811312889178 2
1.5 0.005656854249492381 0.9874006730135756 2
1.5 0.008 0.9857927375583846 2
1.5 0.011313708498984762 0.9821787856461115 2
1.5 0.016 1.7619982947726563e-11 3
1.5 0.022627416997969524 3.6183655212765437e-12 3
1.5 0.032 4.2778383966725674e-13 3
1.5 0.04525483399593905 1.8502209798375798e-14 3
1.5 0.064 3.522353868755178e-16 3
1.5 0.0905096679918781 5.852658291626139e-16 3
1.5 0.128 3.737125284146902e-16 3
1.5 0.1810193359837562 3.4881584157849714e-16 3
1.5 0.256 1.3277054128615395e-16 3
1.5 0.3620386719675124 4.118944632464589e-16 3
1.5 0.512 2.1985218607027132e-16 3
1.5 0.7240773439350248 2.1684386166815585e-16 3
1.4 0.001 0.9867528844106782 2
1.4 0.0014142135623730952 0.9864408889392751 2
1.4 0.002 0.9859960146470665 2
1.4 0.0028284271247461905 0.9853291210780944 2
1.4 0.004 0.9842513350968918 2
1.4 0.005656854249492381 0.9822727998407419 2
1.4 0.008 0.977248515208614 2
1.4 0.011313708498984762 3.9838730488078625e-8 3
1.4 0.016 2.280244305276016e-8 3
1.4 0.022627416997969524 9.087783303402631e-9 3
1.4 0.032 2.2114220466698507e-9 3
1.4 0.04525483399593905 4.036713006681116e-10 3
1.4 0.064 3.476520100574481e-11 3
1.4 0.0905096679918781 9.323271630505367e-13 3
1.4 0.128 5.757450119548026e-15 3
1.4 0.1810193359837562 3.5614384669437916e-16 3
1.4 0.256 1.3890534516639596e-16 3
1.4 0.3620386719675124 1.4595075299370238e-16 3
1.4 0.512 2.565645938784032e-16 3
1.4 0.7240773439350248 1.156586613529262e-16 3
1.3 0.001 0.981638611236149 2
1.3 0.0014142135623730952 0.980920470013555 2
1.3 0.002 0.9798200935945662 2
1.3 0.0028284271247461905 0.9779518119719526 2
1.3 0.004 0.9738785976230367 2
1.3 0.005656854249492381 9.389319565088308e-8 3
1.3 0.008 8.887407033160368e-8 3
1.3 0.011313708498984762 8.469304530569579e-8 3
1.3 0.016 8.582824520311713e-8 3
1.3 0.022627416997969524 7.918777825564412e-8 3
1.3 0.032 7.250187568720592e-8 3
1.3 0.04525483399593905 6.541062643845057e-8 3
1.3 0.064 1.1827654625776368e-8 3
1.3 0.0905096679918781 9.825194916184507e-10 3
1.3 0.128 2.9346292906446474e-11 3
1.3 0.1810193359837562 2.249664210415536e-13 3
1.3 0.256 3.8989333256377926e-16 3
1.3 0.3620386719675124 1.4189603991485728e-16 3
1.3 0.512 1.9562427262592713e-16 3
1.3 0.7240773439350248 1.48176820313703e-16 3
1.2 0.001 0.9667648487605753 2
1.2 0.0014142135623730952 8.287140215780166e-8 3
1.2 0.002 8.391874458515848e-8 3
1.2 0.0028284271247461905 8.220073827885889e-8 3
1.2 0.004 8.183868828370187e-8 3
1.2 0.005656854249492381 8.042613406354771e-8 3
1.2 0.008 7.590176572767122e-8 3
1.2 0.011313708498984762 7.935413526026604e-8 3
1.2 0.016 7.211715624249579e-8 3
1.2 0.022627416997969524 6.894879741551025e-8 3
1.2 0.032 7.059862456466405e-8 3
1.2 0.04525483399593905 6.25610955222166e-8 3
1.2 0.064 5.7288462454912833e-8 3
1.2 0.0905096679918781 3.535971622204433e-8 3
1.2 0.128 2.6593331427637197e-9 3
1.2 0.1810193359837562 8.103632105476302e-11 3
1.2 0.256 7.951606815132377e-13 3
1.2 0.3620386719675124 1.8717722166039676e-15 3
1.2 0.512 1.4339244704007275e-16 3
1.2 0.7240773439350248 1.4677981049778903e-16 3
1.1 0.001 6.889235779739568e-8 3
1.1 0.0014142135623730952 6.850853988190618e-8 3
1.1 0.002 7.148432277064718e-8 3
1.1 0.0028284271247461905 6.787565474759764e-8 3
1.1 0.004 6.686932538029315e-8 3
1.1 0.005656854249492381 6.970994270679326e-8 3
1.1 0.008 6.902903398554805e-8 3
1.1 0.011313708498984762 6.840181491315826e-8 3
1.1 0.016 6.53262512888616e-8 3
1.1 0.022627416997969524 6.36272619825645e-8 3
1.1 0.032 6.139288886060062e-8 3
1.1 0.04525483399593905 5.733734612363042e-8 3
1.1 0.064 5.099340816508635e-8 3
1.1 0.0905096679918781 4.356670254524059e-8 3
1.1 0.128 3.2235603871692625e-8 3
1.1 0.1810193359837562 2.4594243959784815e-9 3
1.1 0.256 6.51773955315909e-11 3
1.1 0.3620386719675124 7.018828475748523e-13 3
1.1 0.512 1.6785908334617234e-15 3
1.1 0.7240773439350248 1.6204790862893652e-16 3
