3.0 0.001 0.9756716509287022 0
3.0 0.0014142135623730952 0.9756394054792201 0
3.0 0.002 0.9755971592261844 0
3.0 0.0028284271247461905 0.9755415673831547 0
3.0 0.004 0.9754676304035801 0
3.0 0.005656854249492381 0.9753675792168872 0
3.0 0.008 0.9752289212443881 0
3.0 0.011313708498984762 0.9750309300310803 0
3.0 0.016 0.9747381701785445 0
3.0 0.022627416997969524 0.9742881823385003 0
3.0 0.032 0.9735671831648044 0
3.0 0.04525483399593905 0.9723598186012119 0
3.0 0.064 0.9702385850701789 0
3.0 0.0905096679918781 0.9662982110077947 0
3.0 0.128 0.9584276876897817 0
3.0 0.1810193359837562 0.9408205248706027 0
3.0 0.256 0.8903600605234987 0
3.0 0.3620386719675124 3.061001941016799e-7 3
3.0 0.512 0.9295441753658045 2
3.0 0.7240773439350248 0.9050466607227123 2
2.9 0.001 0.9744324902685608 0
2.9 0.0014142135623730952 0.9743965580447184 0
2.9 0.002 0.9743493675989527 0
2.9 0.0028284271247461905 0.9742871753186735 0
2.9 0.004 0.9742044107463594 0
2.9 0.005656854249492381 0.9740924436771756 0
2.9 0.008 0.9739374193754418 0
2.9 0.011313708498984762 0.9737163593239349 0
2.9 0.016 0.9733899394583614 0
2.9 0.022627416997969524 0.9728886728266508 0
2.9 0.032 0.9720854081354207 0
2.9 0.04525483399593905 0.9707377628760341 0
2.9 0.064 0.9683591513510652 0
2.9 0.0905096679918781 0.9639004240164715 0
2.9 0.128 0.9548373333508975 0
2.9 0.1810193359837562 0.9337707004351359 0
2.9 0.256 0.8645191760001145 0
2.9 0.3620386719675124 2.0732042341019162e-7 3
2.9 0.512 0.9179029200364804 2
2.9 0.7240773439350248 0.8743383769883104 2
2.8 0.001 0.9730605957390419 0
2.8 0.0014142135623730952 0.9730203593364133 0
2.8 0.002 0.9729673687888634 0
2.8 0.0028284271247461905 0.9728974018504 0
2.8 0.004 0.9728042060741163 0
2.8 0.005656854249492381 0.9726781261522724 0
2.8 0.008 0.9725036882813404 0
2.8 0.011313708498984762 0.9722552358121308 0
2.8 0.016 0.9718888086268562 0
2.8 0.022627416997969524 0.9713264989747761 0
2.8 0.032 0.9704250049070027 0
2.8 0.04525483399593905 0.9689088643866814 0
2.8 0.064 0.9662176988828457 0
2.8 0.0905096679918781 0.9611166509564357 0
2.8 0.128 0.9505161588079923 0
2.8 0.1810193359837562 0.9245467438870052 0
2.8 0.256 0.8091817196065298 1
2.8 0.3620386719675124 1.53796592608304e-7 3
2.8 0.512 0.9012911199822334 2
2.8 0.7240773439350248 0.8006743231186443 2
2.7 0.001 0.9715334076973066 0
2.7 0.0014142135623730952 0.971488109414322 0
2.7 0.002 0.9714282624908563 0
2.7 0.0028284271247461905 0.9713490630340311 0
2.7 0.004 0.9712434342045757 0
2.7 0.005656854249492381 0.9711004861476996 0
2.7 0.008 0.9709027973455899 0
2.7 0.011313708498984762 0.9706214881542055 0
2.7 0.016 0.9702070011936408 0
2.7 0.022627416997969524 0.9695712019026106 0
2.7 0.032 0.9685509832429253 0
2.7 0.04525483399593905 0.9668296942543317 0
2.7 0.064 0.9637528268467377 0
2.7 0.0905096679918781 0.9578389542350376 0
2.7 0.128 0.94519027930167 0
2.7 0.1810193359837562 0.9117139783753079 0
2.7 0.256 2.9926041797807564e-7 3
2.7 0.3620386719675124 1.2414261309863625e-7 3
2.7 0.512 0.8748270792744719 2
2.7 0.7240773439350248 4.46510575434823e-8 3
2.6 0.001 0.9698229174855033 0
2.6 0.0014142135623730952 0.9697716184403946 0
2.6 0.002 0.9697035974791375 0
2.6 0.0028284271247461905 0.9696133349132244 0
2.6 0.004 0.9694927440502213 0
2.6 0.005656854249492381 0.9693294281540092 0
2.6 0.008 0.9691035920499983 0
2.6 0.011313708498984762 0.9687824222310266 0
2.6 0.016 0.96830950574005 0
2.6 0.022627416997969524 0.9675840926979762 0
2.6 0.032 0.9664183632173603 0
2.6 0.04525483399593905 0.9644433265464085 0
2.6 0.064 0.9608813136294411 0
2.6 0.0905096679918781 0.9539117768376575 0
2.6 0.128 0.9384113324792697 0
2.6 0.1810193359837562 0.891780546933109 1
2.6 0.256 1.9747067463405712e-7 3
2.6 0.3620386719675124 9.731194438864094e-8 3
2.6 0.512 0.8192486530837658 2
2.6 0.7240773439350248 4.2257577389570326e-8 3
2.5 0.001 0.9678938994964148 0
2.5 0.0014142135623730952 0.967835421318066 0
2.5 0.002 0.9677575614918185 0
2.5 0.0028284271247461905 0.9676539076554005 0
2.5 0.004 0.9675151173601835 0
2.5 0.005656854249492381 0.9673269255192398 0
2.5 0.008 0.967066599042155 0
2.5 0.011313708498984762 0.9666964474798048 0
2.5 0.016 0.9661515178196598 0
2.5 0.022627416997969524 0.9653152122475859 0
2.5 0.032 0.9639682337583204 0
2.5 0.04525483399593905 0.961673438903478 0
2.5 0.064 0.9574868957773004 0
2.5 0.0905096679918781 0.9491000967320924 0
2.5 0.128 0.9293702223243021 1
2.5 0.1810193359837562 0.8503581711717387 2
2.5 0.256 1.4294902434371387e-7 3
2.5 0.3620386719675124 8.113525093914799e-8 3
2.5 0.512 5.5708735747316845e-8 3
2.5 0.7240773439350248 3.684464078228997e-8 3
2.4 0.001 0.9657013928911502 0
2.4 0.0014142135623730952 0.9656342347170608 0
2.4 0.002 0.9655444033289629 0
2.4 0.0028284271247461905 0.96542435367623 0
2.4 0.004 0.9652631545397043 0
2.4 0.005656854249492381 0.9650441857172469 0
2.4 0.008 0.964741010710638 0
2.4 0.011313708498984762 0.9643097795634026 0
2.4 0.016 0.9636746901167345 0
2.4 0.022627416997969524 0.9626988008550781 0
2.4 0.032 0.9611217194317561 0
2.4 0.04525483399593905 0.9584148738734853 0
2.4 0.064 0.9534008816627206 0
2.4 0.0905096679918781 0.9430256104539564 0
2.4 0.128 0.9163624016745167 1
2.4 0.1810193359837562 2.055062516781945e-7 3
2.4 0.256 1.1490279219492406e-7 3
2.4 0.3620386719675124 6.746470862882172e-8 3
2.4 0.512 4.58844330928474e-8 3
2.4 0.7240773439350248 3.653885032256551e-8 3
2.3 0.001 0.9631870275991712 0
2.3 0.0014142135623730952 0.9631092460941331 0
2.3 0.002 0.9630046636533472 0
2.3 0.0028284271247461905 0.9628642730615524 0
2.3 0.004 0.9626750955782798 0
2.3 0.005656854249492381 0.9624174785726869 0
2.3 0.008 0.9620602211044027 0
2.3 0.011313708498984762 0.9615515217177226 0
2.3 0.016 0.9608014674496663 0
2.3 0.022627416997969524 0.9596463143127906 0
2.3 0.032 0.9577703770381745 0
2.3 0.04525483399593905 0.9545177733306085 0
2.3 0.064 0.9483661802264564 0
2.3 0.0905096679918781 0.9350218389640782 1
2.3 0.128 0.8945524227467504 1
2.3 0.1810193359837562 1.4787351201063862e-7 3
2.3 0.256 8.942772184509645e-8 3
2.3 0.3620386719675124 5.988816703625303e-8 3
2.3 0.512 4.546810852856129e-8 3
2.3 0.7240773439350248 5.6171606056362e-9 3
2.2 0.001 0.9602735047850717 0
2.2 0.0014142135623730952 0.9601825291119346 0
2.2 0.002 0.960059498920556 0
2.2 0.0028284271247461905 0.9598934817244988 0
2.2 0.004 0.959668798894724 0
2.2 0.005656854249492381 0.9593618029900288 0
2.2 0.008 0.9589350080494456 0
2.2 0.011313708498984762 0.9583260752413947 0
2.2 0.016 0.9574262114792285 0
2.2 0.022627416997969524 0.956035216553704 0
2.2 0.032 0.9537601568326148 0
2.2 0.04525483399593905 0.9497591870560891 0
2.2 0.064 0.9419639397147823 1
2.2 0.0905096679918781 0.9237366680236273 1
2.2 0.128 1.9046942824820728e-7 3
2.2 0.1810193359837562 1.1729469945767489e-7 3
2.2 0.256 8.059148643675263e-8 3
2.2 0.3620386719675124 5.214801702527901e-8 3
2.2 0.512 3.700317776549939e-8 3
2.2 0.7240773439350248 3.88768200021143e-10 3
2.1 0.001 0.9568560075507129 0
2.1 0.0014142135623730952 0.9567483481078778 0
2.1 0.002 0.9566018281129127 0
2.1 0.0028284271247461905 0.9564029221837611 0
2.1 0.004 0.9561323002073963 0
2.1 0.005656854249492381 0.9557609021311865 0
2.1 0.008 0.9552427014292937 0
2.1 0.011313708498984762 0.9545009423728297 0
2.1 0.016 0.95340066825999 0
2.1 0.022627416997969524 0.9516900650966691 0
2.1 0.032 0.9488629313147736 1
2.1 0.04525483399593905 0.943787886538812 1
2.1 0.064 0.933442379585476 1
2.1 0.0905096679918781 0.9056083942169122 1
2.1 0.128 1.461345489923519e-7 3
2.1 0.1810193359837562 9.81019271366394e-8 3
2.1 0.256 7.056072157374175e-8 3
2.1 0.3620386719675124 4.88143996731237e-8 3
2.1 0.512 7.5224992859461e-9 3
2.1 0.7240773439350248 1.337699656812218e-11 3
2.0 0.001 0.9527882510599007 0
2.0 0.0014142135623730952 0.9526590124412828 0
2.0 0.002 0.952481901454136 0
2.0 0.0028284271247461905 0.9522398089478441 0
2.0 0.004 0.9519083152749481 0
2.0 0.005656854249492381 0.9514507764730572 0
2.0 0.008 0.9508091286140121 0
2.0 0.011313708498984762 0.9498860886653856 0
2.0 0.016 0.9485087913984138 1
2.0 0.022627416997969524 0.9463484552570743 1
2.0 0.032 0.942721710123142 1
2.0 0.04525483399593905 0.9360040778035086 1
2.0 0.064 0.9212242422318275 1
2.0 0.0905096679918781 0.8588483689326036 2
2.0 0.128 1.1503592365460925e-7 3
2.0 0.1810193359837562 8.290163610299428e-8 3
2.0 0.256 5.8759148668388786e-8 3
2.0 0.3620386719675124 4.317252298066997e-9 3
2.0 0.512 5.411207952205311e-10 3
2.0 0.7240773439350248 1.0747024239437336e-12 3
1.9 0.001 0.9478585695671184 1
1.9 0.0014142135623730952 0.9477005795699152 1
1.9 0.002 0.94748244532883 1
1.9 0.0028284271247461905 0.9471819450190259 1
1.9 0.004 0.9467673004436927 1
1.9 0.005656854249492381 0.9461907905458284 1
1.9 0.008 0.9453765822914784 1
1.9 0.011313708498984762 0.9441966213157931 1
1.9 0.016 0.9424197865838448 1
1.9 0.022627416997969524 0.939594148362669 1
1.9 0.032 0.9347327467795029 1
1.9 0.04525483399593905 0.9252482021989792 1
1.9 0.064 0.9008058484481647 2
1.9 0.0905096679918781 1.3734215229517476e-7 3
1.9 0.128 1.0040273538591154e-7 3
1.9 0.1810193359837562 7.590291636070782e-8 3
1.9 0.256 2.650145476508311e-8 3
1.9 0.3620386719675124 2.1214117666796337e-10 3
1.9 0.512 2.918239171776376e-11 3
1.9 0.7240773439350248 3.368493239710201e-14 3
1.8 0.001 0.9417459227183709 1
1.8 0.0014142135623730952 0.9415480403905181 1
1.8 0.002 0.9412726472666382 1
1.8 0.0028284271247461905 0.9408899226841401 1
1.8 0.004 0.9403569367573426 1
1.8 0.005656854249492381 0.9396088927659758 1
1.8 0.008 0.9385420686713305 1
1.8 0.011313708498984762 0.9369789332545702 1
1.8 0.016 0.9345911731102629 1
1.8 0.022627416997969524 0.9307086430493514 1
1.8 0.032 0.9237457042983372 1
1.8 0.04525483399593905 0.9087216005256051 1
1.8 0.064 1.5427639228419355e-7 3
1.8 0.0905096679918781 1.2063973424183951e-7 3
1.8 0.128 8.794296478938834e-8 3
1.8 0.1810193359837562 6.469065955041221e-8 3
1.8 0.256 3.0206722028750217e-9 3
1.8 0.3620386719675124 5.370440588956886e-11 3
1.8 0.512 8.879850588292418e-13 3
1.8 0.7240773439350248 1.0667539294932012e-14 3
1.7 0.001 0.9339307792275696 1
1.7 0.0014142135623730952 0.9336742033571185 1
1.7 0.002 0.9333141045476321 1
1.7 0.0028284271247461905 0.9328086853074147 1
1.7 0.004 0.9320969621438085 1
1.7 0.005656854249492381 0.9310857359839108 1
1.7 0.008 0.929623487172227 1
1.7 0.011313708498984762 0.9274444756776392 1
1.7 0.016 0.9240364969327912 1
1.7 0.022627416997969524 0.918273407876552 1
1.7 0.032 0.907050857345471 1
1.7 0.04525483399593905 0.87427312179823 2
1.7 0.064 1.3186207250338778e-7 3
1.7 0.0905096679918781 1.0672694545588974e-7 3
1.7 0.128 8.176150680069969e-8 3
1.7 0.1810193359837562 6.327897176511384e-8 3
1.7 0.256 1.4220092252884626e-9 3
1.7 0.3620386719675124 1.0110486876338178e-11 3
1.7 0.512 6.963270501422561e-14 3
1.7 0.7240773439350248 1.2542321930102172e-13 3
1.6 0.001 0.923487434888166 1
1.6 0.0014142135623730952 0.9231361814319006 1
1.6 0.002 0.9226386779398088 1
1.6 0.0028284271247461905 0.9219323314702361 1
1.6 0.004 0.9209236431347054 1
1.6 0.005656854249492381 0.9194660327159628 1
1.6 0.008 0.9173133749674028 1
1.6 0.011313708498984762 0.9140126022892042 1
1.6 0.016 0.9086158111035749 1
1.6 0.022627416997969524 0.898677564508306 1
1.6 0.032 0.8736728151565475 2
1.6 0.04525483399593905 1.4205614806111556e-7 3
1.6 0.064 1.1864097720077455e-7 3
1.6 0.0905096679918781 9.723549434558338e-8 3
1.6 0.128 7.196870551286315e-8 3
1.6 0.1810193359837562 5.60104100259373e-8 3
1.6 0.256 1.020507587532037e-9 3
1.6 0.3620386719675124 4.81385277459749e-12 3
1.6 0.512 1.0839296200038384e-14 3
1.6 0.7240773439350248 1.386025045930269e-16 3
1.5 0.001 0.9084781800085276 1
1.5 0.0014142135623730952 0.9079467530167347 1
1.5 0.002 0.9071855713236114 1
1.5 0.0028284271247461905 0.9060882748570058 1
1.5 0.004 0.9044889106994505 1
1.5 0.005656854249492381 0.9021125728393776 1
1.5 0.008 0.898460795664845 1
1.5 0.011313708498984762 0.8924960175443715 1
1.5 0.016 0.8814683187298435 2
1.5 0.022627416997969524 0.8505670547299679 2
1.5 0.032 1.3982124889804312e-7 3
1.5 0.04525483399593905 1.2291921883819512e-7 3
1.5 0.064 1.0484515483199259e-7 3
1.5 0.0905096679918781 8.58458282992578e-8 3
1.5 0.128 6.898052219967449e-8 3
1.5 0.1810193359837562 5.381853265103905e-8 3
1.5 0.256 1.5399442797241152e-9 3
1.5 0.3620386719675124 9.397717010340525e-12 3
1.5 0.512 1.7372524595319927e-14 3
1.5 0.7240773439350248 1.4010482333269383e-17 3
1.4 0.001 0.8832104199246744 2
1.4 0.0014142135623730952 0.8821675774147064 2
1.4 0.002 0.8806387641283031 2
1.4 0.0028284271247461905 0.8783566585850411 2
1.4 0.004 0.8748453847770118 2
1.4 0.005656854249492381 0.8691347822218857 2
1.4 0.008 0.8586457287965625 2
1.4 0.011313708498984762 0.8209473301748219 2
1.4 0.016 1.384845727638294e-7 3
1.4 0.022627416997969524 1.252976871313431e-7 3
1.4 0.032 1.175160577098436e-7 3
1.4 0.04525483399593905 1.0411734093617292e-7 3
1.4 0.064 8.937247200242984e-8 3
1.4 0.0905096679918781 7.51905145363977e-8 3
1.4 0.128 6.419015393787034e-8 3
1.4 0.1810193359837562 4.958785862628275e-8 3
1.4 0.256 3.782058620755672e-9 3
1.4 0.3620386719675124 3.354180955538444e-11 3
1.4 0.512 9.048950637170947e-14 3
1.4 0.7240773439350248 1.5279771555402318e-16 3
1.3 0.001 1.25504551447459e-7 3
1.3 0.0014142135623730952 1.2949342382656093e-7 3
1.3 0.002 1.2418640031426883e-7 3
1.3 0.0028284271247461905 1.249169604149602e-7 3
1.3 0.004 1.2100872301349837e-7 3
1.3 0.005656854249492381 1.2204208481049156e-7 3
1.3 0.008 1.1649196563420569e-7 3
1.3 0.011313708498984762 1.1234318716188658e-7 3
1.3 0.016 1.0838416563229846e-7 3
1.3 0.022627416997969524 1.0489484511391974e-7 3
1.3 0.032 9.41813992982226e-8 3
1.3 0.04525483399593905 8.994208562107106e-8 3
1.3 0.064 7.51565146138161e-8 3
1.3 0.0905096679918781 6.747026794125758e-8 3
1.3 0.128 5.3766689121546916e-8 3
1.3 0.1810193359837562 4.937058776093787e-8 3
1.3 0.256 9.552225726259548e-9 3
1.3 0.3620386719675124 1.4717083772126254e-10 3
1.3 0.512 7.886869935287247e-13 3
1.3 0.7240773439350248 1.3418445311479079e-15 3
1.2 0.001 9.917230715345679e-8 3
1.2 0.0014142135623730952 9.998682414613767e-8 3
1.2 0.002 9.634442589937126e-8 3
1.2 0.0028284271247461905 9.360040955154981e-8 3
1.2 0.004 9.64757998288474e-8 3
1.2 0.005656854249492381 9.69825826758202e-8 3
1.2 0.008 9.299763824978437e-8 3
1.2 0.011313708498984762 8.992958956325447e-8 3
1.2 0.016 8.595050228857218e-8 3
1.2 0.022627416997969524 8.121728387979899e-8 3
1.2 0.032 7.551979110640244e-8 3
1.2 0.04525483399593905 6.984885578888195e-8 3
1.2 0.064 6.64142311544265e-8 3
1.2 0.0905096679918781 5.631019672346052e-8 3
1.2 0.128 5.067058582986619e-8 3
1.2 0.1810193359837562 4.169316371240167e-8 3
1.2 0.256 2.4997349289754477e-8 3
1.2 0.3620386719675124 6.777283444248893e-10 3
1.2 0.512 6.637401700992489e-12 3
1.2 0.7240773439350248 2.100193922414681e-14 3
1.1 0.001 7.842483225837721e-8 3
1.1 0.0014142135623730952 7.904293291658807e-8 3
1.1 0.002 7.746509195539759e-8 3
1.1 0.0028284271247461905 7.311823848637606e-8 3
1.1 0.004 7.778088256531561e-8 3
1.1 0.005656854249492381 7.760586299129288e-8 3
1.1 0.008 7.10510839262477e-8 3
1.1 0.011313708498984762 6.982125494740703e-8 3
1.1 0.016 7.201384359928575e-8 3
1.1 0.022627416997969524 7.049204965721383e-8 3
1.1 0.032 6.403422933142643e-8 3
1.1 0.04525483399593905 5.8920912225563974e-8 3
1.1 0.064 5.567402947785123e-8 3
1.1 0.0905096679918781 4.9948731198547656e-8 3
1.1 0.128 4.4956423452538464e-8 3
1.1 0.1810193359837562 3.817529688429766e-8 3
1.1 0.256 3.508196770393953e-8 3
1.1 0.3620386719675124 2.1105195369906887e-9 3
1.1 0.512 3.5428293795342545e-11 3
1.1 0.7240773439350248 2.8424799827580006e-13 3
