3.0 0.001 0.8076559118204099 0
3.0 0.002 0.8075229888503715 0
3.0 0.004 0.807255744365167 0
3.0 0.008 0.806716311449746 0
3.0 0.016 0.8056181845178918 0
3.0 0.032 0.8033301136724813 0
3.0 0.064 0.7982615294233886 0
3.0 0.128 0.7854210749910568 0
3.0 0.256 0.7797622328366944 2
3.0 0.512 0.7587956289486262 2
3.0 0.999 0.7199043023222638 2
2.9 0.001 0.8000511496972502 0
2.9 0.002 0.7999061273392635 0
2.9 0.004 0.799614367064975 0
2.9 0.008 0.7990246309980639 0
2.9 0.016 0.7978210669386513 0
2.9 0.032 0.7953040898090729 0
2.9 0.064 0.7897026264914591 0
2.9 0.128 0.775405177250402 0
2.9 0.256 0.7688912911813119 2
2.9 0.512 0.7432539725709938 1
2.9 0.999 0.6740694996988608 2
2.8 0.001 0.791804022261783 0
2.8 0.002 0.7916449409467362 0
2.8 0.004 0.791324697338529 0
2.8 0.008 0.7906765178660419 0
2.8 0.016 0.7893503442805494 0
2.8 0.032 0.7865662768557402 0
2.8 0.064 0.7803382544595023 0
2.8 0.128 0.7642993361776215 0
2.8 0.256 0.75673050373583 2
2.8 0.512 0.7249573663157596 2
2.8 0.999 0.5936731891176082 2
2.7 0.001 0.7828228818787687 0
2.7 0.002 0.7826472974242888 0
2.7 0.004 0.7822936194640318 0
2.7 0.008 0.781576831432467 0
2.7 0.016 0.7801065787423098 0
2.7 0.032 0.7770075154385074 0
2.7 0.064 0.7700341991259902 0
2.7 0.128 0.7518834565832857 0
2.7 0.256 0.6863969646977068 0
2.7 0.512 0.7029276930728028 2
2.7 0.999 2.828514863601352e-8 3
2.6 0.001 0.7729953798130076 0
2.6 0.002 0.77280019391038 0
2.6 0.004 0.7724068014403775 0
2.6 0.008 0.7716084996079722 0
2.6 0.016 0.7699668665714947 0
2.6 0.032 0.7664916249690193 0
2.6 0.064 0.758619561527148 0
2.6 0.128 0.7378627718368302 0
2.6 0.256 0.6594662665133046 0
2.6 0.512 0.6755735088487591 2
2.6 0.999 2.835148469919205e-8 3
2.5 0.001 0.7621813505058114 0
2.5 0.002 0.7619625607146548 0
2.5 0.004 0.7615213365901539 0
2.5 0.008 0.7606248174748095 0
2.5 0.016 0.7587763859604306 0
2.5 0.032 0.7548451716693462 0
2.5 0.064 0.745871365105504 0
2.5 0.128 0.7218286848481612 0
2.5 0.256 0.6252107078697131 0
2.5 0.512 0.6400364979805749 2
2.5 0.999 2.4961117827154697e-8 3
2.4 0.001 0.7502021683544472 0
2.4 0.002 0.7499544870461747 0
2.4 0.004 0.7494546984647961 0
2.4 0.008 0.7484378400961015 0
2.4 0.016 0.7463355609072899 0
2.4 0.032 0.741841657650413 0
2.4 0.064 0.7314898595807704 0
2.4 0.128 0.7031897318592574 0
2.4 0.256 0.5787919489740931 0
2.4 0.512 9.340878198933828e-8 3
2.4 0.999 2.4571460126095965e-8 3
2.3 0.001 0.7368241766979491 0
2.3 0.002 0.7365404268351003 0
2.3 0.004 0.735967489024304 0
2.3 0.008 0.734800171993648 0
2.3 0.016 0.7323797259373412 0
2.3 0.032 0.7271759637537458 0
2.3 0.064 0.7150568017694274 0
2.3 0.128 0.6810403228763025 0
2.3 0.256 0.5081935006101379 0
2.3 0.512 7.731740827525839e-8 3
2.3 0.999 2.2959430595809188e-8 3
2.2 0.001 0.7217316338433164 0
2.2 0.002 0.7214017429639461 0
2.2 0.004 0.7207351619285487 0
2.2 0.008 0.7193749482838504 0
2.2 0.016 0.7165452277745219 0
2.2 0.032 0.7104207356480662 0
2.2 0.064 0.6959602454817795 0
2.2 0.128 0.6538851250743016 0
2.2 0.256 0.3638759478619789 1
2.2 0.512 6.631953449382585e-8 3
2.2 0.999 2.3406981140524053e-8 3
2.1 0.001 0.7044799278158037 0
2.1 0.002 0.7040891548993744 0
2.1 0.004 0.7032988803446716 0
2.1 0.008 0.7016833259061086 0
2.1 0.016 0.6983093114923641 0
2.1 0.032 0.6909467080455005 0
2.1 0.064 0.6732473393904936 0
2.1 0.128 0.6189742134642676 0
2.1 0.256 -1 1
2.1 0.512 5.830079138673479e-8 3
2.1 0.999 2.2932849489613034e-8 3
2.0 0.001 0.6844086182498408 0
2.0 0.002 0.6839341628990191 0
2.0 0.004 0.6829736135653293 0
2.0 0.008 0.6810054581772441 0
2.0 0.016 0.6768747689655513 0
2.0 0.032 0.6677639193876387 0
2.0 0.064 0.6453025501247762 0
2.0 0.128 0.5703212849255892 0
2.0 0.256 3.0669252158574206e-7 3
2.0 0.512 5.240119702643388e-8 3
2.0 0.999 2.3264756395867206e-8 3
1.9 0.001 0.6604640177968649 0
1.9 0.002 0.6598678676025105 0
1.9 0.004 0.6586591242743787 0
1.9 0.008 0.6561745727752266 0
1.9 0.016 0.6509244280006437 0
1.9 0.032 0.6391658112572741 0
1.9 0.064 0.6090242444648926 0
1.9 0.128 0.4900385524897909 0
1.9 0.256 1.862707906543803e-7 3
1.9 0.512 5.089579117079782e-8 3
1.9 0.999 2.1496334494996826e-8 3
1.8 0.001 0.6307881323259887 0
1.8 0.002 0.6299996015719301 0
1.8 0.004 0.6283970440028253 0
1.8 0.008 0.6250868036086329 0
1.8 0.016 0.6180168747473085 0
1.8 0.032 0.6017833410133945 0
1.8 0.064 0.5571168683100821 0
1.8 0.128 -1 1
1.8 0.256 1.329140762056475e-7 3
1.8 0.512 4.370291025172402e-8 3
1.8 0.999 2.161337706053843e-8 3
1.7 0.001 0.5915691442671138 0
1.7 0.002 0.5904317047124131 0
1.7 0.004 0.5881100800057317 0
1.7 0.008 0.5832708383678743 0
1.7 0.016 0.5727249870028568 0
1.7 0.032 0.5472620809002867 0
1.7 0.064 0.4633521533206969 0
1.7 0.128 4.582004659780915e-7 3
1.7 0.256 1.0267487553867106e-7 3
1.7 0.512 4.3393068761770596e-8 3
1.7 0.999 1.9116879051125244e-8 3
1.6 0.001 0.5326087719164267 0
1.6 0.002 0.5306382525986464 0
1.6 0.004 0.5265724043268408 0
1.6 0.008 0.5178963350919863 0
1.6 0.016 0.4979086511940253 0
1.6 0.032 0.4407732183741053 0
1.6 0.064 -1 1
1.6 0.128 2.1754574007983846e-7 3
1.6 0.256 8.321376726676734e-8 3
1.6 0.512 3.6678921540789646e-8 3
1.6 0.999 1.9557693900187494e-8 3
1.5 0.001 0.3985276606788169 0
1.5 0.002 0.3912404123280311 1
1.5 0.004 0.3748179321098291 1
1.5 0.008 0.3300554473576925 1
1.5 0.016 -1 1
1.5 0.032 8.547157406490931e-7 3
1.5 0.064 3.195829449672958e-7 3
1.5 0.128 1.4369321997771712e-7 3
1.5 0.256 6.779417554590346e-8 3
1.5 0.512 3.601391307613545e-8 3
1.5 0.999 1.9846146175858868e-8 3
1.4 0.001 5.186846378326366e-7 3
1.4 0.002 5.022400206348336e-7 3
1.4 0.004 4.760529092557986e-7 3
1.4 0.008 4.1929105014377525e-7 3
1.4 0.016 3.5043177028547844e-7 3
1.4 0.032 2.57063016431379e-7 3
1.4 0.064 1.714288171586274e-7 3
1.4 0.128 1.0296738618608981e-7 3
1.4 0.256 5.9355123148803506e-8 3
1.4 0.512 3.603158250865294e-8 3
1.4 0.999 1.7931873496189896e-8 3
1.3 0.001 2.017241440198052e-7 3
1.3 0.002 1.9695888758930345e-7 3
1.3 0.004 1.9714743386931663e-7 3
1.3 0.008 1.8815791126304405e-7 3
1.3 0.016 1.7289781153251028e-7 3
1.3 0.032 1.41348822842191e-7 3
1.3 0.064 1.0953855078134315e-7 3
1.3 0.128 8.121511945602516e-8 3
1.3 0.256 5.383466997333081e-8 3
1.3 0.512 3.29230367456468e-8 3
1.3 0.999 2.088445211906654e-8 3
1.2 0.001 1.1960528460284925e-7 3
1.2 0.002 1.1863174220581836e-7 3
1.2 0.004 1.1742076970873612e-7 3
1.2 0.008 1.1107876883283579e-7 3
1.2 0.016 1.0757790193404184e-7 3
1.2 0.032 9.772657857067944e-8 3
1.2 0.064 8.253276391972389e-8 3
1.2 0.128 6.396555892510807e-8 3
1.2 0.256 4.112832565726175e-8 3
1.2 0.512 2.8108572704949605e-8 3
1.2 0.999 1.568346600248398e-8 3
1.1 0.001 8.489118327611026e-8 3
1.1 0.002 8.449973735005883e-8 3
1.1 0.004 8.40130605697131e-8 3
1.1 0.008 7.749584605930532e-8 3
1.1 0.016 7.440325084365192e-8 3
1.1 0.032 7.329673960715671e-8 3
1.1 0.064 6.095329481497868e-8 3
1.1 0.128 5.200801185708868e-8 3
1.1 0.256 3.659775346869882e-8 3
1.1 0.512 2.3603276652406374e-8 3
1.1 0.999 1.6159419881813848e-8 3
