3.0 0.001 0.8076559118204099 0
3.0 0.0014142135623730952 0.8076009143013949 0
3.0 0.002 0.8075229888503715 0
3.0 0.0028284271247461905 0.8074125078907609 0
3.0 0.004 0.807255744365167 0
3.0 0.005656854249492381 0.8070330732766519 0
3.0 0.008 0.806716311449746 0
3.0 0.011313708498984762 0.8062646571521103 0
3.0 0.016 0.8056181845178918 0
3.0 0.022627416997969524 0.8046867766324742 0
3.0 0.032 0.8033301136724813 0
3.0 0.04525483399593905 0.801319526244637 0
3.0 0.064 0.7982615294233886 0
3.0 0.0905096679918781 0.7934354917562243 0
3.0 0.128 0.7854210749910568 0
3.0 0.1810193359837562 0.7711402737900916 0
3.0 0.256 0.7797622328366944 2
3.0 0.3620386719675124 0.7701374482235275 2
3.0 0.512 0.7587956289486262 2
3.0 0.7240773439350248 0.7452417990521278 2
2.9 0.001 0.8000511496972502 0
2.9 0.0014142135623730952 0.7999911530449755 0
2.9 0.002 0.7999061273392635 0
2.9 0.0028284271247461905 0.7997855433208514 0
2.9 0.004 0.799614367064975 0
2.9 0.005656854249492381 0.7993710635832575 0
2.9 0.008 0.7990246309980639 0
2.9 0.011313708498984762 0.798530061449169 0
2.9 0.016 0.7978210669386513 0
2.9 0.022627416997969524 0.7967977156056908 0
2.9 0.032 0.7953040898090729 0
2.9 0.04525483399593905 0.793085564335751 0
2.9 0.064 0.7897026264914591 0
2.9 0.0905096679918781 0.7843459653963998 0
2.9 0.128 0.775405177250402 0
2.9 0.1810193359837562 0.7593312033869662 0
2.9 0.256 0.7688912911813119 2
2.9 0.3620386719675124 0.7575981486423706 2
2.9 0.512 0.7432539725709938 1
2.9 0.512 0.7432539725709938 4
2.9 0.7240773439350248 0.7230401973311623 2
2.8 0.001 0.791804022261783 0
2.8 0.0014142135623730952 0.791738216719839 0
2.8 0.002 0.7916449409467362 0
2.8 0.0028284271247461905 0.7915126183995196 0
2.8 0.004 0.791324697338529 0
2.8 0.005656854249492381 0.7910574238250844 0
2.8 0.008 0.7906765178660419 0
2.8 0.011313708498984762 0.7901320688010385 0
2.8 0.016 0.7893503442805494 0
2.8 0.022627416997969524 0.788219871796225 0
2.8 0.032 0.7865662768557402 0
2.8 0.04525483399593905 0.7841040102616397 0
2.8 0.064 0.7803382544595023 0
2.8 0.0905096679918781 0.7743519004800035 0
2.8 0.128 0.7642993361776215 0
2.8 0.1810193359837562 0.7460309386478217 0
2.8 0.256 0.75673050373583 2
2.8 0.3620386719675124 0.7433204891555069 2
2.8 0.512 0.7249573663157596 2
2.8 0.7240773439350248 0.6948646003249853 2
2.7 0.001 0.7828228818787687 0
2.7 0.0014142135623730952 0.7827502575320874 0
2.7 0.002 0.7826472974242888 0
2.7 0.0028284271247461905 0.782501195819668 0
2.7 0.004 0.7822936194640318 0
2.7 0.005656854249492381 0.7819982090344195 0
2.7 0.008 0.781576831432467 0
2.7 0.011313708498984762 0.780973800182744 0
2.7 0.016 0.7801065787423098 0
2.7 0.022627416997969524 0.7788499742816917 0
2.7 0.032 0.7770075154385074 0
2.7 0.04525483399593905 0.7742563336675371 0
2.7 0.064 0.7700341991259902 0
2.7 0.0905096679918781 0.7632907642061844 0
2.7 0.128 0.7518834565832857 0
2.7 0.1810193359837562 0.7308767040297671 0
2.7 0.256 0.6863969646977068 0
2.7 0.3620386719675124 0.7268411647433503 2
2.7 0.512 0.7029276930728028 2
2.7 0.7240773439350248 0.6571283967454371 2
2.6 0.001 0.7729953798130076 0
2.6 0.0014142135623730952 0.7729146566159781 0
2.6 0.002 0.77280019391038 0
2.6 0.0028284271247461905 0.7726377257068393 0
2.6 0.004 0.7724068014403775 0
2.6 0.005656854249492381 0.7720779658113778 0
2.6 0.008 0.7716084996079722 0
2.6 0.011313708498984762 0.7709358265348261 0
2.6 0.016 0.7699668665714947 0
2.6 0.022627416997969524 0.7685598965351542 0
2.6 0.032 0.7664916249690193 0
2.6 0.04525483399593905 0.7633934557135169 0
2.6 0.064 0.758619561527148 0
2.6 0.0905096679918781 0.7509515937174139 0
2.6 0.128 0.7378627718368302 0
2.6 0.1810193359837562 0.7133548210609717 0
2.6 0.256 0.6594662665133046 0
2.6 0.3620386719675124 0.7074885296813256 2
2.6 0.512 0.6755735088487591 2
2.6 0.7240773439350248 0.6015817030775468 2
2.5 0.001 0.7621813505058114 0
2.5 0.0014142135623730952 0.7620908751070036 0
2.5 0.002 0.7619625607146548 0
2.5 0.0028284271247461905 0.7617803818563018 0
2.5 0.004 0.7615213365901539 0
2.5 0.005656854249492381 0.7611522342221271 0
2.5 0.008 0.7606248174748095 0
2.5 0.011313708498984762 0.7598681681426455 0
2.5 0.016 0.7587763859604306 0
2.5 0.022627416997969524 0.757187518748594 0
2.5 0.032 0.7548451716693462 0
2.5 0.04525483399593905 0.7513236787681219 0
2.5 0.064 0.745871365105504 0
2.5 0.0905096679918781 0.7370527844442032 0
2.5 0.128 0.7218286848481612 0
2.5 0.1810193359837562 0.6927023051875295 0
2.5 0.256 0.6252107078697131 0
2.5 0.3620386719675124 0.31352242933500585 0
2.5 0.512 0.6400364979805749 2
2.5 0.7240773439350248 4.709374057723266e-8 3
2.4 0.001 0.7502021683544472 0
2.4 0.0014142135623730952 0.750099756877025 0
2.4 0.002 0.7499544870461747 0
2.4 0.0028284271247461905 0.7497481773905934 0
2.4 0.004 0.7494546984647961 0
2.4 0.005656854249492381 0.7490362742821914 0
2.4 0.008 0.7484378400961015 0
2.4 0.011313708498984762 0.7475781955352018 0
2.4 0.016 0.7463355609072899 0
2.4 0.022627416997969524 0.7445227495981526 0
2.4 0.032 0.741841657650413 0
2.4 0.04525483399593905 0.7377937629510504 0
2.4 0.064 0.7314898595807704 0
2.4 0.0905096679918781 0.7212051968247404 0
2.4 0.128 0.7031897318592574 0
2.4 0.1810193359837562 0.6677123346586153 0
2.4 0.256 0.5787919489740931 0
2.4 0.3620386719675124 8.091130805253121e-7 3
2.4 0.512 9.340878198933828e-8 3
2.4 0.7240773439350248 4.449302610902716e-8 3
2.3 0.001 0.7368241766979491 0
2.3 0.0014142135623730952 0.736706865522562 0
2.3 0.002 0.7365404268351003 0
2.3 0.0028284271247461905 0.7363039829344942 0
2.3 0.004 0.735967489024304 0
2.3 0.005656854249492381 0.7354874229886583 0
2.3 0.008 0.734800171993648 0
2.3 0.011313708498984762 0.7338115728495512 0
2.3 0.016 0.7323797259373412 0
2.3 0.022627416997969524 0.7302851981640791 0
2.3 0.032 0.7271759637537458 0
2.3 0.04525483399593905 0.7224577946687641 0
2.3 0.064 0.7150568017694274 0
2.3 0.0905096679918781 0.7028470599737137 0
2.3 0.128 0.6810403228763025 0
2.3 0.1810193359837562 0.6363034663035444 0
2.3 0.256 0.5081935006101379 0
2.3 0.3620386719675124 2.9227429879985277e-7 3
2.3 0.512 7.731740827525839e-8 3
2.3 0.7240773439350248 3.9012251534952495e-8 3
2.2 0.001 0.7217316338433164 0
2.2 0.0014142135623730952 0.7215952651008656 0
2.2 0.002 0.7214017429639461 0
2.2 0.0028284271247461905 0.7211267330750015 0
2.2 0.004 0.7207351619285487 0
2.2 0.005656854249492381 0.7201761158800326 0
2.2 0.008 0.7193749482838504 0
2.2 0.011313708498984762 0.7182207033989043 0
2.2 0.016 0.7165452277745219 0
2.2 0.022627416997969524 0.7140866047909702 0
2.2 0.032 0.7104207356480662 0
2.2 0.04525483399593905 0.7048229036668244 0
2.2 0.064 0.6959602454817795 0
2.2 0.0905096679918781 0.6811201074215563 0
2.2 0.128 0.6538851250743016 0
2.2 0.1810193359837562 0.594395821050189 0
2.2 0.256 0.3638759478619789 0
2.2 0.3620386719675124 1.8300409426740381e-7 3
2.2 0.512 6.631953449382585e-8 3
2.2 0.7240773439350248 3.9042098448822216e-8 3
2.1 0.001 0.7044799278158037 0
2.1 0.0014142135623730952 0.7043184175791013 0
2.1 0.002 0.7040891548993744 0
2.1 0.0028284271247461905 0.7037632243269502 0
2.1 0.004 0.7032988803446716 0
2.1 0.005656854249492381 0.7026353752173154 0
2.1 0.008 0.7016833259061086 0
2.1 0.011313708498984762 0.7003092122797628 0
2.1 0.016 0.6983093114923641 0
2.1 0.022627416997969524 0.6953634093815034 0
2.1 0.032 0.6909467080455005 0
2.1 0.04525483399593905 0.684147420465553 0
2.1 0.064 0.6732473393904936 0
2.1 0.0905096679918781 0.654609068778962 0
2.1 0.128 0.6189742134642676 0
2.1 0.1810193359837562 0.5320902414321269 0
2.1 0.256 9.375547371489067e-7 3
2.1 0.3620386719675124 1.3194309322202327e-7 3
2.1 0.512 5.830079138673479e-8 3
2.1 0.7240773439350248 3.456812728439734e-8 3
2.0 0.001 0.6844086182498408 0
2.0 0.0014142135623730952 0.6842125617031192 0
2.0 0.002 0.6839341628990191 0
2.0 0.0028284271247461905 0.6835381766166686 0
2.0 0.004 0.6829736135653293 0
2.0 0.005656854249492381 0.6821660393822059 0
2.0 0.008 0.6810054581772441 0
2.0 0.011313708498984762 0.679326525295576 0
2.0 0.016 0.6768747689655513 0
2.0 0.022627416997969524 0.673245393079505 0
2.0 0.032 0.6677639193876387 0
2.0 0.04525483399593905 0.6592306301714244 0
2.0 0.064 0.6453025501247762 0
2.0 0.0905096679918781 0.6207117976644928 0
2.0 0.128 0.5703212849255892 0
2.0 0.1810193359837562 0.41111107038740136 0
2.0 0.256 3.0669252158574206e-7 3
2.0 0.3620386719675124 1.0187476054768844e-7 3
2.0 0.512 5.240119702643388e-8 3
2.0 0.7240773439350248 3.3370179709309295e-8 3
1.9 0.001 0.6604640177968649 0
1.9 0.0014142135623730952 0.6602177449558411 0
1.9 0.002 0.6598678676025105 0
1.9 0.0028284271247461905 0.6593698621941565 0
1.9 0.004 0.6586591242743787 0
1.9 0.005656854249492381 0.6576409559185139 0
1.9 0.008 0.6561745727752266 0
1.9 0.011313708498984762 0.6540465481474467 0
1.9 0.016 0.6509244280006437 0
1.9 0.022627416997969524 0.6462702959287305 0
1.9 0.032 0.6391658112572741 0
1.9 0.04525483399593905 0.6279176563975867 0
1.9 0.064 0.6090242444648926 0
1.9 0.0905096679918781 0.5737545278040236 0
1.9 0.128 0.4900385524897909 0
1.9 0.1810193359837562 1.1744954639377422e-6 3
1.9 0.256 1.862707906543803e-7 3
1.9 0.3620386719675124 8.345222169179394e-8 3
1.9 0.512 5.089579117079782e-8 3
1.9 0.7240773439350248 3.230345927257801e-8 3
1.8 0.001 0.6307881323259887 0
1.8 0.0014142135623730952 0.630462532745553 0
1.8 0.002 0.6299996015719301 0
1.8 0.0028284271247461905 0.6293399565533986 0
1.8 0.004 0.6283970440028253 0
1.8 0.005656854249492381 0.6270431799719347 0
1.8 0.008 0.6250868036086329 0
1.8 0.011313708498984762 0.622233694991668 0
1.8 0.016 0.6180168747473085 0
1.8 0.022627416997969524 0.6116599907033773 0
1.8 0.032 0.6017833410133945 0
1.8 0.04525483399593905 0.5856791024531727 0
1.8 0.064 0.5571168683100821 0
1.8 0.0905096679918781 0.49668403070221334 0
1.8 0.128 0.19963440683999037 1
1.8 0.128 0.19963440683999037 4
1.8 0.1810193359837562 3.212716724474232e-7 3
1.8 0.256 1.329140762056475e-7 3
1.8 0.3620386719675124 7.412587415037335e-8 3
1.8 0.512 4.370291025172402e-8 3
1.8 0.7240773439350248 3.195745058408804e-8 3
1.7 0.001 0.5915691442671138 0
1.7 0.0014142135623730952 0.5910998595839787 0
1.7 0.002 0.5904317047124131 0
1.7 0.0028284271247461905 0.5894777084561986 0
1.7 0.004 0.5881100800057317 0
1.7 0.005656854249492381 0.5861380999711273 0
1.7 0.008 0.5832708383678743 0
1.7 0.011313708498984762 0.5790505919406732 0
1.7 0.016 0.5727249870028568 0
1.7 0.022627416997969524 0.5629759555347671 0
1.7 0.032 0.5472620809002867 0
1.7 0.04525483399593905 0.5198575693694085 0
1.7 0.064 0.4633521533206969 0
1.7 0.0905096679918781 0.20357457749524557 1
1.7 0.0905096679918781 0.20357457749524557 4
1.7 0.128 4.582004659780915e-7 3
1.7 0.1810193359837562 1.8659029159947674e-7 3
1.7 0.256 1.0267487553867106e-7 3
1.7 0.3620386719675124 6.327793603972926e-8 3
1.7 0.512 4.3393068761770596e-8 3
1.7 0.7240773439350248 2.6649383315332144e-8 3
1.6 0.001 0.5326087719164267 0
1.6 0.0014142135623730952 0.531797451652211 0
1.6 0.002 0.5306382525986464 0
1.6 0.0028284271247461905 0.5289747536529903 0
1.6 0.004 0.5265724043268408 0
1.6 0.005656854249492381 0.5230707955214917 0
1.6 0.008 0.5178963350919863 0
1.6 0.011313708498984762 0.5100882109235949 0
1.6 0.016 0.4979086511940253 0
1.6 0.022627416997969524 0.47780765294386185 0
1.6 0.032 0.4407732183741053 0
1.6 0.04525483399593905 0.34786539960477797 0
1.6 0.064 1.5205773545369745e-6 3
1.6 0.0905096679918781 4.340458110289755e-7 3
1.6 0.128 2.1754574007983846e-7 3
1.6 0.1810193359837562 1.296741955110175e-7 3
1.6 0.256 8.321376726676734e-8 3
1.6 0.3620386719675124 5.775682716056522e-8 3
1.6 0.512 3.6678921540789646e-8 3
1.6 0.7240773439350248 2.6941089328443704e-8 3
1.5 0.001 0.3985276606788169 0
1.5 0.0014142135623730952 0.39557396192125044 0
1.5 0.002 0.3912404123280311 0
1.5 0.0028284271247461905 0.3847676942524061 0
1.5 0.004 0.3748179321098291 0
1.5 0.005656854249492381 0.3587427081360054 0
1.5 0.011313708498984762 0.26169181224897753 1
1.5 0.011313708498984762 0.26169181224897753 4
1.5 0.016 5.796828199088658e-6 3
1.5 0.022627416997969524 1.7036503816972832e-6 3
1.5 0.032 8.547157406490931e-7 3
1.5 0.04525483399593905 4.992439246816547e-7 3
1.5 0.064 3.195829449672958e-7 3
1.5 0.0905096679918781 2.1191503503873338e-7 3
1.5 0.128 1.4369321997771712e-7 3
1.5 0.1810193359837562 1.0058927995662936e-7 3
1.5 0.256 6.779417554590346e-8 3
1.5 0.3620386719675124 4.946647112073137e-8 3
1.5 0.512 3.601391307613545e-8 3
1.5 0.7240773439350248 2.900034628287879e-8 3
1.4 0.001 5.186846378326366e-7 3
1.4 0.0014142135623730952 5.111658351056864e-7 3
1.4 0.002 5.022400206348336e-7 3
1.4 0.0028284271247461905 4.878087878926777e-7 3
1.4 0.004 4.760529092557986e-7 3
1.4 0.005656854249492381 4.474459722108307e-7 3
1.4 0.008 4.1929105014377525e-7 3
1.4 0.011313708498984762 3.8732693732513425e-7 3
1.4 0.016 3.5043177028547844e-7 3
1.4 0.022627416997969524 3.0621020143269564e-7 3
1.4 0.032 2.57063016431379e-7 3
1.4 0.04525483399593905 2.1181757027518536e-7 3
1.4 0.064 1.714288171586274e-7 3
1.4 0.0905096679918781 1.3508417295677026e-7 3
1.4 0.128 1.0296738618608981e-7 3
1.4 0.1810193359837562 7.961721144583573e-8 3
1.4 0.256 5.9355123148803506e-8 3
1.4 0.3620386719675124 4.3447398088995746e-8 3
1.4 0.512 3.603158250865294e-8 3
1.4 0.7240773439350248 2.5148444089154847e-8 3
1.3 0.001 2.017241440198052e-7 3
1.3 0.0014142135623730952 1.9914484089577612e-7 3
1.3 0.002 1.9695888758930345e-7 3
1.3 0.0028284271247461905 1.9955052910259334e-7 3
1.3 0.004 1.9714743386931663e-7 3
1.3 0.005656854249492381 1.9262246484857966e-7 3
1.3 0.008 1.8815791126304405e-7 3
1.3 0.011313708498984762 1.786699493662837e-7 3
1.3 0.016 1.7289781153251028e-7 3
1.3 0.022627416997969524 1.605823116078379e-7 3
1.3 0.032 1.41348822842191e-7 3
1.3 0.04525483399593905 1.3238432796338878e-7 3
1.3 0.064 1.0953855078134315e-7 3
1.3 0.0905096679918781 9.239053394862627e-8 3
1.3 0.128 8.121511945602516e-8 3
1.3 0.1810193359837562 6.395001476906535e-8 3
1.3 0.256 5.383466997333081e-8 3
1.3 0.3620386719675124 3.7899290887308736e-8 3
1.3 0.512 3.29230367456468e-8 3
1.3 0.7240773439350248 2.2485107233647478e-8 3
1.2 0.001 1.1960528460284925e-7 3
1.2 0.0014142135623730952 1.2030409270572898e-7 3
1.2 0.002 1.1863174220581836e-7 3
1.2 0.0028284271247461905 1.202975518166895e-7 3
1.2 0.004 1.1742076970873612e-7 3
1.2 0.005656854249492381 1.1503463500649846e-7 3
1.2 0.008 1.1107876883283579e-7 3
1.2 0.011313708498984762 1.0953559043345903e-7 3
1.2 0.016 1.0757790193404184e-7 3
1.2 0.022627416997969524 1.0226738021311803e-7 3
1.2 0.032 9.772657857067944e-8 3
1.2 0.04525483399593905 8.638181519004336e-8 3
1.2 0.064 8.253276391972389e-8 3
1.2 0.0905096679918781 7.087121416261411e-8 3
1.2 0.128 6.396555892510807e-8 3
1.2 0.1810193359837562 5.188194679762923e-8 3
1.2 0.256 4.112832565726175e-8 3
1.2 0.3620386719675124 3.303340167929323e-8 3
1.2 0.512 2.8108572704949605e-8 3
1.2 0.7240773439350248 2.3375188269478456e-8 3
1.1 0.001 8.489118327611026e-8 3
1.1 0.0014142135623730952 8.199753046806229e-8 3
1.1 0.002 8.449973735005883e-8 3
1.1 0.0028284271247461905 7.88978415744942e-8 3
1.1 0.004 8.40130605697131e-8 3
1.1 0.005656854249492381 7.955863452389308e-8 3
1.1 0.008 7.749584605930532e-8 3
1.1 0.011313708498984762 7.633566090358387e-8 3
1.1 0.016 7.440325084365192e-8 3
1.1 0.022627416997969524 7.6198628416301e-8 3
1.1 0.032 7.329673960715671e-8 3
1.1 0.04525483399593905 6.412648704408213e-8 3
1.1 0.064 6.095329481497868e-8 3
1.1 0.0905096679918781 5.8292657127895984e-8 3
1.1 0.128 5.200801185708868e-8 3
1.1 0.1810193359837562 4.139223862227181e-8 3
1.1 0.256 3.659775346869882e-8 3
1.1 0.3620386719675124 3.200921963368029e-8 3
1.1 0.512 2.3603276652406374e-8 3
1.1 0.7240773439350248 2.0681919788807668e-8 3
