3.0 0.001 0.9756716509287022 0
3.0 0.002 0.9755971592261844 0
3.0 0.004 0.9754676304035801 0
3.0 0.008 0.9752289212443881 0
3.0 0.016 0.9747381701785445 0
3.0 0.032 0.9735671831648044 0
3.0 0.064 0.9702385850701789 0
3.0 0.128 0.9584276876897817 0
3.0 0.256 0.8903600605234987 0
3.0 0.512 0.9295441753658045 2
3.0 0.999 2.7370298123541938e-8 3
2.9 0.001 0.9744324902685608 0
2.9 0.002 0.9743493675989527 0
2.9 0.004 0.9742044107463594 0
2.9 0.008 0.9739374193754418 0
2.9 0.016 0.9733899394583614 0
2.9 0.032 0.9720854081354207 0
2.9 0.064 0.9683591513510652 0
2.9 0.128 0.9548373333508975 0
2.9 0.256 0.8645191760001145 1
2.9 0.256 0.8645191760001145 4
2.9 0.512 0.9179029200364804 2
2.9 0.999 2.8660491362515392e-8 3
2.8 0.001 0.9730605957390419 0
2.8 0.002 0.9729673687888634 0
2.8 0.004 0.9728042060741163 0
2.8 0.008 0.9725036882813404 0
2.8 0.016 0.9718888086268562 0
2.8 0.032 0.9704250049070027 0
2.8 0.064 0.9662176988828457 0
2.8 0.128 0.9505161588079923 0
2.8 0.256 0.8091817196065298 1
2.8 0.512 0.9012911199822334 2
2.8 0.999 2.888323877150945e-8 3
2.7 0.001 0.9715334076973066 0
2.7 0.002 0.9714282624908563 0
2.7 0.004 0.9712434342045757 0
2.7 0.008 0.9709027973455899 0
2.7 0.016 0.9702070011936408 0
2.7 0.032 0.9685509832429253 0
2.7 0.064 0.9637528268467377 0
2.7 0.128 0.94519027930167 0
2.7 0.256 2.9926041797807564e-7 3
2.7 0.512 0.8748270792744719 2
2.7 0.999 2.7257756964649778e-8 3
2.6 0.001 0.9698229174855033 0
2.6 0.002 0.9697035974791375 0
2.6 0.004 0.9694927440502213 0
2.6 0.008 0.9691035920499983 0
2.6 0.016 0.96830950574005 0
2.6 0.032 0.9664183632173603 0
2.6 0.064 0.9608813136294411 0
2.6 0.128 0.9384113324792697 0
2.6 0.256 1.9747067463405712e-7 3
2.6 0.512 0.8192486530837658 2
2.6 0.999 2.9293104717899647e-8 3
2.5 0.001 0.9678938994964148 0
2.5 0.002 0.9677575614918185 0
2.5 0.004 0.9675151173601835 0
2.5 0.008 0.967066599042155 0
2.5 0.016 0.9661515178196598 0
2.5 0.032 0.9639682337583204 0
2.5 0.064 0.9574868957773004 0
2.5 0.128 0.9293702223243021 1
2.5 0.128 0.9293702223243021 4
2.5 0.256 1.4294902434371387e-7 3
2.5 0.512 5.5708735747316845e-8 3
2.5 0.999 5.462391060389441e-9 3
2.4 0.001 0.9657013928911502 0
2.4 0.002 0.9655444033289629 0
2.4 0.004 0.9652631545397043 0
2.4 0.008 0.964741010710638 0
2.4 0.016 0.9636746901167345 0
2.4 0.032 0.9611217194317561 0
2.4 0.064 0.9534008816627206 0
2.4 0.128 0.9163624016745167 1
2.4 0.256 1.1490279219492406e-7 3
2.4 0.512 4.58844330928474e-8 3
2.4 0.999 4.4322162401903963e-10 3
2.3 0.001 0.9631870275991712 0
2.3 0.002 0.9630046636533472 0
2.3 0.004 0.9626750955782798 0
2.3 0.008 0.9620602211044027 0
2.3 0.016 0.9608014674496663 0
2.3 0.032 0.9577703770381745 0
2.3 0.064 0.9483661802264564 0
2.3 0.128 0.8945524227467504 1
2.3 0.256 8.942772184509645e-8 3
2.3 0.512 4.546810852856129e-8 3
2.3 0.999 3.202303733243355e-11 3
2.2 0.001 0.9602735047850717 0
2.2 0.002 0.960059498920556 0
2.2 0.004 0.959668798894724 0
2.2 0.008 0.9589350080494456 0
2.2 0.016 0.9574262114792285 0
2.2 0.032 0.9537601568326148 0
2.2 0.064 0.9419639397147823 1
2.2 0.128 1.9046942824820728e-7 3
2.2 0.256 8.059148643675263e-8 3
2.2 0.512 3.700317776549939e-8 3
2.2 0.999 1.12141262011047e-12 3
2.1 0.001 0.9568560075507129 0
2.1 0.002 0.9566018281129127 0
2.1 0.004 0.9561323002073963 0
2.1 0.008 0.9552427014292937 0
2.1 0.016 0.95340066825999 0
2.1 0.032 0.9488629313147736 1
2.1 0.032 0.9488629313147736 4
2.1 0.064 0.933442379585476 1
2.1 0.128 1.461345489923519e-7 3
2.1 0.256 7.056072157374175e-8 3
2.1 0.512 7.5224992859461e-9 3
2.1 0.999 2.5604256624593543e-14 3
2.0 0.001 0.9527882510599007 0
2.0 0.002 0.952481901454136 0
2.0 0.004 0.9519083152749481 0
2.0 0.008 0.9508091286140121 1
2.0 0.008 0.9508091286140121 4
2.0 0.016 0.9485087913984138 1
2.0 0.016 0.9485087913984138 4
2.0 0.032 0.942721710123142 1
2.0 0.064 0.9212242422318275 1
2.0 0.128 1.1503592365460925e-7 3
2.0 0.256 5.8759148668388786e-8 3
2.0 0.512 5.411207952205311e-10 3
2.0 0.999 4.581988421327518e-16 3
1.9 0.001 0.9478585695671184 1
1.9 0.001 0.9478585695671184 4
1.9 0.002 0.94748244532883 1
1.9 0.002 0.94748244532883 4
1.9 0.004 0.9467673004436927 1
1.9 0.004 0.9467673004436927 4
1.9 0.008 0.9453765822914784 1
1.9 0.016 0.9424197865838448 1
1.9 0.032 0.9347327467795029 1
1.9 0.064 0.9008058484481647 2
1.9 0.128 1.0040273538591154e-7 3
1.9 0.256 2.650145476508311e-8 3
1.9 0.512 2.918239171776376e-11 3
1.9 0.999 1.3485824669788905e-16 3
1.8 0.001 0.9417459227183709 1
1.8 0.002 0.9412726472666382 1
1.8 0.004 0.9403569367573426 1
1.8 0.008 0.9385420686713305 1
1.8 0.016 0.9345911731102629 1
1.8 0.032 0.9237457042983372 1
1.8 0.064 1.5427639228419355e-7 3
1.8 0.128 8.794296478938834e-8 3
1.8 0.256 3.0206722028750217e-9 3
1.8 0.512 8.879850588292418e-13 3
1.8 0.999 2.1710460480858924e-16 3
1.7 0.001 0.9339307792275696 1
1.7 0.002 0.9333141045476321 1
1.7 0.004 0.9320969621438085 1
1.7 0.008 0.929623487172227 1
1.7 0.016 0.9240364969327912 1
1.7 0.032 0.907050857345471 1
1.7 0.064 1.3186207250338778e-7 3
1.7 0.128 8.176150680069969e-8 3
1.7 0.256 1.4220092252884626e-9 3
1.7 0.512 6.963270501422561e-14 3
1.7 0.999 8.790617199761889e-18 3
1.6 0.001 0.923487434888166 1
1.6 0.002 0.9226386779398088 1
1.6 0.004 0.9209236431347054 1
1.6 0.008 0.9173133749674028 1
1.6 0.016 0.9086158111035749 1
1.6 0.032 0.8736728151565475 2
1.6 0.064 1.1864097720077455e-7 3
1.6 0.128 7.196870551286315e-8 3
1.6 0.256 1.020507587532037e-9 3
1.6 0.512 1.0839296200038384e-14 3
1.6 0.999 -5.932987293638273e-17 3
1.5 0.001 0.9084781800085276 1
1.5 0.002 0.9071855713236114 1
1.5 0.004 0.9044889106994505 1
1.5 0.008 0.898460795664845 1
1.5 0.016 0.8814683187298435 2
1.5 0.032 1.3982124889804312e-7 3
1.5 0.064 1.0484515483199259e-7 3
1.5 0.128 6.898052219967449e-8 3
1.5 0.256 1.5399442797241152e-9 3
1.5 0.512 1.7372524595319927e-14 3
1.5 0.999 4.1687919012332734e-17 3
1.4 0.001 0.8832104199246744 2
1.4 0.002 0.8806387641283031 2
1.4 0.004 0.8748453847770118 2
1.4 0.008 0.8586457287965625 2
1.4 0.016 1.384845727638294e-7 3
1.4 0.032 1.175160577098436e-7 3
1.4 0.064 8.937247200242984e-8 3
1.4 0.128 6.419015393787034e-8 3
1.4 0.256 3.782058620755672e-9 3
1.4 0.512 9.048950637170947e-14 3
1.4 0.999 2.083442784674256e-16 3
1.3 0.001 1.25504551447459e-7 3
1.3 0.002 1.2418640031426883e-7 3
1.3 0.004 1.2100872301349837e-7 3
1.3 0.008 1.1649196563420569e-7 3
1.3 0.016 1.0838416563229846e-7 3
1.3 0.032 9.41813992982226e-8 3
1.3 0.064 7.51565146138161e-8 3
1.3 0.128 5.3766689121546916e-8 3
1.3 0.256 9.552225726259548e-9 3
1.3 0.512 7.886869935287247e-13 3
1.3 0.999 1.0573357723875985e-17 3
1.2 0.001 9.917230715345679e-8 3
1.2 0.002 9.634442589937126e-8 3
1.2 0.004 9.64757998288474e-8 3
1.2 0.008 9.299763824978437e-8 3
1.2 0.016 8.595050228857218e-8 3
1.2 0.032 7.551979110640244e-8 3
1.2 0.064 6.64142311544265e-8 3
1.2 0.128 5.067058582986619e-8 3
1.2 0.256 2.4997349289754477e-8 3
1.2 0.512 6.637401700992489e-12 3
1.2 0.999 2.2680809501718955e-16 3
1.1 0.001 7.842483225837721e-8 3
1.1 0.002 7.746509195539759e-8 3
1.1 0.004 7.778088256531561e-8 3
1.1 0.008 7.10510839262477e-8 3
1.1 0.016 7.201384359928575e-8 3
1.1 0.032 6.403422933142643e-8 3
1.1 0.064 5.567402947785123e-8 3
1.1 0.128 4.4956423452538464e-8 3
1.1 0.256 3.508196770393953e-8 3
1.1 0.512 3.5428293795342545e-11 3
1.1 0.999 1.1767514496866634e-15 3
