3.0 0.001 0.997485540509254 0
3.0 0.002 0.9974680400441237 0
3.0 0.004 0.9974286377328196 0
3.0 0.008 0.9973287139741538 0
3.0 0.016 0.9970488141221882 0
3.0 0.032 0.9961918366637952 0
3.0 0.064 0.9932844132726277 0
3.0 0.128 0.981556061977833 0
3.0 0.256 0.896446836248532 1
3.0 0.512 0.951207395224426 2
3.0 0.999 2.6761021309252537e-8 3
2.9 0.001 0.9973521260562108 0
2.9 0.002 0.9973326813284242 0
2.9 0.004 0.997289189115419 0
2.9 0.008 0.9971793258175068 0
2.9 0.016 0.996871574851899 0
2.9 0.032 0.9959248108175343 0
2.9 0.064 0.9926718693486283 0
2.9 0.128 0.979087847595266 0
2.9 0.256 0.8310625896152861 2
2.9 0.512 0.9390690854505437 2
2.9 0.999 2.5452011120157363e-8 3
2.8 0.001 0.9972037268735091 0
2.8 0.002 0.9971819834571682 0
2.8 0.004 0.99713367992931 0
2.8 0.008 0.9970121463474211 0
2.8 0.016 0.9966716400408326 0
2.8 0.032 0.9956181707088576 0
2.8 0.064 0.9919434220120931 0
2.8 0.128 0.9759025403607519 0
2.8 0.256 1.932550363616925e-7 3
2.8 0.512 0.9193560174142463 2
2.8 0.999 2.688312567286502e-8 3
2.7 0.001 0.9970376695935219 0
2.7 0.002 0.9970131756611458 0
2.7 0.004 0.9969591468434452 0
2.7 0.008 0.9968237711549117 0
2.7 0.016 0.9964443082762067 0
2.7 0.032 0.9952623324170764 0
2.7 0.064 0.9910626336512601 0
2.7 0.128 0.9716113207990713 1
2.7 0.256 1.3437609982831386e-7 3
2.7 0.512 0.8771973911609787 2
2.7 0.999 2.2716468587225066e-8 3
2.6 0.001 0.9968505958056921 0
2.6 0.002 0.9968227723271996 0
2.6 0.004 0.9967618510809908 0
2.6 0.008 0.9966098602259301 0
2.6 0.016 0.9961834652805754 0
2.6 0.032 0.9948442936568844 0
2.6 0.064 0.9899755348913941 1
2.6 0.128 0.965440623725513 1
2.6 0.256 1.0111158225728984e-7 3
2.6 0.512 4.6816436854427724e-8 3
2.6 0.999 1.80092991185728e-9 3
2.5 0.001 0.9966382372820389 0
2.5 0.002 0.9966063294254042 0
2.5 0.004 0.9965369993784634 0
2.5 0.008 0.9963647895327099 0
2.5 0.016 0.995881001233732 0
2.5 0.032 0.9943459221518296 1
2.5 0.064 0.9885981380010067 1
2.5 0.128 0.9554842590897784 1
2.5 0.256 7.90131537757591e-8 3
2.5 0.512 4.3918925981834016e-8 3
2.5 0.999 9.23976503467928e-11 3
2.4 0.001 0.996395083655657 1
2.4 0.002 0.9963580884734125 1
2.4 0.004 0.9962783414099343 1
2.4 0.008 0.9960811327649598 1
2.4 0.016 0.9955259077149256 1
2.4 0.032 0.993741069670304 1
2.4 0.064 0.9867908513252959 1
2.4 0.128 0.933931665219025 2
2.4 0.256 6.73275959362853e-8 3
2.4 0.512 3.474154726307501e-8 3
2.4 0.999 3.5102702934035403e-12 3
2.3 0.001 0.9961138939016785 1
2.3 0.002 0.9960704516633135 1
2.3 0.004 0.9959775909220023 1
2.3 0.008 0.9957488663539151 1
2.3 0.016 0.9951028244369249 1
2.3 0.032 0.9929904152821131 1
2.3 0.064 0.9842991164805317 1
2.3 0.128 8.778033206711424e-8 3
2.3 0.256 5.251612163979148e-8 3
2.3 0.512 2.54812531231487e-9 3
2.3 0.999 3.206759238138356e-14 3
2.2 0.001 0.9957849569204817 1
2.2 0.002 0.9957331796752404 1
2.2 0.004 0.9956233733690147 1
2.2 0.008 0.9953541068727159 1
2.2 0.016 0.9945895880490878 1
2.2 0.032 0.9920315420847283 1
2.2 0.064 0.9805873737317553 1
2.2 0.128 7.107938836282544e-8 3
2.2 0.256 2.0245368682855433e-9 3
2.2 0.512 1.6894035076715262e-11 3
2.2 0.999 2.384346454430367e-16 3
2.1 0.001 0.9953949390724128 1
2.1 0.002 0.9953321134911224 1
2.1 0.004 0.9951999677957643 1
2.1 0.008 0.9948770146888357 1
2.1 0.016 0.9939528548586513 1
2.1 0.032 0.9907578590743662 1
2.1 0.064 0.974195202237599 2
2.1 0.128 6.25243159572546e-10 3
2.1 0.256 2.631225935476851e-12 3
2.1 0.512 4.562188648173356e-14 3
2.1 0.999 2.1286496185418447e-16 3
2.0 0.001 0.9949250149046016 1
2.0 0.002 0.9948471266507911 1
2.0 0.004 0.9946845668449171 1
2.0 0.008 0.9942881418969676 1
2.0 0.016 0.9931396835331168 1
2.0 0.032 0.9889670810408179 1
2.0 0.064 0.9564500615630533 2
2.0 0.128 6.258524365170817e-14 3
2.0 0.256 5.601584684413299e-16 3
2.0 0.512 2.542894078175642e-16 3
2.0 0.999 2.9836362593028644e-17 3
1.9 0.001 0.9943476676103862 1
1.9 0.002 0.9942485325536552 1
1.9 0.004 0.9940429795640728 1
1.9 0.008 0.993541613021923 1
1.9 0.016 0.9920596769668465 1
1.9 0.032 0.9862044475705469 2
1.9 0.064 1.5068860508773126e-16 3
1.9 0.128 1.2164751617633182e-16 3
1.9 0.256 4.595509739864779e-18 3
1.9 0.512 2.8505667345158205e-16 3
1.9 0.999 2.103669011802862e-16 3
1.8 0.001 0.9936210813540867 1
1.8 0.002 0.9934906009198852 1
1.8 0.004 0.9932212885548806 1
1.8 0.008 0.9925613040689567 1
1.8 0.016 0.9905413993636971 2
1.8 0.032 0.9810377654712367 2
1.8 0.064 1.3992112276053158e-16 3
1.8 0.128 -4.13026674063483e-19 3
1.8 0.256 -1.4680943191585383e-18 3
1.8 0.512 2.7777985687744323e-16 3
1.8 0.999 2.372991055663148e-16 3
1.7 0.001 0.9926782661201667 1
1.7 0.002 0.9924988590771215 1
1.7 0.004 0.9921287915718083 1
1.7 0.008 0.9912093489264131 2
1.7 0.016 0.9881997551897075 2
1.7 0.032 1.5608744866556536e-16 3
1.7 0.064 1.5430198618266495e-16 3
1.7 0.128 1.1820500930954196e-16 3
1.7 0.256 -2.801755602825055e-18 3
1.7 0.512 2.5328049304711937e-16 3
1.7 0.999 1.604208003522509e-16 3
1.6 0.001 0.9914043579386451 1
1.6 0.002 0.9911427368030603 1
1.6 0.004 0.9905987310420707 2
1.6 0.008 0.9892008607656628 2
1.6 0.016 0.9838159896370273 2
1.6 0.032 1.558457333600531e-16 3
1.6 0.064 1.5464082841011428e-16 3
1.6 0.128 3.335796138200354e-16 3
1.6 0.256 4.102760209824604e-18 3
1.6 0.512 2.7428959995905964e-16 3
1.6 0.999 1.74328639321852e-16 3
1.5 0.001 0.9895839289458661 1
1.5 0.002 0.9891683563641627 1
1.5 0.004 0.9882811312889178 2
1.5 0.008 0.9857927375583846 2
1.5 0.016 1.7619982947726563e-11 3
1.5 0.032 4.2778383966725674e-13 3
1.5 0.064 3.522353868755178e-16 3
1.5 0.128 3.737125284146902e-16 3
1.5 0.256 1.3277054128615395e-16 3
1.5 0.512 2.1985218607027132e-16 3
1.5 0.999 4.188889241846634e-17 3
1.4 0.001 0.9867528844106782 2
1.4 0.002 0.9859960146470665 2
1.4 0.004 0.9842513350968918 2
1.4 0.008 0.977248515208614 2
1.4 0.016 2.280244305276016e-8 3
1.4 0.032 2.2114220466698507e-9 3
1.4 0.064 3.476520100574481e-11 3
1.4 0.128 5.757450119548026e-15 3
1.4 0.256 1.3890534516639596e-16 3
1.4 0.512 2.565645938784032e-16 3
1.4 0.999 1.4229197484359173e-17 3
1.3 0.001 0.981638611236149 2
1.3 0.002 0.9798200935945662 2
1.3 0.004 0.9738785976230367 2
1.3 0.008 8.887407033160368e-8 3
1.3 0.016 8.582824520311713e-8 3
1.3 0.032 7.250187568720592e-8 3
1.3 0.064 1.1827654625776368e-8 3
1.3 0.128 2.9346292906446474e-11 3
1.3 0.256 3.8989333256377926e-16 3
1.3 0.512 1.9562427262592713e-16 3
1.3 0.999 5.575647025136686e-18 3
1.2 0.001 0.9667648487605753 2
1.2 0.002 8.391874458515848e-8 3
1.2 0.004 8.183868828370187e-8 3
1.2 0.008 7.590176572767122e-8 3
1.2 0.016 7.211715624249579e-8 3
1.2 0.032 7.059862456466405e-8 3
1.2 0.064 5.7288462454912833e-8 3
1.2 0.128 2.6593331427637197e-9 3
1.2 0.256 7.951606815132377e-13 3
1.2 0.512 1.4339244704007275e-16 3
1.2 0.999 4.754338754462379e-17 3
1.1 0.001 6.889235779739568e-8 3
1.1 0.002 7.148432277064718e-8 3
1.1 0.004 6.686932538029315e-8 3
1.1 0.008 6.902903398554805e-8 3
1.1 0.016 6.53262512888616e-8 3
1.1 0.032 6.139288886060062e-8 3
1.1 0.064 5.099340816508635e-8 3
1.1 0.128 3.2235603871692625e-8 3
1.1 0.256 6.51773955315909e-11 3
1.1 0.512 1.6785908334617234e-15 3
1.1 0.999 4.8651667108443936e-17 3
