2.0 0.0 0.0 -0.04808118370819231 0.05338359983616863 0.07403520523604562 0.0 5.7613279459693876e-5 1.925970812954052 1.2479719811412202 0.0 2.123074471005544e-6 0.2962485974352783 0.8013000412761995 2.056852722375932
2.0 0.0 0.0 -0.04808044156535851 0.053381761376586935 0.07403356927151925 0.005 0.0005477596979662512 1.9259305044851498 1.2479860555387803 0.000960021849340958 1.9271890721945148e-5 0.2962420534091848 0.8012910044642129 2.056852722375932
2.0 0.0 0.0 -0.04807821857302963 0.053376296466649105 0.07402868935102123 0.01 0.0019841520189347586 1.9258097497421274 1.2480280312218 0.001921209673800286 6.954492923539865e-5 0.29622253641549384 0.8012640541583156 2.056852722375932
2.0 0.0 0.0 -0.04807828355647359 0.053370959484194444 0.07402239928953205 0.015 0.004280237493830475 1.9256072327944973 1.2479622791865341 0.0028843814600090657 0.00014994747820809258 0.29619735512221346 0.8013062707727315 2.057150840419209
2.0 0.0 0.0 -0.04807756750554293 0.053362965372900396 0.0740133612455567 0.02 0.007318485112995855 1.9253250928925345 1.2478985758922316 0.003850446850209204 0.00025643262930758804 0.2961611898057814 0.8013471762198405 2.05750268944235
2.0 0.0 0.0 -0.04807440622861392 0.05335089534080298 0.07400090569587908 0.025 0.010971191058292086 1.9249650056444452 1.2478963513446124 0.004820239345312408 0.0003846251542179686 0.2961113746334293 0.8013486047318725 2.057774726131613
2.0 0.0 0.0 -0.0480697972482691 0.053335872656465 0.0739856005895921 0.03 0.015120254824902599 1.9245274553522975 1.2479195928788651 0.005794230315988372 0.0005304645641325557 0.2960501745944743 0.8013336802358147 2.0580443505457704
2.0 0.0 0.0 -0.04806578619293089 0.05332001112632708 0.07396849607893685 0.035 0.01967353225151082 1.9240123842593384 1.247894675727871 0.0067725461024225045 0.0006907639610697116 0.29598177164703865 0.8013496807466705 2.0584723127804256
2.0 0.0 0.0 -0.048061212794176966 0.05330230708017911 0.07394912922885555 0.04 0.024548105606277567 1.9234213317695579 1.2478632890499688 0.0077555808473777615 0.0008626914942362074 0.2959043229305274 0.8013698365638486 2.0589647380341947
2.0 0.0 0.0 -0.04805609466437083 0.05328286425304147 0.07392757499394317 0.045 0.029677616578139738 1.9227552280202707 1.2478249113604376 0.00874353713148113 0.0010439639976971605 0.29581812551356584 0.8013944832290234 2.0595212788089516
2.0 0.0 0.0 -0.04805044606064013 0.05326176062811853 0.07390389553353893 0.05 0.035009906283227 1.9220149703282141 1.2477792117884536 0.009736574265022058 0.0012327870691784797 0.29572342725563544 0.8014238340825464 2.060141362720314
2.0 0.0 0.0 -0.04804427817684942 0.053239053299228394 0.07387814231954473 0.055 0.040503131049609654 1.9212014149730239 1.2477260295031056 0.010734818569060904 0.0014277164517593217 0.29562043014464207 0.8014579934653123 2.0608242346231456
2.0 0.0 0.0 -0.04803758812850811 0.05321477117224429 0.07385035244500739 0.06 0.04612481687157353 1.920315385533934 1.247665734237808 0.01173838152372707 0.0016276326501893504 0.2955092835258735 0.8014967250911111 2.061568087778569
2.0 0.0 0.0 -0.048030391010846274 0.053188946345261466 0.07382056375682014 0.065 0.05184828578424767 1.9193576479175956 1.2475980859626297 0.012747351878139173 0.0018316082524322073 0.2953901390581998 0.8015401844965271 2.062372628099781
2.0 0.0 0.0 -0.048022721269995405 0.05316162354425846 0.07378881936898657 0.07 0.05765262697594986 1.9183289123424951 1.247522152465158 0.01376180409772828 0.0020389132775582666 0.29526316559591914 0.8015889722069922 2.0632391967156227
2.0 0.0 0.0 -0.04801453466692868 0.05313276053503181 0.07375511941244069 0.075 0.06352045090475932 1.9172298959124696 1.2474398536772606 0.01478182571597284 0.002248941034951283 0.29512836511707874 0.8016418563605723 2.064162918610299
2.0 0.0 0.0 -0.04800588853342225 0.053102411904403575 0.07371951005274416 0.08 0.06943859928502309 1.9160612115050868 1.2473494258792177 0.015807474977871622 0.0024612265236359995 0.2949859205930741 0.8016999721590694 2.0651471386284888
2.0 0.0 0.0 -0.047996749315067866 0.053070534844893824 0.0736819894585524 0.085 0.07539547019406322 1.9148234907111616 1.2472524019228322 0.01683883051355482 0.0026753603690428005 0.2948358266266687 0.801762336523342 2.066187995456839
2.0 0.0 0.0 -0.04798715228820338 0.05303715511369557 0.07364258815431876 0.09 0.08138229686814465 1.9135172828821323 1.2471478004191214 0.017875951363512464 0.0028910285646645438 0.294678202558968 0.8018295823990838 2.0672872365323878
2.0 0.0 0.0 -0.047977096945259146 0.053002256014227894 0.07360131531794051 0.095 0.08739145785664153 1.9121431245579004 1.2470359362835843 0.01891890511334367 0.0031079570228517888 0.29451308761908485 0.8019015097353157 2.068443815274965
2.0 0.0 0.0 -0.04796655893465268 0.05296579853418092 0.07355816858299208 0.1 0.09341660745065034 1.9107015392764244 1.2469179689518748 0.019967769995011445 0.0033259188924227665 0.2943404718753996 0.8019773753365452 2.069654830704164
2.0 0.0 0.0 -0.0479555596675077 0.05292778617923208 0.07351316537727928 0.105 0.09945268893851131 1.9091929827498102 1.2467933916449063 0.02102260838541019 0.003544727684913842 0.29416042293310474 0.8020575074437076 2.070921148885081
2.0 0.0 0.0 -0.04794410208635508 0.052888202814574285 0.07346631291006094 0.11 0.10549546467846495 1.9076178946414883 1.246662342941065 0.022083490931492283 0.003764227571121525 0.2939729711223209 0.8021418194447498 2.072242219919679
2.0 0.0 0.0 -0.047932186940231825 0.052847027359370864 0.0734176153046389 0.115 0.11154128811368619 1.9059766862302154 1.2465250357404347 0.02315048986929692 0.00398428286176653 0.2937781345632936 0.8022301769542886 2.073617386521035
2.0 0.0 0.0 -0.047919837356620865 0.0528042650321132 0.07336708867617533 0.12 0.11758735163571825 1.9042697208899901 1.2463808407661143 0.024223670167249658 0.0042047856652772456 0.29357597269783703 0.8023229877196514 2.0750478850946363
2.0 0.0 0.0 -0.04790701245130591 0.05275985025887133 0.07331471438270233 0.125 0.12363072461639532 1.9024973929976796 1.24623145368356 0.025303125859749795 0.004425629979446209 0.2933664174373399 0.8024191630248463 2.0765298019210356
2.0 0.0 0.0 -0.04789373198504793 0.052713783116890074 0.0732605047809344 0.13 0.1296693863974369 1.9006600164050318 1.2460763438950153 0.026388927296287223 0.004646735858925433 0.29314951195684985 0.8025190470065225 2.078064227604003
2.0 0.0 0.0 -0.04787999781756186 0.052666039947151966 0.07320446017594581 0.135 0.13570151619297735 1.8987578961189824 1.2459156108949248 0.027481154735663687 0.004868032587762108 0.2929252639346544 0.8026225783315402 2.0796508609674893
2.0 0.0 0.0 -0.047865809088847966 0.05261659980438803 0.07314658158392849 0.14 0.14172552819528786 1.8967913155529126 1.2457494396595816 0.028579891832345605 0.005089458122682525 0.2926936720110951 0.8027296406195972 2.08128924124557
2.0 0.0 0.0 -0.04785116601717493 0.0525654388953088 0.07308686807149549 0.145 0.1477400816469162 1.8947605338208982 1.2455779565550955 0.02968522419341028 0.005310959256749027 0.29245473481300793 0.8028401552366153 2.082979058088426
2.0 0.0 0.0 -0.047836068751735905 0.052512533624644496 0.073025318237737 0.15 0.15374401225831943 1.8926657872044772 1.2454012804005377 0.030797239628599513 0.005532489075739626 0.2922084461412019 0.8029540484159347 2.084720057015922
2.0 0.0 0.0 -0.04782050211310751 0.05245784485582592 0.07296192268970626 0.155 0.15973618216939944 1.8905073083003194 1.2452200732663825 0.03191603704073368 0.005754003982425512 0.2919547692336397 0.8030708960359622 2.0865107719749485
2.0 0.0 0.0 -0.04780449289614863 0.05240137783949192 0.07289669276304213 0.16 0.16571600991947552 1.8882852592255537 1.2450334307585693 0.03304169515600993 0.005975475034335105 0.29169374680199756 0.8031912841012824 2.0883532778100493
2.0 0.0 0.0 -0.04778802757680539 0.05234309257377663 0.07282961758496935 0.165 0.17168263108721984 1.8859998277204266 1.2448419190409825 0.03417431692271846 0.006196868574591412 0.2914253407675055 0.8033148504272685 2.090246368409991
2.0 0.0 0.0 -0.048345076202920834 0.052840861253535494 0.07302416917466839 0.17 0.1837645800980074 1.8829240064122499 1.2235545189292159 0.03496750819691379 0.006552146922227 0.2921971083287183 0.8172909212702199 2.141118448478934
2.0 0.0 0.0 -0.04832647583927824 0.05278000859731401 0.07295367906077353 0.175 0.18973926994456825 1.880487522727707 1.2233581338484263 0.03610555036938651 0.006772998385595782 0.2919150396186912 0.8174221205806769 2.1431588525345084
2.0 0.0 0.0 -0.04830738206447288 0.0527172552717857 0.07288131924764793 0.18 0.1956957688580938 1.8779874955130573 1.223157482755524 0.03725092370900415 0.006993651939182271 0.29162548775669095 0.8175562134053292 2.1452506726467684
2.0 0.0 0.0 -0.048287779622739946 0.05265256370402416 0.0728070782060221 0.185 0.20163367080765218 1.8754240393903543 1.2229531281270887 0.038403745937259114 0.007214091846247129 0.29132840404584076 0.8176928264875247 2.1473927374057893
2.0 0.0 0.0 -0.04826769424746924 0.05258593645191501 0.07273096259871908 0.19 0.20755316675575766 1.8727971959845486 1.2227440248197463 0.039564113293185835 0.007434318834793788 0.2910238350801847 0.8178326613760525 2.149587524319021
2.0 0.0 0.0 -0.04824711037866419 0.05251732380289383 0.07265295428250912 0.195 0.21345373087820765 1.8701070387927419 1.2225308948041818 0.04073214465615655 0.007654310114732521 0.2907116722152162 0.8179752382946317 2.1518339627920096
2.0 0.0 0.0 -0.04822602485535726 0.05244670378406868 0.0725730475564823 0.2 0.21933530671543638 1.8673536105433948 1.222313713123931 0.04190796147761953 0.007874062916341495 0.2903919093975068 0.8181205767905917 2.154132126456891
2.0 0.0 0.0 -0.04820443489471804 0.05237404846179839 0.07249123348054723 0.205 0.22519776637568642 1.8645369335180884 1.2220925158933729 0.04309168573419533 0.008093570426462325 0.29006451134534583 0.8182686556009067 2.156482184208399
2.0 0.0 0.0 -0.048182338707041306 0.05229933030976447 0.07240750284201841 0.21 0.23104101563802737 1.8616570099299994 1.2218672860851447 0.044283441931627365 0.008312827078850669 0.2897294421328454 0.818419489078879 2.158884456607373
2.0 0.0 0.0 -0.0481597166459799 0.052222506757308614 0.07232183901467995 0.215 0.23686477605186917 1.8587138533030125 1.2216386484417057 0.04548337157991885 0.008531824242306049 0.2893866333679968 0.8185726616259055 2.161337731860773
2.0 0.0 0.0 -0.04813659670594417 0.05214357773478379 0.07223424457300429 0.22 0.24266933571517543 1.85570738007684 1.2214054470978053 0.04669158351473113 0.008750565087978517 0.28903609688217957 0.818728950633151 2.1638451197579576
2.0 0.0 0.0 -0.04811295999193932 0.052062500527084665 0.07214470190789089 0.225 0.24845445837729896 1.8526375651492866 1.2211682416666085 0.04790822546887008 0.008969042776833608 0.28867776158238867 0.8188879843740733 2.1664056109277325
2.0 0.0 0.0 -0.048088802503351735 0.051979245615064194 0.07205319906716058 0.23 0.2542200925127589 1.8495043410839616 1.2209270227974391 0.04913343772512397 0.00918725461020486 0.2883115800558661 0.8190497722859456 2.169019590235104
2.0 0.0 0.0 -0.0480641200562435 0.051893784413008376 0.07195972407813446 0.235 0.2599661966337523 1.8463076224823474 1.2206817685629168 0.05036736450975875 0.009405198509914642 0.2879375026919549 0.819214332313065 2.17168749387829
2.0 0.0 0.0 -0.048038907966583 0.05180608587665245 0.07186426338446955 0.24 0.26569273291624795 1.8430473065244901 1.2204324577661256 0.05161015432401016 0.00962287281674856 0.2875554765752713 0.8193816819903298 2.174409781847777
2.0 0.0 0.0 -0.04801314643916338 0.05171610467171317 0.07176679642262072 0.245 0.27139949540614206 1.839723302799066 1.220179616244149 0.05286197283623598 0.009840273050475011 0.2871654203906908 0.8195514715104923 2.177185599170216
2.0 0.0 0.0 -0.04798686146753173 0.05162384101552771 0.07166732309155462 0.25 0.27708682580626826 1.8363354097387723 1.219922030360915 0.05412295035019821 0.010057405578494239 0.28676733159508916 0.8197245193646917 2.1800183558566006
2.0 0.0 0.0 -0.047960032324178004 0.05152924814919825 0.0715658212578495 0.255 0.2827545229107711 1.832883500345724 1.2196602191315584 0.05539326144566592 0.010274266645651725 0.2863611230412613 0.8199004807355575 2.18290726456918
2.0 0.0 0.0 -0.04793265330300728 0.051432294102663936 0.0714622751295091 0.26 0.2884025686927937 1.829367399032249 1.2193941174573895 0.05667307235517768 0.010490856339727453 0.2859467319458031 0.8200794031097527 2.185852984884561
2.0 0.0 0.0 -0.04790471857685369 0.05133294836285103 0.07135666912152351 0.265 0.2940309495427417 1.8257869112867091 1.2191236432876082 0.05796255398135395 0.010707175131923508 0.2855240931532781 0.8202613455213632 2.188856243111856
2.0 0.0 0.0 -0.04787619148154809 0.05123114625472063 0.07124897160713159 0.27 0.29963928912357235 1.8221418967360754 1.2188498671844143 0.05926191134350204 0.010923216996382807 0.2850930838088195 0.8204455913098103 2.1919149531828173
2.0 0.0 0.0 -0.047847109162689194 0.051126899900955564 0.07113918553651828 0.275 0.30522809561504316 1.8184320224817738 1.2185710306829107 0.06057128473906344 0.011138992770435173 0.284653711283576 0.8206333277425615 2.1950340141594937
2.0 0.0 0.0 -0.047817467429516314 0.05102017579143404 0.07102729252588705 0.28 0.31079739092853786 1.8146570274737015 1.2182869157207143 0.061890857384543384 0.011354504415151392 0.28420590715930255 0.8208247064759938 2.198214574198232
2.0 0.0 0.0 -0.04778724300776399 0.050910926621394 0.07091326745321906 0.285 0.3163469717294542 1.8108166791476825 1.2179980131019148 0.0632208367077496 0.01156974996927574 0.2837495657833203 0.8210194017092589 2.2014560583671554
2.0 0.0 0.0 -0.04775642752228837 0.05079911439781501 0.07079708896582626 0.29 0.3218768163775229 1.8069106888227406 1.2177042215014366 0.06456142143698157 0.011784731152943479 0.2832846060084967 0.8212174864327844 2.2047593782105768
2.0 0.0 0.0 -0.047725013399020966 0.05068470631398351 0.07067873757784372 0.295 0.3273869164323057 1.8029387445334994 1.217405383413249 0.06591281515649498 0.011999450205071148 0.2828109457286106 0.8214190717608723 2.208125614785662
2.0 0.0 0.0 -0.047692991418808894 0.050567663263544206 0.07055819045052023 0.3 0.3328772470781279 1.7989005171144756 1.2171013786245912 0.0672752290162727 0.01221390933718294 0.28232849734390986 0.821624243931158 2.2115557880520886
2.0 0.0 0.0 -0.047660352768969794 0.05044794967431905 0.07043542584328835 0.305 0.33834779164950124 1.7947956542067378 1.2167920442749667 0.06864887987626328 0.012428111191948104 0.2818371714596098 0.8218331182431888 2.2150510564642163
2.0 0.0 0.0 -0.04762707083854456 0.050325510064000885 0.07031041253002035 0.31 0.3437983217096085 1.7906238346359231 1.2164778848835436 0.07003401035210151 0.012642054795939802 0.281336842956291 0.8220453593332135 2.2186109413902093
2.0 0.0 0.0 -0.04759316981934397 0.05020034091377025 0.07018314217878698 0.315 0.34922922534232753 1.786384561374929 1.2161573930563367 0.0714308145515762 0.012855750829916369 0.28082747850808354 0.822261991506618 2.22224003265704
2.0 0.0 0.0 -0.047558622334714196 0.050072384220413116 0.07005358136248772 0.32 0.35464027121868374 1.782077466971254 1.2158310421923555 0.07283954916544069 0.0130691988619206 0.2803089462868464 0.8224827013766864 2.22593800498107
2.0 0.0 0.0 -0.04752341814114808 0.04994160208141839 0.06992170517427741 0.325 0.36003143781161756 1.7777021088342277 1.2154986071969787 0.07426045966296686 0.013282402643522413 0.2797811434325041 0.8227076477743291 2.2297063167174214
2.0 0.0 0.0 -0.04748754517222942 0.04980795100927382 0.06978748564486414 0.33 0.36540268461429504 1.7732580250207928 1.2151599025655675 0.07569380108409637 0.01349536590608118 0.2792439607703146 0.8229369631837752 2.233546366206467
2.0 0.0 0.0 -0.047450991070940474 0.04967138905199957 0.06965089493076305 0.335 0.37075397069328975 1.7687447287900553 1.214814721230431 0.07713983668916426 0.013708092717593674 0.2786972855792908 0.8231707951210413 2.237459646926441
2.0 0.0 0.0 -0.04741374433814388 0.04953187421743055 0.06951190458884988 0.34 0.3760852686697707 1.764161703607469 1.214462787333173 0.0785988369288862 0.013920587759661854 0.2781410036951527 0.8234093382110867 2.241447869663633
2.0 0.0 0.0 -0.047375791250094945 0.04938936194111857 0.06937048443273111 0.345 0.38139652746988223 1.7595084130415115 1.2141038773918886 0.0800710834408656 0.014132855659617012 0.27757499356782733 0.8236527521419156 2.245512657576387
2.0 0.0 0.0 -0.04733709921720103 0.049243785395679536 0.06922659377817726 0.35 0.3866874708294831 1.7547843640944931 1.2137384895387857 0.0815568900340618 0.014344897253309794 0.27699909416321045 0.8239007072932115 2.2496538354736386
2.0 0.0 0.0 -0.0472976918180979 0.04909513808934638 0.06908021813604306 0.355 0.39195850636479795 1.749988822411203 1.2133648265055448 0.08305651125731632 0.014556726537763525 0.27641324872464745 0.8241544324965888 2.2538771386173044
2.0 0.0 0.0 -0.047257535545376594 0.04894335490224921 0.06893131629960918 0.36 0.3972093537461353 1.7451212363468005 1.2129833405932708 0.08457028096076197 0.014768345179783343 0.27581728773101444 0.8244136308672632 2.25818261507934
2.0 0.0 0.0 -0.047216614897554576 0.04878838540667623 0.068779852947274 0.365 0.40243995451139797 1.7401809560638108 1.2125937203865012 0.08609852154245977 0.014979759459426242 0.27521107246712895 0.824678524379345 2.262572313776922
2.0 0.0 0.0 -0.04717491288457232 0.04863017847010974 0.06862579177292003 0.37 0.4076502360985895 1.7351673050515939 1.2121956707951893 0.0876415681479404 0.015190975917023076 0.2745944575925006 0.8249493246779288 2.2670482977984667
2.0 0.0 0.0 -0.04713241304821075 0.04846868333543974 0.0684690959392179 0.375 0.41284013649490414 1.730079570594927 1.211788828940604 0.08919976664215962 0.015402001856403547 0.27396729492272887 0.8252262903547652 2.2716128642408613
2.0 0.0 0.0 -0.04708909738945494 0.048303846160310214 0.06830972653021883 0.38 0.41800957935694644 1.72491701109378 1.2113728465399696 0.09077347685304685 0.01561284491671514 0.2733294292616831 0.8255096709954235 2.2762683349251254
2.0 0.0 0.0 -0.04704494805077497 0.048135613647755295 0.06814764412850705 0.385 0.4231584945834878 1.7196788474525198 1.2109473188378126 0.09236307100750633 0.015823513510689946 0.2726807015291018 0.8257997556489363 2.28101724397902
2.0 0.0 0.0 -0.04699992442309614 0.047963904395990416 0.06798279625814752 0.39 0.42828654226401774 1.7143643694954687 1.210512733538573 0.09396896551701608 0.016034011491257247 0.2720209034259648 0.8260962254207753 2.2858598562217725
2.0 0.0 0.0 -0.04695404807003978 0.047788708068000514 0.06781516074424507 0.395 0.4333941380079873 1.7089725355122902 1.2100669414353926 0.09559150642402987 0.016244358183090345 0.2713499447745742 0.8264005616199963 2.2908034108406463
2.0 0.0 0.0 -0.04690727702124692 0.04760994085655376 0.06764468243493171 0.4 0.43848093562724644 1.703502557762115 1.2096103695596712 0.0972311403671573 0.016454558933937713 0.2706676055574949 0.8267124895465513 2.2958484876384557
2.0 0.0 0.0 -0.046859590004716956 0.04742754157414856 0.06747131524545566 0.405 0.44354684450936444 1.6979535095885607 1.2091425268155545 0.09888830166668863 0.016664624934690803 0.26997370162893897 0.8270323620439015 2.300998146453499
2.0 0.0 0.0 -0.046810962665099654 0.04724144543678132 0.06729501065400675 0.41 0.448591742855456 1.6923244346294406 1.2086629877278905 0.1005634453930586 0.016874567712838545 0.2692680376405131 0.8273604885344046 2.306255358431321
2.0 0.0 0.0 -0.04676137259786978 0.04705158825588811 0.06711571949167221 0.415 0.45361553860352377 1.6866143191296203 1.2081711771999721 0.10225704122558599 0.017084400434406795 0.26855041685743747 0.8276972823648838 2.3116235810157364
2.0 0.0 0.0 -0.04671079440383952 0.0468579011793317 0.06693338962978491 0.42 0.4586181103060744 1.6808221152646596 1.2076665757179286 0.10396958145565695 0.017294136803118552 0.26782063106340115 0.8280431205985179 2.3171062198393537
2.0 0.0 0.0 -0.04665920216647085 0.04666031447401795 0.06674796758696361 0.425 0.46359933733238745 1.6749467262112865 1.2071486113220231 0.10570157858882576 0.0175037917631264 0.2670784652550687 0.8283984180745054 2.322706920875251
2.0 0.0 0.0 -0.04660656698733828 0.046464341660472565 0.06656179541661153 0.43 0.46858926275414176 1.6689826583865126 1.2065193417812208 0.1074583415701949 0.017716839667050087 0.26635110877859774 0.8288304757084701 2.3284294552254723
2.0 0.0 0.0 -0.04655286399267938 0.046258717131180835 0.06637000587187368 0.435 0.4735271424482532 1.662937275556735 1.2059731133380207 0.10923097266792209 0.017926405679957975 0.2655833742120563 0.8292058827348928 2.3342779404403986
2.0 0.0 0.0 -0.04649804159486787 0.04604532551535713 0.06617339505365678 0.44 0.4784234368657535 1.6568085923179616 1.2054755343266061 0.11102150440061156 0.018133623129415535 0.2647848578049832 0.8295481505218709 2.3402540448282942
2.0 0.0 0.0 -0.04644210989605091 0.04583137402899766 0.06597501691100129 0.445 0.4833177999238672 1.6505884723349917 1.2048979593594675 0.11283694787517683 0.018343130261574185 0.2639907863923689 0.8299457993369059 2.3463672864422374
2.0 0.0 0.0 -0.046385015833270815 0.045613130903492435 0.06577324456515611 0.45 0.4881901123654822 1.644278919075331 1.2043037040785916 0.11467477478323822 0.018552650959421074 0.2631831246880957 0.8303553303152018 2.3526198052573237
2.0 0.0 0.0 -0.04632672571984786 0.04539432486917317 0.06556962703368778 0.455 0.493060555508262 1.6378746288173986 1.2036254338347607 0.11653934264426397 0.01876473156403965 0.26238014966787365 0.8308232543857036 2.3590166643178994
2.0 0.0 0.0 -0.04626715485289501 0.0451671591401716 0.06536082469899504 0.46 0.49788753192005925 1.6313820895132205 1.2029978461438136 0.11842412944716772 0.01897436160234977 0.2615442892253442 0.8312566836303826 2.365556726613098
2.0 0.0 0.0 -0.04620636695403685 0.04493548951034962 0.06514844210187529 0.465 0.5026925513926046 1.6247953158863475 1.2023488551074029 0.12033332713261546 0.019184097798106522 0.2606940934296644 0.8317053704938846 2.3722580107849165
2.0 0.0 0.0 -0.0461442743881163 0.04469560319451555 0.06493088425256337 0.47 0.5074560546891601 1.6181171318036118 1.2017417919059254 0.12226408085116201 0.01939151086439587 0.2598119672477907 0.8321255087700918 2.379120209394472
2.0 0.0 0.0 -0.046080835536050635 0.04445451840623248 0.06471106723212938 0.475 0.5122155613457592 1.6113377624718557 1.2010514470362599 0.12422453296508698 0.019601504615179087 0.2589320510965829 0.8326038010008824 2.3861495193100133
2.0 0.0 0.0 -0.046016009067117725 0.044208561660426714 0.0644874054410249 0.48 0.5169519455450523 1.6044594070447589 1.2003389977299241 0.12621190913892738 0.01981169160238063 0.2580367422934166 0.8330979847286435 2.3933524442622027
2.0 0.0 0.0 -0.045949751109366055 0.04395762274531359 0.06425981289901636 0.485 0.5216649993621979 1.597480209597562 1.1996033534339325 0.12822710765131765 0.02002211167472555 0.25712569456462836 0.833608873414236 2.400735904133348
2.0 0.0 0.0 -0.04588201634396338 0.04370158515602713 0.06402819932021353 0.49 0.5263545131048806 1.5903982228538645 1.1988433310597393 0.13027107412550856 0.02023280847839918 0.2561985478728471 0.8341373506378287 2.408307312519888
2.0 0.0 0.0 -0.0458127328446703 0.043440297121393794 0.06379245806587093 0.495 0.531019983947611 1.5832116090852741 1.1980588167350508 0.1323448466360184 0.020443821872647764 0.2552548754887432 0.8346835614675404 2.416071246192993
2.0 0.0 0.0 -0.0457418973727004 0.0431736915799434 0.0635525157217386 0.5 0.5356617250754957 1.5759178547078614 1.1972463215101778 0.1344494016732916 0.020655218503886116 0.2542943814785149 0.8352500083179406 2.4240422614117065
2.0 0.0 0.0 -0.045669434549218846 0.042901604588123296 0.06330825679470975 0.505 0.5402792284129969 1.5685149078787928 1.1964055108112013 0.1365858910754363 0.020867048007397852 0.25331660727537814 0.8358370059010916 2.4322261424846796
2.0 0.0 0.0 -0.045595287818941566 0.04262389760119966 0.06305957431204445 0.51 0.5448722251629501 1.5610004382619052 1.1955349749011497 0.13875549642918414 0.021079371976236994 0.25232111993473216 0.8364456255934152 2.440632064644208
2.0 0.0 0.0 -0.04551940065806409 0.04234042502321562 0.06280635626305182 0.515 0.5494404679002928 1.5533719771917758 1.1946330808831733 0.14095946487957206 0.021292258816481502 0.25130747231877837 0.8370771042609302 2.44927018907825
2.0 0.0 0.0 -0.04544171159649424 0.042051029649696516 0.06254848364558749 0.52 0.5539836746495487 1.5456269527876019 1.1936981928326795 0.14319912294681914 0.02150578276567618 0.2502751918529193 0.8377326915666782 2.4581510485448623
2.0 0.0 0.0 -0.04536215747371186 0.04175555285830402 0.06228583451703873 0.525 0.558501568083117 1.5377626519310983 1.1927285001721757 0.1454758770836904 0.021720025766923914 0.24922378637591058 0.8384137713282155 2.467286083952337
2.0 0.0 0.0 -0.04528067085469489 0.04145382334716302 0.06201827928258674 0.53 0.5629938476993006 1.5297762343136891 1.1917221233048299 0.14779122472381517 0.021935077416367195 0.2481527377391931 0.8391217889174075 2.4766873670006304
2.0 0.0 0.0 -0.04519718198971856 0.04114566005325353 0.06174568177508592 0.535 0.5674602142118583 1.5216647031065034 1.1906769984156884 0.15014675835274974 0.022151036639170958 0.2470615048034561 0.8398583338139538 2.4863679842226936
2.0 0.0 0.0 -0.04511161612042436 0.040830880759708164 0.0614679025750982 0.54 0.5719003614887169 1.5134249141239156 1.1895909011148347 0.15254418484058754 0.022368015302719677 0.24594953964664382 0.8406251250432748 2.496341750485829
2.0 0.0 0.0 -0.04502389561811537 0.0405092748070305 0.06118478791373488 0.545 0.5763139207793746 1.5050535656221942 1.1884616629578548 0.15498530480952297 0.022586126012392724 0.24481619807213248 0.8414238600773962 2.5066236483743385
2.0 0.0 0.0 -0.04493393822955166 0.04018063644055179 0.06089618290970046 0.55 0.5807005681824959 1.4965471671199824 1.1872867089049761 0.15747206502794847 0.022805504235268934 0.24366087456956734 0.8422565438488665 2.5172297033212265
2.0 0.0 0.0 -0.044841633298751016 0.0398500247058747 0.060604010623734036 0.555 0.5850843242884738 1.4878923582175854 1.18597020752082 0.1600149666669505 0.02303074650865616 0.24250786920413417 0.8431915014884086 2.5281735035433575
2.0 0.0 0.0 -0.04474693764698556 0.03950658609638897 0.06030389083120978 0.56 0.5894156937846127 1.479104358477681 1.1846963140595146 0.16259956186039462 0.023253142963043382 0.24130629258587494 0.8440981778472585 2.539480940037235
2.0 0.0 0.0 -0.04464973049803517 0.03915540016030364 0.059997756708034505 0.565 0.593719034397811 1.4701696715150725 1.1833680937548476 0.16523650316495495 0.02347729223452449 0.24008063432006535 0.845045599317269 2.5511684450208745
2.0 0.0 0.0 -0.04454991005198128 0.0387961996540672 0.05968541469352456 0.57 0.5979939491992455 1.4610839799963522 1.1819822056193474 0.16792836745333808 0.023703391973054055 0.2388301201229878 0.8460364252911996 2.5632577553827347
2.0 0.0 0.0 -0.04444736803198951 0.03842870052111152 0.05936666050451268 0.575 0.6022400200958145 1.4518427290869078 1.1805350748507968 0.17067793392671848 0.023931661266200773 0.23755393139760883 0.847073518867185 2.5757723157371952
2.0 0.0 0.0 -0.0443419909600396 0.038052601354516324 0.059041278692116186 0.58 0.6064568264833029 1.4424410875059117 1.1790227749782707 0.17348820248818608 0.02416234423626446 0.23625120558586815 0.8481600366188263 2.5887377707069748
2.0 0.0 0.0 -0.044233656775314156 0.03766757871265727 0.058709040581441094 0.585 0.6106439132057324 1.4328739653032156 1.1774411496753232 0.17636242262614393 0.024395711754265654 0.23492102692885447 0.8492993473820307 2.6021816911489326
2.0 0.0 0.0 -0.044122237188427005 0.03727328549052068 0.0583697033971224 0.59 0.614800821686476 1.4231359567138702 1.1757856267312314 0.17930411570586002 0.024632066432457946 0.23356242810080163 0.8504951729849528 2.616134331855608
2.0 0.0 0.0 -0.044007595033659586 0.03686957995986705 0.05802309700963297 0.595 0.6189279331428433 1.4132209868687977 1.174047269218924 0.18231751332943266 0.024871937238349046 0.2321754230746242 0.8517544618670121 2.630628572781207
2.0 0.0 0.0 -0.04388958397904191 0.036455610427470884 0.05766877537185179 0.6 0.623022981157482 1.4031237167243293 1.1722288858011611 0.18540597768293327 0.02511531672602963 0.23075681063685904 0.8530757193519837 2.645700272839943
2.0 0.0 0.0 -0.043768029862676305 0.036031160501818406 0.057306528836573216 0.605 0.6270861404646803 1.3928376385998307 1.1703215793910684 0.18857448887123723 0.025362809521825437 0.22930646848380204 0.8544660011484292 2.661385178023707
2.0 0.0 0.0 -0.04364280339434634 0.03559582213228493 0.05693606781230118 0.61 0.6311172659945571 1.3823553800759367 1.1683169344439892 0.19182796816154868 0.025614913786903424 0.22782323976362284 0.8559321281052108 2.6777337013026434
2.0 0.0 0.0 -0.043513706884938996 0.035149081682029105 0.056557056082419864 0.615 0.6351155796570374 1.3716699900001639 1.166209133457732 0.19517190448275307 0.02587215158526547 0.2263057761442678 0.8574791358691098 2.6947895935207837
2.0 0.0 0.0 -0.043380548585873424 0.03469041239041914 0.056169145264176476 0.62 0.6390805015851022 1.3607737848164714 1.1639905769479877 0.19861231195599616 0.026135129191556125 0.22475270469263325 0.8591134840816536 2.7126050858476436
2.0 0.0 0.0 -0.043243123104246106 0.03422132613197559 0.055772724843681815 0.625 0.6430199625370963 1.349655246565037 1.1616160759742964 0.20216034602301014 0.026406606423434478 0.2231719735505575 0.8608696286862745 2.7312381385808355
2.0 0.0 0.0 -0.04310121097852576 0.03373698878697596 0.05536584838969606 0.63 0.64691599444259 1.3383124327112217 1.1591514667584253 0.20581426411629117 0.02668318303150532 0.22154281141727805 0.8627000255596506 2.7507530517167367
2.0 0.0 0.0 -0.04295457389092433 0.03323886786915513 0.054948876931439905 0.635 0.6507766922635863 1.3267327439404677 1.15654887882608 0.20958668120945367 0.026967818108849767 0.21987323542560544 0.8646413638955056 2.7712212837109007
2.0 0.0 0.0 -0.042802859936945103 0.0327261243527094 0.05452131355061633 0.64 0.6546003656108618 1.3149081587895317 1.153803186779179 0.21348670920267032 0.02726141977491777 0.21816125683370038 0.8666989409099153 2.7926999100401573
2.0 0.0 0.0 -0.0426459821009193 0.032198218822085685 0.05408275818121819 0.645 0.6583882762335573 1.3028247392317507 1.1508905194569796 0.21752420011388438 0.02756528874100884 0.21640527427982104 0.8688923777665889 2.8153230067650514
2.0 0.0 0.0 -0.04248353968455912 0.03165417812588794 0.05363264376208059 0.65 0.6621386218360098 1.2904732290045922 1.1478034626104339 0.22171051483199963 0.027880636283136844 0.21460302022383967 0.8712292936681987 2.839167874458026
2.0 0.0 0.0 -0.042315206927535404 0.0310933188723913 0.0531704932776305 0.655 0.6658514665249565 1.2778413828399566 1.1445226796150048 0.2260589089094873 0.028209207769831803 0.2127533185895575 0.8737266790871988 2.8643481037346294
2.0 0.0 0.0 -0.04214173559696188 0.030515482169469126 0.05269599413087703 0.66 0.6695356192020068 1.264894005803803 1.1409670221122994 0.23058185020247127 0.028553458629047526 0.21085341633331017 0.8764495209937583 2.8912956861356403
2.0 0.0 0.0 -0.041960240555905165 0.029916847360909764 0.05220755540899814 0.665 0.6731654774531083 1.251670169831049 1.1372770211341245 0.23529737811590298 0.02891285276271619 0.20889774996184263 0.8792932429099571 2.9194816193121937
2.0 0.0 0.0 -0.041771452857956776 0.029297642413844152 0.0517049784041931 0.67 0.6767520136452654 1.238132597595953 1.1333578537297488 0.24022284794464338 0.02929084417637901 0.20688547764602225 0.8823338513154659 2.9493700174702444
2.0 0.0 0.0 -0.04157520801016684 0.028656955519744294 0.05118764668093648 0.675 0.6802973837761493 1.224260027134588 1.129165717203719 0.24537895573389726 0.029690449681098397 0.20481415299574823 0.8856096007558688 2.9812367601248715
2.0 0.0 0.0 -0.04137119888897306 0.027993621780573134 0.05065483638224108 0.68 0.6838026592872695 1.210031875339057 1.1246590590525076 0.250789621064352 0.030115087266579472 0.20268088244789206 0.889158355993211 3.0153721319765614
2.0 0.0 0.0 -0.04115849111737449 0.027305736956822712 0.050105558416996585 0.685 0.6872630186491728 1.1954407846801034 1.1198334287459883 0.25648211698368495 0.030567876017200492 0.20048171416501379 0.8929899521929971 3.051920371491567
2.0 0.0 0.0 -0.04093644216794759 0.026591688360117514 0.049538902973294933 0.69 0.6906771542571019 1.1804708706380722 1.1146562975290966 0.2624878544125619 0.031053011615726694 0.19821300966291946 0.8971375321852493 3.091172277540393
2.0 0.0 0.0 -0.040704290116533676 0.025849905733434115 0.048953950945628946 0.695 0.6940438340287821 1.1651070324963428 1.1090908650209057 0.268843805077026 0.031575604739731394 0.1958717133774668 0.9016393800891604 3.133450728333645
2.0 0.0 0.0 -0.04027747306470253 0.024901215913473777 0.048293324385414296 0.7 0.6955355736781494 1.154591595849816 1.1176788032459273 0.275185915766514 0.03176459516475355 0.1932290152296392 0.8947114297021938 3.1064967296901753
2.0 0.0 0.0 -0.040031126946542595 0.024116081174746395 0.04767504888593452 0.705 0.6988822505361162 1.1383474814457213 1.11096260256642 0.28228826275964697 0.03236322268797752 0.19075359692006918 0.9001203080012888 3.154935563963234
2.0 0.0 0.0 -0.039731122924551526 0.023259869968043027 0.04702336465031283 0.71 0.701778619083081 1.1229179215158718 1.1071658682059229 0.289741195330165 0.03292027815616059 0.18814646293974413 0.9032070340286253 3.1896734698018694
2.0 0.0 0.0 -0.03946041742565651 0.022410289598265836 0.046362150972559656 0.715 0.705033850878828 1.1057394744323892 1.0992544537149125 0.2978711718949289 0.0336370941677974 0.18549927621107767 0.9097074809390279 3.2470522725875846
2.0 0.0 0.0 -0.03917445353138185 0.02152282332545367 0.04567670671977919 0.72 0.7082274427218315 1.0880882708484294 1.0906937197648503 0.30663684793664564 0.03443044915072271 0.18275517140034905 0.9168476739882545 3.3100561761973726
2.0 0.0 0.0 -0.038288052544059176 0.02004056491063792 0.04479332803030607 0.725 0.7060300476443486 1.0907402360698466 1.136721261015853 0.3122464469754103 0.03346321641603274 0.17922349971356893 0.8797231425990315 3.0806635250123704
2.0 0.0 0.0 -0.038005394125687986 0.019157823981251022 0.044085734482622506 0.73 0.7094023993860445 1.071588338741648 1.1251989692006164 0.32210130338043425 0.03436290391415149 0.17639022083038494 0.8887317064558261 3.1507815116635474
2.0 0.0 0.0 -0.03770321212398425 0.018230765977411422 0.043348909854263006 0.735 0.7127084938655588 1.0518512959519064 1.1126560052811896 0.33291109472135055 0.03538583110555564 0.17344416170905386 0.8987503732092663 3.2291431189517987
2.0 0.0 0.0 -0.03737835520705621 0.01725466193191372 0.04258057015993667 0.74 0.7159190797309094 1.0315970491571629 1.0991211535284222 0.3448020177258878 0.03654344661903933 0.17036830328005514 0.9098178092467588 3.316791422153715
2.0 0.0 0.0 -0.03702896078849749 0.01623029746483152 0.04178009644507969 0.745 0.7190372386480465 1.0108243021520982 1.0843760042523147 0.35797579644263056 0.03786788407649275 0.16716341860530987 0.9221893476788129 3.416087992003794
2.0 0.0 0.0 -0.036538334665248334 0.015079206524715104 0.04092406364224122 0.75 0.7210565937770577 0.9946843865037146 1.0821551078334912 0.3707449168625 0.03874469007428044 0.163737386015145 0.9240819479215246 3.438244041941299
2.0 0.0 0.0 -0.03611987946614145 0.013968567849422695 0.04005999678450378 0.755 0.7238452865174559 0.9738010569317916 1.0669259504296098 0.38657025177159215 0.04032520399437714 0.16027799774392498 0.9372721692609864 3.545216226005319
2.0 0.0 0.0 -0.03568406861077866 0.012830168197041036 0.03916619966236496 0.76 0.7266364064832034 0.9518867708441877 1.0480525663557776 0.4046849491205112 0.04225706126222712 0.1566991818789759 0.9541506142932668 3.684573615113138
2.0 0.0 0.0 -0.03521354815883643 0.011664412207425512 0.03824117837449106 0.765 0.7293145246316294 0.9296928794212407 1.0268968063481614 0.4252633531639132 0.0445272072233239 0.15299992646619298 0.9738076833213534 3.852654180524966
2.0 0.0 0.0 -0.03441197970612955 0.010323364266356144 0.03724484322256546 0.77 0.7293804312626482 0.9231171320086902 1.051536412713086 0.43811212148939366 0.04418343475095351 0.14901260000798253 0.9509894169236465 3.644144593080932
2.0 0.0 0.0 -0.034132749250950445 0.009300518335799082 0.03630382955910452 0.775 0.7340313409947901 0.8863789146892269 0.9800454787922708 0.4746810812251531 0.05004686910820255 0.14525839665489063 1.0203608114516476 4.283820502110621
2.0 0.0 0.0 -0.03351333263607184 0.008142692264395924 0.0352977353515466 0.78 0.7360057397411155 0.8659392174519331 0.9546411901254288 0.5040187941546616 0.0532812574935841 0.14123068602411867 1.0475139878142192 4.563259287704833
2.0 0.0 0.0 -0.03288159116934303 0.0070609064274571535 0.03427684861834702 0.785 0.7381760022808669 0.844338031695832 0.9175732995733719 0.5395849367757359 0.05761899713287595 0.13714673054157459 1.0898311889251273 5.060647719528468
2.0 0.0 0.0 -0.03213403597927417 0.006034991847296793 0.03323479066879876 0.79 0.7395306144465454 0.8273076069529952 0.8914695179280163 0.5755017528494273 0.06125762097003041 0.132986452817381 1.121743346114889 5.4825947186318675
2.0 0.0 0.0 -0.03132639708376575 0.005096679811490812 0.03217615407790171 0.795 0.7406508796870968 0.8121140184611668 0.8651518842913299 0.6144813008968992 0.06489577037344817 0.12874141438479383 1.1558664069941071 5.997808604886096
2.0 0.0 0.0 -0.030459311267346023 0.004272283029542131 0.031103921580013464 0.8 0.7416280947516201 0.7989464605403078 0.838972336104046 0.656350368570604 0.06840774534932927 0.12445984756459882 1.1919344142426938 6.6276988524479785
2.0 0.0 0.0 -0.029590985136771206 0.0036458453773227355 0.030027380310003134 0.805 0.7434094205498404 0.7852747153940782 0.7889864575539542 0.7069165159656223 0.07355664997862348 0.12015353156463116 1.2674488775133599 8.354458529689335
2.0 0.0 0.0 -0.028626699780891357 0.0030653817245480967 0.02892584419513469 0.81 0.7447994786760553 0.7760465317288985 0.7527363568019068 0.7549420614866574 0.07705099918460409 0.1157406469469642 1.3284863829995155 10.247163505632553
2.0 0.0 0.0 -0.027569473971336314 0.002536730900454701 0.027804804756710072 0.815 0.7452809777189275 0.7708447630321534 0.7457675001468225 0.7979787583087377 0.07770563127445594 0.11126821840357254 1.3409004814545071 10.779426484409187
2.0 0.0 0.0 -0.026518738022921415 0.0021511187870455794 0.026674327933427062 0.82 0.74714369727478 0.7657175689483681 0.7112054757551931 0.84710762216379 0.07976714552763962 0.10674653304019335 1.406063414990093 13.825567352373385
2.0 0.0 0.0 -0.025404426682409248 0.001766842605927501 0.025527204030108677 0.825 0.748350122541688 0.7635052840723567 0.7076735900078486 0.8911540969834069 0.07902190926162746 0.10215461539808393 1.4130808526977932 14.390623669871914
2.0 0.0 0.0 -0.024296418712276266 0.001509264310401657 0.024375491295086003 0.83 0.7509334416416386 0.7617824976844673 0.6767942248062564 0.9390510924285158 0.07940505235364581 0.09754125828218624 1.4775539792560495 19.087074897163948
2.0 0.0 0.0 -0.02317117258457923 0.0012075807462220258 0.02321447954511395 0.835 0.7542059753490343 0.7615954328398338 0.6415729089607503 0.9851087474737433 0.07930951222346054 0.09289778442062258 1.5586693048181366 27.88421840996795
2.0 0.0 0.0 -0.022030311213711483 0.00072656377155913 0.022047799395171073 0.84 0.7578518178333972 0.7628032262467173 0.6111494323590989 1.0283272508084436 0.07830788991141455 0.08822610212352994 1.6362610305304335 41.54598768534086
2.0 0.0 0.0 -0.02088068547526674 0.0007686020440970455 0.02089837548172576 0.845 0.760790662079127 0.7648535295205766 0.6120869291715039 1.0715029522465096 0.07519698243542938 0.0836139607927258 1.6337548677171683 43.448375549070114
2.0 0.0 0.0 -0.019735773716652562 0.0007576522213926956 0.01975321526558067 0.85 0.7643508000407513 0.7677514830002076 0.61576021673757 1.113317086753374 0.0717965642736401 0.07903016390521897 1.6240087826690284 43.43950325258705
