#1=α 2=λ 3=Δ 4=ϕ 5=Σ 6=E 7=ρ 8=q0 9=q1 10=δq 11=ρh 12=qh0 13=qh1 14=δqh 15=m 
2.0 0.0 0.0 -0.06004950585087787 -2.707583378328106e-7 0.060049449562810185 0.0 0.4698910812390897 1.9399385409711998 0.8024594774367051 0.0 0.007579442065489121 0.24024294538305033 1.2461688448048458 4.810226198259897
2.0 0.0 0.0 -0.0600489644098226 2.458917276725592e-6 0.0600494755951963 0.005 0.4699779397329515 1.9398955192633789 0.8024571733013799 0.0006350744056968538 0.0075816474015623 0.24024379170095525 1.246172422991635 4.810226198259897
2.0 0.0 0.0 -0.06004734012664664 9.719171093375237e-6 0.06004936064931913 0.01 0.47021699146693613 1.9397662313579915 0.8024591170661663 0.001270434402120435 0.007587705025881256 0.24024328463886638 1.2461694044377656 4.810226198259897
2.0 0.0 0.0 -0.06004463525403325 1.9317038636245405e-6 0.06004503677858646 0.015 0.4707889337050676 1.939555908489377 0.8024071571419649 0.0019063275027525772 0.007600307200917575 0.240229578117773 1.246250100213246 4.810923387322755
2.0 0.0 0.0 -0.06004084855766262 -8.930905134075737e-6 0.060038992494457974 0.02 0.4714153702427484 1.9392593192722756 0.8023794202252099 0.0025428236895194667 0.007613907310209831 0.24020140095894194 1.2462931809982398 4.811746233494731
2.0 0.0 0.0 -0.06003598020186657 -7.106837566501791e-6 0.06003450342031957 0.025 0.4722314363004456 1.9388761662523684 0.8023488292509007 0.0031804980387006576 0.007632906990617698 0.24018316528352648 1.246340698139528 4.812382427810132
2.0 0.0 0.0 -0.06003003143942881 1.7581112372520662e-6 0.0600303967223076 0.03 0.47326017531396614 1.9384078853634215 0.8023035292560752 0.0038196715362967958 0.007657425892195935 0.24017055010157987 1.2464110695452606 4.813012980696378
2.0 0.0 0.0 -0.06002300413351341 2.6836756399159358e-6 0.06002356160504048 0.035 0.4744587513336244 1.9378563422998338 0.8022453445646938 0.004460268296533079 0.0076853135244964125 0.24014522563890145 1.2465014683788678 4.8140138278307445
2.0 0.0 0.0 -0.06001489895125722 3.0682496444135865e-6 0.060015536156705046 0.04 0.4758121361167756 1.9372203909539143 0.802184657766368 0.005102621912449487 0.007716839384942218 0.24011388512657114 1.2465957685907822 4.8151654303886655
2.0 0.0 0.0 -0.06000571717648384 2.9695914960021176e-6 0.06000633372623099 0.045 0.47733146668632276 1.9364999868842259 0.8021244231852198 0.005747007964232173 0.0077523307503598185 0.24007575324478966 1.2466893802198677 4.816466975699138
2.0 0.0 0.0 -0.059995460164943004 3.2709661696627856e-6 0.05999613908201125 0.05 0.4790072995469891 1.9356964010372975 0.8020502407698977 0.006393651270927636 0.007791614173669295 0.24003547251724963 1.2468046877463517 4.817917125164436
2.0 0.0 0.0 -0.059984129363861494 3.5654413347478373e-6 0.05998486915655663 0.055 0.48083571709393286 1.9348094966762366 0.8019690917119155 0.007042779933293081 0.007834634558113975 0.23999088061895965 1.2469308485011052 4.819514112776299
2.0 0.0 0.0 -0.05997172626188557 3.3918858800945853e-6 0.059972429789656945 0.06 0.4828064735710232 1.9338393292207308 0.801888602441748 0.007694590276959969 0.007881178688282614 0.23993966471393907 1.2470560087211655 4.821253713233323
2.0 0.0 0.0 -0.059958252357071806 3.614577388407849e-6 0.05995900178191881 0.065 0.4849128447103047 1.9327867397388334 0.8017950391688746 0.008349296928324583 0.007931151382647043 0.23988624970407135 1.2472015305015849 4.823135238774047
2.0 0.0 0.0 -0.059943709167045056 3.8396535009324445e-6 0.05994450492346516 0.07 0.4871593498760931 1.931651922475773 0.8016946612396292 0.009007148366074413 0.00798471113831906 0.23982857076187825 1.24735768909043 4.825161825808285
2.0 0.0 0.0 -0.059928098140779096 4.082533710726005e-6 0.059928943854748166 0.075 0.4895232343585537 1.9304351171210283 0.8015887358778957 0.009668269462500417 0.008041350695435667 0.2397665688899275 1.2475225202669615 4.827322073457198
2.0 0.0 0.0 -0.059911420708987584 4.3290756891581105e-6 0.059912317067765154 0.08 0.49201400410344237 1.9291368324432063 0.8014763274190226 0.010332928308133767 0.008101362414606126 0.2397003293335253 1.2476974874857236 4.82962380408908
2.0 0.0 0.0 -0.05989367819350744 4.025871814147386e-6 0.05989451135234464 0.085 0.49460615038022443 1.9277570853831862 0.801365318461698 0.011001194450977877 0.008164142180619654 0.23962752907128662 1.2478703245101748 4.832057987504306
2.0 0.0 0.0 -0.05987487181022205 4.1858562794112094e-6 0.05987573761740813 0.09 0.4973108980320464 1.9262967831724513 0.8012418694950489 0.011673366661384528 0.008230066761672351 0.2395525900466778 1.2480625864324981 4.834628710318964
2.0 0.0 0.0 -0.05985500265058191 4.375122022819383e-6 0.059855907099696334 0.095 0.5001202197746859 1.9247560923640645 0.801112793616825 0.012349608320749638 0.008298982786014247 0.23947340819123294 1.248263675187671 4.8373335249648415
2.0 0.0 0.0 -0.05983407163943655 4.563482912210866e-6 0.05983501447553864 0.1 0.5030169401659873 1.9231352542109306 0.800978776980497 0.013030017705117136 0.008370508729250695 0.2393899477850905 1.2484725297838306 4.840165647109831
2.0 0.0 0.0 -0.05981207954018375 4.750967142474647e-6 0.05981306051116433 0.105 0.506001222181336 1.9214346897118992 0.8008395883713266 0.013714798432738913 0.008444707214487385 0.23930224346844928 1.2486895185010851 4.843127102163425
2.0 0.0 0.0 -0.05978902691394228 4.934988913903455e-6 0.05979004523180073 0.11 0.5090670315641759 1.9196547390971301 0.8006954064180878 0.014404110506561872 0.00852148134759248 0.2392102852824826 1.2489143711633128 4.846216604115243
2.0 0.0 0.0 -0.05976491410518253 5.11764688653671e-6 0.05976596941356435 0.115 0.5122085621795277 1.9177957294295864 0.8005464032966589 0.015098111487052193 0.008600739903005552 0.23911407829853376 1.249146827569256 4.849432615811593
2.0 0.0 0.0 -0.05973974123094716 5.286548664800844e-6 0.05974083061699233 0.12 0.5154264668712009 1.9158580870511397 0.8003923126190293 0.01579700613364964 0.008682559130701602 0.23901363703829795 1.2493873119893135 4.852778028752656
2.0 0.0 0.0 -0.05971350815188031 4.82766094410817e-6 0.05971450226610771 0.125 0.5186935255244558 1.9138415827572786 0.8002409052974677 0.016500735588380888 0.008766247554636163 0.23890663699633477 1.2496236987889 4.856243690180158
2.0 0.0 0.0 -0.059686214441188545 4.973508473218459e-6 0.059687237832186234 0.13 0.5220292677597728 1.91174721450245 0.8000785695353008 0.017209711324746184 0.008852440149740917 0.2387975941627608 1.2498772471568853 4.859832150617407
2.0 0.0 0.0 -0.05965785943102636 4.594014974788853e-6 0.05965880401304255 0.135 0.5254102546480243 1.9095746648707217 0.7999170118499106 0.017923860081155398 0.008940507501561312 0.23868257333922074 1.2501296824371464 4.863542705723784
2.0 0.0 0.0 -0.059628442122506675 4.290490335033989e-6 0.05962932360194303 0.14 0.5288413160573086 1.9073244852124842 0.799750105773632 0.01864344035574092 0.009030663830841966 0.23856369063869623 1.2503905817338519 4.8673742779363165
2.0 0.0 0.0 -0.05959796121257216 4.386902737686705e-6 0.059598861768726745 0.145 0.5323269003197988 1.9049971427776664 0.7995756982522813 0.01936871317015305 0.009123110558701597 0.23844177218079576 1.2506633232923496 4.871326141460306
2.0 0.0 0.0 -0.05956641508793409 4.483435477062145e-6 0.05956733469198526 0.15 0.5358540214371734 1.902592615066069 0.7993974033184563 0.020099717106432314 0.009217525342888042 0.23831558492581986 1.2509422670736743 4.87539770115978
2.0 0.0 0.0 -0.05953380179392881 4.266313060705583e-6 0.059534676112666704 0.155 0.5394081932032934 1.9001107767757834 0.7992183440860612 0.02083646166075723 0.009313540301124513 0.23818415655324707 1.2512225318646089 4.879585528472751
2.0 0.0 0.0 -0.05950011902466912 4.345483663293563e-6 0.05950100878256313 0.16 0.5430062144202814 1.8975524305117262 0.7990327001849158 0.02157935675412478 0.009411712778178222 0.23804938328764594 1.2515132356517755 4.8838944757017035
2.0 0.0 0.0 -0.059465364127272546 4.089927213243687e-6 0.05946620080035703 0.165 0.5466252834086445 1.8949171510448573 0.7988455899765414 0.02232828529303247 0.009511412982392217 0.23790952066843365 1.251806372279486 4.888321722193613
2.0 0.0 0.0 -0.05942953405832235 4.15468062891693e-6 0.05943038318847884 0.17 0.5502797700889562 1.8922056320895482 0.798652964897038 0.02308365827424209 0.009613147509466548 0.23776611911432588 1.2521082922780102 4.892866655573438
2.0 0.0 0.0 -0.059392625415165656 4.210536150889701e-6 0.0593934851417405 0.175 0.5539577668878178 1.8894177359752589 0.7984569392145224 0.023845498520524644 0.009716607121207772 0.23761839513333832 1.2524156919266614 4.897529370508478
2.0 0.0 0.0 -0.05935463439849098 4.270521793566356e-6 0.05935550552295242 0.18 0.5576561874011102 1.8865535664307826 0.7982576051945314 0.024613957566013936 0.009821754214564705 0.2374663383143746 1.2527284343959424 4.902309581002665
2.0 0.0 0.0 -0.05931555681078182 4.09110806407064e-6 0.059316390504990456 0.185 0.5613622716453958 1.883612829402817 0.7980569224839296 0.025389032176270077 0.009928246688472312 0.23730931749626658 1.2530434506946302 4.907204610159484
2.0 0.0 0.0 -0.05927538804336646 4.137918184167878e-6 0.05927623041567134 0.19 0.5650929136454611 1.8805963311161413 0.797851220538702 0.026171182543142296 0.010036663082168223 0.23714852230236227 1.2533665102684288 4.9122201195590085
2.0 0.0 0.0 -0.05923412306981213 4.184557936783785e-6 0.05923497404743624 0.195 0.5688357964693269 1.8775037620097466 0.7976424087359191 0.02696041770978601 0.010146675190015372 0.23698333338561728 1.253694624367792 4.91735366268741
2.0 0.0 0.0 -0.05919175643372926 4.229416414202372e-6 0.05919261561622792 0.2 0.5725885153126524 1.8743351524075627 0.7974305498824967 0.027756900019706477 0.010258260607101739 0.23681373469921355 1.254027702032924 4.922605407808251
2.0 0.0 0.0 -0.05914828224007007 4.275991601735896e-6 0.0591491499374425 0.205 0.576348753974827 1.8710905124052464 0.7972157001584819 0.028560793700534853 0.01037139808451496 0.23663970304277276 1.2543656626446336 4.927975740878424
2.0 0.0 0.0 -0.05910369415193256 4.0089554200878455e-6 0.059104506756278506 0.21 0.580105373432502 1.8677694130873 0.7969993146119676 0.029372086497595807 0.010485765739771896 0.23646062430153175 1.2547062232881179 4.933465394440982
2.0 0.0 0.0 -0.059057985346236186 4.126134040989663e-6 0.059058820753044534 0.215 0.583873357167461 1.8643725986534412 0.796778852840275 0.030191302104902062 0.010601933872184074 0.2362776922024951 1.2550533895764207 4.93907159931621
2.0 0.0 0.0 -0.059011148569879324 4.161773412912364e-6 0.05901199021608998 0.22 0.5876435057841235 1.8608997187634662 0.796555318967318 0.03101844334456618 0.010719624186373415 0.23609018234865994 1.255405589779293 4.944801461969739
2.0 0.0 0.0 -0.05896317606347179 4.196253968682226e-6 0.05896402367978493 0.225 0.5914131216480487 1.857350659958756 0.7963289599858641 0.031853689254367226 0.010838809558076357 0.23589812263114932 1.2557624427193423 4.950652675794632
2.0 0.0 0.0 -0.05891405958279505 4.230525819850746e-6 0.05891491309195979 0.23 0.5951805068410778 1.853725340624901 0.796099804593756 0.03269722539283824 0.01095948441378249 0.2357014831680328 1.2561239108836275 4.956626120281317
2.0 0.0 0.0 -0.05886379038121564 4.263634255353624e-6 0.05886464951327557 0.235 0.5989439952605722 1.8500236573259938 0.7958678815415108 0.0335492408511358 0.011081643535259506 0.235500229114338 1.256489956678622 4.9627227922264385
2.0 0.0 0.0 -0.05881235919779271 4.298041443743041e-6 0.058813224178695334 0.24 0.6027020151087508 1.8462454880387713 0.7956332170307654 0.03440993032085472 0.01120528457222926 0.23529432532271696 1.2568605465366494 4.9689437427965695
2.0 0.0 0.0 -0.0587597562390777 4.420461113775638e-6 0.05876064472271645 0.245 0.6064523803750828 1.8423906431264603 0.7953960359864398 0.03527949611300457 0.011330394499550847 0.235083795135975 1.2572353327859045 4.97528701821347
2.0 0.0 0.0 -0.058705971198870444 4.130536917592889e-6 0.0587068003308593 0.25 0.6101861970256826 1.8384584767694803 0.7951572093108132 0.03615791530507245 0.011456673719956277 0.23486791639000618 1.257612945327791 4.981760411006861
2.0 0.0 0.0 -0.05865099317894695 4.16207330774403e-6 0.05865182753563678 0.255 0.6139190505233102 1.8344498965618437 0.794914440004634 0.0370458382830966 0.011584759326091857 0.23464780081795403 1.2579970241755485 4.988362121958822
2.0 0.0 0.0 -0.05859481074203321 4.190211581644938e-6 0.05859564960750166 0.26 0.6176408941766796 1.830364151226762 0.7946689823716842 0.03794326914261407 0.01171433868759639 0.2344228643490916 1.2583855947359448 4.9950936583285195
2.0 0.0 0.0 -0.0585374118642526 4.2134002626979014e-6 0.05853825421466312 0.265 0.6213505017457214 1.826201023051408 0.7944208404410267 0.03885043211172861 0.011845420068281206 0.23419305834619833 1.2587786587331278 5.001956679871706
2.0 0.0 0.0 -0.058478783914831856 4.386882325586842e-6 0.05847965972422532 0.27 0.6250445195941847 1.8219601033517665 0.7941704800657634 0.03976754246674653 0.011977956859653189 0.23395842905811282 1.2591754857435562 5.00894641952198
2.0 0.0 0.0 -0.05841891368111202 4.51977306097264e-6 0.058419814738990265 0.275 0.6287256227511379 1.8176414258197313 0.7939171945797807 0.040694879547790885 0.012112067835807159 0.2337188079967103 1.259577203803099 5.016074072576546
2.0 0.0 0.0 -0.0583577873088062 4.550950559496773e-6 0.058358693269483654 0.28 0.6323917536989168 1.813244645470945 0.7936610048500694 0.041632658965812995 0.012247728073285995 0.23347408754409446 1.2599837889086019 5.023342262793031
2.0 0.0 0.0 -0.058295390291102145 4.584191206878804e-6 0.058296301525312115 0.285 0.6360412299247264 1.8087694130395544 0.7934021173870418 0.04258113994383189 0.012384942781744361 0.23322427788679695 1.260394922178123 5.030749676341767
2.0 0.0 0.0 -0.05823170746568335 4.616277393202785e-6 0.05823262370307743 0.29 0.6396730901795057 1.8042154139145976 0.7931405241719731 0.04354058692690154 0.012523731967535392 0.23296932346087326 1.2608106250074484 5.038298396276454
2.0 0.0 0.0 -0.05816672299017295 4.6494657153377675e-6 0.058167644407950726 0.295 0.6432863908673759 1.7995823116391443 0.7928762039331065 0.04451127076746604 0.012664115768861154 0.23270915745328258 1.2612309400123807 5.0459908930202495
2.0 0.0 0.0 -0.05810042032137147 4.683913470159353e-6 0.05810134712617812 0.3 0.6468802106611351 1.7948697481099543 0.7926091455455597 0.04549347316777876 0.01280611694941272 0.23244371728213428 1.261655893853827 5.053829497376799
2.0 0.0 0.0 -0.05803278219550195 4.717078365159582e-6 0.0580337140898195 0.305 0.6504536737889776 1.7900773456158232 0.7923393249747201 0.046487484634489935 0.01294976006254308 0.2321729328742334 1.262085533911756 5.061816856636691
2.0 0.0 0.0 -0.05796379059911927 4.8563911982214596e-6 0.057964748476297595 0.31 0.6540052985929146 1.7852046442612086 0.7920669536135119 0.04749361487024552 0.013095061752470185 0.2318968078371287 1.2625195325191527 5.069951877034297
2.0 0.0 0.0 -0.05789342677426812 4.8977735190825215e-6 0.05789439123609963 0.315 0.6575355626781406 1.7802513478572934 0.7917915298376341 0.048512159740840534 0.013242072341152747 0.23161511890794623 1.2629586984910812 5.078245047205305
2.0 0.0 0.0 -0.05782167115301334 4.938648700795315e-6 0.05782264204827935 0.32 0.661042974557602 1.775216948430105 0.7915132618328955 0.04954344830745264 0.013390809961629257 0.23132785908413706 1.263402709999218 5.086695623814144
2.0 0.0 0.0 -0.0577485033679776 4.5890339844819305e-6 0.05774940400733829 0.325 0.6645181202902007 1.77009999986511 0.7912334220003805 0.05058749637019235 0.013540927543147585 0.23103434309038104 1.2638495445147155 5.095306939482218
2.0 0.0 0.0 -0.057673902187481696 4.61888199362645e-6 0.05767480712627813 0.33 0.6679775344659434 1.76490194660289 0.790949368918278 0.051645279924705016 0.013693215181438375 0.23073568050089854 1.2643034298992173 5.104082189685712
2.0 0.0 0.0 -0.05759784553443553 4.652931299235293e-6 0.05759875554983596 0.335 0.6714118655844267 1.759621333572845 0.7906623570266129 0.052716850705045275 0.013847337050867168 0.23043119631032924 1.2647623743725802 5.1130247873090475
2.0 0.0 0.0 -0.057520310427264465 4.684825856835279e-6 0.05752122505027341 0.34 0.6748204108337139 1.75425763021801 0.7903723288625635 0.05380258111753764 0.014003332534286941 0.23012079290667975 1.2652264805868336 5.122138641827316
2.0 0.0 0.0 -0.057441272955553846 4.713964866427076e-6 0.05744219160146688 0.345 0.6782024599118985 1.7488102806340562 0.7900792425702088 0.054902860314393426 0.014161244084909262 0.229804378308044 1.2656958265944254 5.131427462468891
2.0 0.0 0.0 -0.0573607082412424 4.8710349477768565e-6 0.05736165574919208 0.35 0.6815567221001773 1.7432786381917622 0.7897833083865318 0.0560181069264241 0.014321108712486008 0.22948194076852552 1.2661700866316417 5.140890848888571
2.0 0.0 0.0 -0.057278590434681864 4.9064232345072545e-6 0.05727954303798514 0.355 0.6848837664788152 1.7376622386591682 0.78948393943246 0.05714871156763227 0.014482990601344344 0.22915320331854838 1.2666502129465451 5.150541907260749
2.0 0.0 0.0 -0.05719489263376526 4.946177110553271e-6 0.05719585112449543 0.36 0.6881822771789987 1.7319603809401916 0.7891813386008031 0.058295122514758865 0.014646929439607548 0.22881814100896286 1.2671358927125334 5.16038074743908
2.0 0.0 0.0 -0.057109586876304186 4.9807107070244585e-6 0.05711055018651183 0.365 0.6914516273097773 1.7261724154738798 0.788875436336117 0.059457794408381844 0.014812979078902293 0.22847664305015208 1.2676272500566597 5.170412051592596
2.0 0.0 0.0 -0.05702264409274321 5.020549791262462e-6 0.05702361319101553 0.37 0.6946911612127453 1.7202976625122521 0.7885661715109427 0.06063720076991172 0.014981195414954959 0.2281285972368921 1.2681243960591622 5.180640534274375
2.0 0.0 0.0 -0.05693403406531139 5.057690645347345e-6 0.05693500837103982 0.375 0.6979002553892312 1.7143354186206199 0.7882534625639952 0.061833833056353205 0.015151637183125493 0.22777388008934657 1.2686274751616644 5.191071444791733
2.0 0.0 0.0 -0.05684372538327709 5.099770999123849e-6 0.056844705786050775 0.38 0.7010782677141537 1.7082849505529905 0.7879372345623019 0.06304820415227289 0.015324365981852509 0.22741236706961535 1.2691366217202555 5.201710088951383
2.0 0.0 0.0 -0.05675168539732739 5.14098152012334e-6 0.0567526716649758 0.385 0.7042245909963448 1.7021455014773381 0.78761739426161 0.0642808480038945 0.015499447161822655 0.2270439245398962 1.2696520001789666 5.212562257721707
2.0 0.0 0.0 -0.05665788016190354 5.317786517677074e-6 0.05665889818729727 0.39 0.7073379613821738 1.6959162009766948 0.7872941615008244 0.06553234453065998 0.015676941893939575 0.22666851720174422 1.2701732705520044 5.223628556265478
2.0 0.0 0.0 -0.05656227441656053 5.361653753457932e-6 0.056563298624779976 0.395 0.7104190470107193 1.6895964007177593 0.7869668341942408 0.06680323436120032 0.015856938681033283 0.22628580961497496 1.2707015804851274 5.234925527515193
2.0 0.0 0.0 -0.05646483148300019 5.407298515545303e-6 0.05646586214066037 0.4 0.7134665496038829 1.6831851669198605 0.7866356208839989 0.06809414440605029 0.01603950385536914 0.22589575053329247 1.2712366100027706 5.246454496431576
2.0 0.0 0.0 -0.05636551324023292 5.4487732061697435e-6 0.056366549478857754 0.405 0.7164798839732056 1.6766816298453135 0.7863004039922608 0.06940570975349732 0.01622471849471302 0.22549818537470007 1.2717785657017702 5.2582224553324926
2.0 0.0 0.0 -0.056264280054788396 5.501607222732186e-6 0.056265323956241835 0.41 0.7194584028636257 1.6700848812832416 0.7859610909270356 0.07073859695948202 0.01641266736272708 0.22509296381359892 1.2723276146157632 5.270236193855851
2.0 0.0 0.0 -0.05616109071860187 5.5475412776578206e-6 0.05616214089133892 0.415 0.7224015147245795 1.6633939880593989 0.7856175434151522 0.07209349828115787 0.016603439119490682 0.224679913104781 1.272883998558521 5.282503612924446
2.0 0.0 0.0 -0.056055902379321065 5.5969219873170935e-6 0.05605695939303959 0.42 0.7253085866241504 1.65660798071037 0.7852696425453196 0.07347114167793857 0.016797127572839916 0.2242588646457361 1.2734479289924774 5.295032495062509
2.0 0.0 0.0 -0.055948670469611106 5.649503331361239e-6 0.0559497348409425 0.425 0.7281789913928391 1.6497258577816414 0.7849172549371208 0.07487228850315353 0.01699383137072689 0.22382963975522133 1.2740196418285004 5.307831172018403
2.0 0.0 0.0 -0.05583934863084783 5.698120968116529e-6 0.055840419523388744 0.43 0.731012088088253 1.6427465831677923 0.7845602468504209 0.07629773774366086 0.01719365471016245 0.22339205568134227 1.2745993746362383 5.320908261484169
2.0 0.0 0.0 -0.05572788863347011 5.756792952997265e-6 0.055728967841970775 0.435 0.7338072560429607 1.6356690892850807 0.784198458989096 0.07774832498114476 0.017396707257741065 0.2229459152852578 1.275187407648177 5.334273172852825
2.0 0.0 0.0 -0.055614240283128225 5.953088627922101e-6 0.05561535344073149 0.44 0.7365632157695375 1.6284921705252744 0.7838320724969154 0.07922495756011191 0.017603097150007647 0.22249112003428362 1.275783468280999 5.347929718529013
2.0 0.0 0.0 -0.05549835136247247 6.00968602240201e-6 0.05549947217532159 0.445 0.7392806016885526 1.6212148895677418 0.783460251736912 0.08072850270989543 0.01781296347195646 0.2220272617068434 1.2763889396852273 5.361899649091038
2.0 0.0 0.0 -0.05538016748802599 6.068872893265974e-6 0.0553812963311872 0.45 0.741958071917672 1.6138359588308417 0.783083166030837 0.08225995558160717 0.018026425150234192 0.2215542221716432 1.2770035717516905 5.376187854792785
2.0 0.0 0.0 -0.05525963204078482 6.124344184545648e-6 0.055260768112884565 0.455 0.7445949949005773 1.6063541694686847 0.7827006142782187 0.08382033466973114 0.018243619584812708 0.2210717721399526 1.2776277183865097 5.390805905662481
2.0 0.0 0.0 -0.05513668603140351 6.522279595511867e-6 0.05513789257594285 0.46 0.7471890031941055 1.598767958060026 0.7823132504464567 0.08541077702455568 0.018464660793374485 0.22057990708197373 1.2782603380798065 5.405751203412017
2.0 0.0 0.0 -0.055011268059399876 6.593625409144892e-6 0.055012484356474614 0.465 0.74974281487569 1.5910766565515422 0.7819191843298539 0.08703229048236907 0.018689765246208436 0.2200779326830143 1.2789045467109892 5.421064924097155
2.0 0.0 0.0 -0.05488331408222777 6.657669926573504e-6 0.05488453865101936 0.47 0.7522539521735755 1.583278602590048 0.7815190394191625 0.08868611783919085 0.018919057109464833 0.2195658073068346 1.279559357559884 5.436746365161039
2.0 0.0 0.0 -0.05475275735815349 6.726118492193831e-6 0.05475399087241082 0.475 0.7547217480534997 1.5753724357325884 0.7811125707927653 0.0903735159931017 0.01915270990916183 0.2190432676944621 1.2802252036285642 5.452809687637137
2.0 0.0 0.0 -0.0546195282903994 6.794600612107219e-6 0.05462077061358293 0.48 0.7571454618818803 1.5673567391562033 0.7806995349708385 0.09209580875647891 0.019390904170251997 0.2185100368139693 1.2809025178135296 5.469269753798453
2.0 0.0 0.0 -0.05448355428050494 6.86231750152995e-6 0.054484805126186676 0.485 0.7595243455220599 1.559230054977097 0.780279669187542 0.09385439394822556 0.019633831417278737 0.21796582463521696 1.2815917670150763 5.486142376904355
2.0 0.0 0.0 -0.05434475957195464 6.929124686718758e-6 0.054346018624296985 0.49 0.761857642352931 1.5509908820107627 0.7798526861897965 0.09565074738818609 0.01988169442918733 0.2174103247870147 1.2822934609429866 5.50344449844581
2.0 0.0 0.0 -0.054203065074379886 7.165258019858251e-6 0.05420436284939974 0.495 0.7641438902385798 1.5426375400161163 0.7794187007861604 0.09748647585616231 0.0201347006255004 0.21684333555883484 1.2830074502848738 5.521186577223477
2.0 0.0 0.0 -0.05405838821912373 7.232969862571349e-6 0.05405969395032415 0.5 0.7663836554371252 1.5341687063428315 0.7789765847495396 0.09936315102219362 0.020393097227539646 0.21626430429406585 1.2837356341352981 5.539401877083423
2.0 0.0 0.0 -0.05391064271929488 7.294752787897181e-6 0.053911955172838665 0.505 0.7685754240929229 1.5255826014418203 0.7785263989232512 0.10128256358749724 0.020657116872842576 0.21567298956647948 1.284477959107179 5.558103616281259
2.0 0.0 0.0 -0.053759738398631796 7.360802919235395e-6 0.05376105817452269 0.51 0.7707183474270303 1.5168775412017386 0.7780678020238119 0.1032465786249371 0.020927020582022053 0.21506904040065236 1.2852350365854037 5.577312761984021
2.0 0.0 0.0 -0.05360558096771173 7.423520212838519e-6 0.05360690729441085 0.515 0.7728115911679616 1.5080517958657873 0.7776003900071551 0.10525716751634064 0.021203084329750925 0.2144520719437594 1.2860075854524684 5.597052534456692
2.0 0.0 0.0 -0.053448071789700013 7.4864729052932814e-6 0.053449404531455365 0.52 0.7748542553299682 1.4991035828203603 0.7771237660064347 0.10731643066567749 0.021485602757981642 0.21382169401116055 1.286796317064021 5.617347003073273
2.0 0.0 0.0 -0.05328710763264263 7.546895476446808e-6 0.05328844615657059 0.525 0.7768454396566427 1.490031076649058 0.7766374838966135 0.10942659793864482 0.02177488955193207 0.21317749022704915 1.2876020289192238 5.638222312505344
2.0 0.0 0.0 -0.05312258040175674 7.606118373421292e-6 0.05312392430872076 0.53 0.7787841910017183 1.4808324016503458 0.7761410850898187 0.11159004553829967 0.02207127932457418 0.21251903036325798 1.288425544286547 5.659706048904548
2.0 0.0 0.0 -0.052954376853848795 7.658974298165548e-6 0.05295572483096809 0.535 0.7806695514206135 1.4715056413122718 0.7756340589698185 0.11380930206557954 0.0223751291907673 0.2118458573870952 1.2892677783234254 5.6818281175107215
2.0 0.0 0.0 -0.0527823782888949 7.710427348957334e-6 0.052783729899910196 0.54 0.7825005001292684 1.4620488283184745 0.7751158825571673 0.11608706799936411 0.02268682075186676 0.2111574996829845 1.2901296728702336 5.704620087947507
2.0 0.0 0.0 -0.0526064602202565 7.754220161571595e-6 0.052607813932348424 0.545 0.7842760000372757 1.4524599520534314 0.7745859778456285 0.1184262229241126 0.0230067615261643 0.2104534558538994 1.291012267974847 5.728116198296015
2.0 0.0 0.0 -0.052426492018384535 7.794079035942572e-6 0.05242784695591035 0.55 0.7859949751895304 1.442736958378706 0.7740437306776755 0.12082984636931327 0.02333538833409239 0.20973320303108917 1.2919166713287629 5.752353069746857
2.0 0.0 0.0 -0.05224233652037244 7.999385304960563e-6 0.05224372112906506 0.555 0.7876556441664753 1.4328775697285652 0.7734889417970869 0.12330129096187524 0.023673158398447473 0.20899629766340122 1.292843305137172 5.777361753983906
2.0 0.0 0.0 -0.0520538496471839 8.02277549945243e-6 0.052055232121256935 0.56 0.789258215521964 1.4228800031197983 0.7729199743728437 0.1258439740178916 0.024020596999249366 0.20824195057546196 1.2937950022722737 5.803201416904096
2.0 0.0 0.0 -0.05186087991298202 8.038210026148027e-6 0.05186225870108765 0.565 0.7908008053007278 1.4127418818417148 0.7723365272739073 0.1284617372790995 0.02437823175412781 0.20746965858822372 1.2947723753655298 5.829909609279871
2.0 0.0 0.0 -0.05166326797532955 8.037530215000043e-6 0.051664640144482146 0.57 0.792282208078881 1.4024609803293888 0.7717377634593046 0.13115864957159606 0.024746645531921206 0.20667878361190012 1.2957769430868744 5.857536004073886
2.0 0.0 0.0 -0.05146084610926843 8.034273506920872e-6 0.05146221105836162 0.575 0.793701156514576 1.3920350275635012 0.7711227908746903 0.1339390877782012 0.025126465661041326 0.2058686561925551 1.2968103288267387 5.886134176730338
2.0 0.0 0.0 -0.05125343764861273 8.00579274024739e-6 0.05125479094709772 0.58 0.7950563571464353 1.3814617231994644 0.770490621853746 0.13680775880799068 0.02551836745842739 0.20503856337096243 1.29787433050654 5.915762730134767
2.0 0.0 0.0 -0.051040856380422855 7.966380411749418e-6 0.051042196059385335 0.585 0.7963464266057444 1.3707387357285272 0.7698402187385218 0.13976974092786 0.025923078900470374 0.20418776310599038 1.2989708457147429 5.9464846689875115
2.0 0.0 0.0 -0.05082290589153085 7.909785215088471e-6 0.05082422895891618 0.59 0.7975699526564217 1.3598637235892368 0.769170429010468 0.14283050818793971 0.0263413848654392 0.2033154646918439 1.3001019829720875 5.978369131297088
2.0 0.0 0.0 -0.05059937885866239 7.827459121574627e-6 0.05060068094142202 0.595 0.798725442106075 1.3488343301557766 0.7684800156005371 0.14599597625395652 0.026774132158838657 0.20242083608859948 1.3012700131421626 6.011491254070403
2.0 0.0 0.0 -0.05037005627932217 7.725453637305371e-6 0.050371334072784414 0.6 0.7998113280712431 1.3376481996449978 0.7677676402378992 0.14927254559109793 0.0272222356067112 0.2015030004391766 1.3024774001807935 6.045932981809743
2.0 0.0 0.0 -0.05013470662210692 8.714799123400331e-6 0.05013613955865737 0.605 0.8008331339879889 1.3263081245836 0.7670293984613341 0.15266788059908382 0.027687405655082115 0.20056246541198763 1.3037309938915065 6.081776000968251
2.0 0.0 0.0 -0.04989308497861966 8.533381143810924e-6 0.04989447951893064 0.61 0.8017746031153926 1.3148015517378153 0.7662686039425841 0.15618798787430133 0.02816924937878012 0.1995953482054822 1.3050254112654869 6.119135514859792
2.0 0.0 0.0 -0.04964493198173822 8.308774175297444e-6 0.049646281222357175 0.615 0.8026412703040328 1.30313127591233 0.7654810732435564 0.15984179732403572 0.02866965729238226 0.19860205716848373 1.3063680278373473 6.158111502561201
2.0 0.0 0.0 -0.04938997278897872 8.036010291873291e-6 0.04939126916570605 0.62 0.8034312645197255 1.2912950555888894 0.7646649102574079 0.16363820056837816 0.029189888687748106 0.19758149146721213 1.3077623761542445 6.198823322320934
2.0 0.0 0.0 -0.049127915892333784 7.71192180758171e-6 0.04912915149934122 0.625 0.804142653649087 1.2792906839814906 0.7638180186538248 0.16758689469208402 0.02973131565161421 0.19653247713834088 1.3092123720286533 6.241403424544877
2.0 0.0 0.0 -0.04885845183263701 8.435481224036305e-6 0.048859793780283434 0.63 0.8047812432370364 1.2671222576964438 0.7629349318783776 0.17169908651695068 0.030296231083333836 0.19545527369471258 1.310727767488582 6.285998747067494
2.0 0.0 0.0 -0.048581251845159296 7.922893247434208e-6 0.04858250293907426 0.635 0.8053287473344714 1.2547750077821782 0.7620196164591118 0.1759850728767153 0.030884625145393103 0.1943454653649205 1.3123021749055703 6.3327725861766515
2.0 0.0 0.0 -0.048295966264294776 8.277243681901608e-6 0.04829726326073259 0.64 0.8057892427008321 1.2422527164769048 0.7610683039121566 0.18045884135124596 0.031499166401492015 0.19320379832500234 1.3139425132536073 6.381855370292866
2.0 0.0 0.0 -0.048002223018552476 8.736662886358383e-6 0.048003581002581265 0.645 0.8061719536265577 1.2295612749793285 0.7600701870495046 0.18513373083803444 0.03214251810945632 0.1920291082556218 1.315667969930343 6.433553488951209
2.0 0.0 0.0 -0.04769962566926933 9.077011335912126e-6 0.047701024706006935 0.65 0.8064642033547826 1.2166917688963244 0.7590275185266675 0.19002503928764758 0.032816003252286646 0.19081880664961975 1.317475289882875 6.488043588798053
2.0 0.0 0.0 -0.047387751549519574 9.124332078557294e-6 0.04738914551686327 0.655 0.8066624919599175 1.2036415047609548 0.7579369092467863 0.19514974650299685 0.03352188930368879 0.18957095848142066 1.3193710291715006 6.545585246194305
2.0 0.0 0.0 -0.04706614983926083 -4.767274704122649e-6 0.04706542830828061 0.66 0.8067823837450026 1.1904147111518644 0.7567760632203058 0.20051657949675766 0.03426100203178098 0.18827286057019754 1.321394859854186 6.607165644734102
2.0 0.0 0.0 -0.04673433823108339 -2.4859925893451427e-6 0.04673396560659077 0.665 0.8067751498313803 1.176989917327322 0.7555800792111738 0.20616984149853052 0.03504001347849341 0.1869466440533951 1.3234864543332079 6.671575912505019
2.0 0.0 0.0 -0.04639180193094547 -3.4190998996778226e-6 0.046391294636809015 0.67 0.8066382692533193 1.1633653108365984 0.754346453416523 0.21211642531474548 0.035856211035025926 0.18557099093874063 1.3256508272437457 6.739876639557229
2.0 0.0 0.0 -0.046037989686596864 -7.162349800403192e-6 0.04603693836309429 0.675 0.8064038144443526 1.1495868408917433 0.7530368438848845 0.218373157025104 0.036713375461496785 0.1841498896168784 1.327956272154019 6.812698263539463
2.0 0.0 0.0 -0.04567231136035521 -6.966866148222171e-6 0.045671300307492405 0.68 0.8060937892886023 1.13563313409977 0.7516226838322382 0.22498819386978114 0.037624723547808936 0.1826882437095777 1.3304547900302583 6.890704140714257
2.0 0.0 0.0 -0.04529413401488597 -5.830220612098878e-6 0.045293298047944075 0.685 0.8056820851458146 1.1215154569942296 0.7501294778128242 0.2319814643288675 0.03858825201135642 0.1811767514431744 1.3331031902862054 6.974223883664451
2.0 0.0 0.0 -0.04490277884864255 -7.158798884986071e-6 0.044901765417455025 0.69 0.805145218787848 1.1072157697666303 0.7485518159036078 0.23938761453708068 0.03960597940610221 0.1796095480445084 1.3359128636844726 7.063922023629787
2.0 0.0 0.0 -0.04449751720978801 -6.30128826725717e-6 0.0444966372075206 0.695 0.8045007395527989 1.0927607577703076 0.7468696646810811 0.24724596300732285 0.040685252287055135 0.17798950669245261 1.3389216985094814 7.160536399299921
2.0 0.0 0.0 -0.044077566515727196 -5.712784548053956e-6 0.0440767801679904 0.7 0.8037328903516813 1.078144247171322 0.7450773980422847 0.25559900369608074 0.041829462482127495 0.17631073457217813 1.3421424440300214 7.2649596110621495
2.0 0.0 0.0 -0.04364208598199201 -6.193314807417294e-6 0.043641246579298056 0.705 0.8028321420756869 1.063363216788332 0.7431669704744186 0.2644978738984148 0.043044112809463755 0.17456847362977676 1.345592632247399 7.378240327322809
2.0 0.0 0.0 -0.043190172043171965 -6.8202389328025406e-6 0.0431892628699849 0.71 0.8017991265577683 1.048435751782438 0.7411228450901035 0.2739949981775652 0.04433494076568487 0.17276055593172407 1.349303973862016 7.501583889468182
2.0 0.0 0.0 -0.04272085359861147 -8.167507337032802e-6 0.04271978406728639 0.715 0.8006308026455586 1.033370815495555 0.7389278829326855 0.2841525742943001 0.04570864433183237 0.1708827659171532 1.3533120391007027 7.636529333460923
2.0 0.0 0.0 -0.04223308708677717 -9.420392796067614e-6 0.042231876971055966 0.72 0.7993189923217139 1.0181815904346063 0.7365700279911263 0.29503957471892994 0.04717117081010243 0.16893135166188963 1.3576441641636396 7.784704083248754
2.0 0.0 0.0 -0.04172575172800841 -8.703331178488465e-6 0.041724656700545204 0.725 0.7978534685674755 1.002874492753872 0.7340398525520513 0.3067410871610454 0.048730563324540115 0.16690205164390287 1.3623238527489723 7.948048310145435
2.0 0.0 0.0 -0.04119764504403556 -3.995369103982328e-6 0.04119715354532041 0.73 0.7962424843227146 0.9875018739370143 0.7313017492496723 0.31932949456015264 0.050391034610271154 0.16479532894555196 1.367424597337578 8.128951268481808
2.0 0.0 0.0 -0.04064747908783234 -6.620045886403519e-6 0.0406466844715236 0.735 0.7944679053391732 0.9720500114837332 0.7283424112146628 0.3329104828634994 0.05215898192230087 0.16259321880730218 1.3729805989634642 8.331122597914868
2.0 0.0 0.0 -0.04007387801979956 8.011089323845441e-6 0.04007481419510476 0.74 0.7925368012083152 0.9565601132500834 0.7251361010075295 0.3476259022332852 0.05405238487261638 0.16031156468538788 1.3790514616643228 8.557253411129295
2.0 0.0 0.0 -0.03947537876540719 7.960668541345003e-6 0.039476282007693056 0.745 0.7904372688445499 0.9410679425459123 0.7216479024517479 0.3635526454944114 0.05605975120195133 0.1579186792438649 1.385717323645741 8.813436511877686
2.0 0.0 0.0 -0.038850433745236224 -6.351159387802111e-6 0.03884973623867311 0.75 0.7881613823561306 0.9256055314968772 0.7178460175458232 0.3808370217053372 0.0581852678273083 0.15540912759701087 1.393056415383907 9.105519178869963
2.0 0.0 0.0 -0.038197419210446504 -3.3884430103995746e-6 0.03819706021987623 0.755 0.7857146410602865 0.9102310596900285 0.713728721479022 0.3996791407024823 0.060444717255687064 0.15279919962487815 1.4010925578667393 9.438807843464646
2.0 0.0 0.0 -0.03751465027674372 4.959650073320029e-6 0.03751515531773405 0.76 0.7830192318626185 0.8949245628002656 0.7093315275058565 0.420290155246755 0.06282208571306899 0.15006640082734943 1.4097780251163936 9.820292151154415
2.0 0.0 0.0 -0.036800407945675934 6.404002535901438e-6 0.03680103161487615 0.765 0.7802493698667944 0.8799185254419011 0.7044335692087103 0.44274338970880595 0.06532361109565522 0.1472099370309993 1.4195802751468793 10.268268071761637
2.0 0.0 0.0 -0.03605297784882622 6.506432888257105e-6 0.03605358061627602 0.77 0.7773395374341816 0.8652344690101264 0.6990953797754376 0.4672736258862485 0.06792272671624887 0.1442198114782106 1.4304199812065914 10.794267159599928
2.0 0.0 0.0 -0.035270712480220595 9.148141863582182e-6 0.03527151372360265 0.775 0.7743085785248157 0.8509631711165054 0.6932886261744446 0.494106669324437 0.07059871323135194 0.14109124647437923 1.442400700438406 11.417432041872656
2.0 0.0 0.0 -0.03445211669672482 8.755567020630447e-6 0.03445283659637089 0.78 0.7712012676432262 0.8372505219149317 0.6869832783033445 0.5233888226407784 0.07330227680218245 0.1378159237923007 1.455639506204168 12.162204924586433
2.0 0.0 0.0 -0.03359598283287887 8.492922541777741e-6 0.03359663317993439 0.785 0.7680657782625718 0.8242349431892225 0.6801794632983746 0.5552820123617104 0.07597598131245588 0.13439017692474026 1.4702002250269772 13.059062034291056
2.0 0.0 0.0 -0.03270149749811897 6.983164692189435e-6 0.03270199108119786 0.79 0.7649764824105026 0.8120772288946774 0.6728791250079311 0.5898798253729907 0.07854370841648242 0.13081066187899637 1.4861510230209798 14.147901317691657
2.0 0.0 0.0 -0.031768465351349556 7.733954183549238e-6 0.031768965044174494 0.795 0.7620300001126836 0.8009559380202573 0.6651266705059378 0.6271696319519485 0.08090881514910944 0.12707804344375048 1.5034730140039851 15.477416920123085
2.0 0.0 0.0 -0.030797472859103073 -2.4599719651863404e-7 0.030797458475704594 0.8 0.7593437154565523 0.7910668417497857 0.6570069233314193 0.6669095373369474 0.08293797677792697 0.12318956075634592 1.5220539761276788 17.102856245994996
2.0 0.0 0.0 -0.029789960139961963 5.417367229601393e-6 0.029790243845542866 0.805 0.7570147946651846 0.7825021486582021 0.648664929440292 0.7090344697077383 0.08455295136721205 0.11916089552551429 1.541627972492455 19.095032294956432
2.0 0.0 0.0 -0.028748601297125184 2.892004498511532e-6 0.02874873538781053 0.81 0.7552233690480274 0.7754292778573 0.6400008268160668 0.7529334328996283 0.08564838542412716 0.11499577089878299 1.5624979814086908 21.56752716289052
2.0 0.0 0.0 -0.027676747906563687 3.872489383403723e-6 0.02767690508482892 0.815 0.7540389684087828 0.7698567239638052 0.631216325020791 0.7982938873559519 0.08616963953263648 0.11071513665969399 1.5842429296597453 24.63756281863498
2.0 0.0 0.0 -0.026578978882616566 6.808181553945198e-6 0.026579218954115014 0.82 0.7535235778270958 0.7658132624547697 0.6227032775559671 0.8442935913804651 0.08600156950149875 0.10632229583750091 1.6059012952764207 28.358974713598172
2.0 0.0 0.0 -0.025460137949622624 8.189896420118718e-6 0.02546038694810691 0.825 0.7537378447549118 0.7632211184820882 0.6144767159855355 0.890549428568953 0.08519259432073943 0.10185190149341582 1.6274009640806992 32.891350497970144
2.0 0.0 0.0 -0.024325700922482887 -2.4898983428590598e-6 0.024325636021274598 0.83 0.7546857146349195 0.7619736548489061 0.6066748190088305 0.9365065007833233 0.08375235060473639 0.09730678924971595 1.6483294982207704 38.364437403851035
2.0 0.0 0.0 -0.02318148637853399 -6.530868556858701e-6 0.023181341746832576 0.835 0.7563987021409556 0.7619714458897197 0.5989302931443916 0.9816964000434851 0.08179187934396699 0.0927310278092099 1.6696433816195997 45.15516648848293
2.0 0.0 0.0 -0.022032242712651633 -9.395244439735515e-6 0.022032064622219478 0.84 0.758730995221759 0.7630131489818057 0.5926481101519414 1.0261984254153493 0.07929614357940336 0.08812323067148607 1.687341919884997 52.75546993770428
2.0 0.0 0.0 -0.02088367810983538 -7.4049704480280425e-6 0.02088356093751907 0.845 0.761794610027845 0.7650397449786178 0.5850124881493528 1.0694900784916654 0.07652296658171857 0.08354378395114115 1.7093652191313926 63.197269469079615
2.0 0.0 0.0 -0.01974026546777291 -3.1068636491821625e-6 0.019740223448535012 0.85 0.7653333970687468 0.7678251212623493 0.5800210010498361 1.1121916277534702 0.07333375288627295 0.07895479638759716 1.724075504490333 73.93907658941399
