1.5 0.0 0.0 0.0026747683162279268 0.09878083444520518 0.010277716847162274 0.0 5.77874999261809e-32 2.979440247123584 2.835072417050082 0.0 8.847039912200039e-35 0.04111994865394375 0.3527246760915225 7.6264001231521314
1.5 0.0 0.0 0.002673548156142902 0.09875798504836183 0.010275940915188873 0.02 0.0034315918827219076 2.978898564262458 2.835424501325863 0.0007834680044724807 4.6521453458372204e-6 0.04111283841752577 0.3526808770723378 7.6264001231521314
1.5 0.0 0.0 0.0026699479218447175 0.09865922365302227 0.010268014137565859 0.045 0.01653424044762304 2.9767207113823986 2.837288600409344 0.0017709303766753808 2.2471011667179367e-5 0.04108110816926562 0.35244916567730455 7.62556136739181
1.5 0.0 0.0 0.0026642936603135103 0.09848200302883378 0.010253897432475787 0.07 0.0372079693562602 2.9729379310222592 2.840802174395433 0.0027754231940624254 5.078927447176175e-5 0.04102459338691559 0.35201324788228716 7.62351341000093
1.5 0.0 0.0 0.002654212325126082 0.0982373860549232 0.010235357519957517 0.095 0.06308422111424976 2.9676271772310825 2.8451916927314 0.003802728867794534 8.66190261503148e-5 0.04095035109657953 0.3514701672139337 7.621463496114525
1.5 0.0 0.0 0.002642892660823487 0.0979086442381944 0.010210554796396192 0.12 0.09238935866456907 2.960872121906427 2.8515663105513855 0.004857969631625469 0.00012781518356517346 0.040851054727120806 0.35068446288616667 7.617306140167079
1.5 0.0 0.0 0.0026290556595325865 0.09749880311071597 0.010180252148650513 0.145 0.12397160226384102 2.952739919900201 2.85960619250557 0.005944829516617242 0.00017304331333286427 0.040729737941374675 0.349698501360359 7.611559076473268
1.5 0.0 0.0 0.002611869392078997 0.0970079651023712 0.010144828769899654 0.17 0.1570939847185625 2.9432876754416375 2.8691639070616493 0.007066638916276961 0.00022151115719845174 0.040587902369409345 0.34853359110602866 7.604472871475748
1.5 0.0 0.0 0.002590697125933933 0.09643484955281593 0.010104478997381464 0.195 0.19127767820523742 2.932563244247525 2.880169625733161 0.008226643734703457 0.00027276222862697094 0.040426344077214196 0.3472017727933109 7.596180518969561
1.5 0.0 0.0 0.0025671239701647863 0.09576589517273962 0.010057775311697078 0.22 0.22616961496861937 2.9206172293013504 2.8933738362479273 0.009429091316594007 0.0003265516282294462 0.04023936628242576 0.3456172816219216 7.585477953897506
1.5 0.0 0.0 0.002540125769145807 0.09500003836483357 0.010004930054021597 0.245 0.26154926508360243 2.9074856391517043 2.9086543917316603 0.010677448536006646 0.0003827631773439933 0.04002778652836303 0.3438015884055077 7.572707503572333
1.5 0.0 0.0 0.0025094441225067265 0.09413178624486015 0.009945569854854763 0.27 0.2972502706824521 2.8932033112626487 2.9261827492990298 0.011975661778834001 0.00044136522627952283 0.03979013367336225 0.34174215545476483 7.557742320960553
1.5 0.0 0.0 0.0024748152954287284 0.09315491536068198 0.009879222947054702 0.295 0.33314803888140576 2.877802656839767 2.946171611254409 0.013327915716305792 0.0005023804285320396 0.03952451531661882 0.3394235407672752 7.540442528365997
1.5 0.0 0.0 0.002435890445470823 0.09206289292633332 0.009805375655722957 0.32 0.36914786671521604 2.8613142575480266 2.968847132634597 0.01473860835543798 0.0005658664629869898 0.03922887977894468 0.33683108470208956 7.520700241730327
1.5 0.0 0.0 0.0023923213749624805 0.09084834283162015 0.009723402043880374 0.345 0.4051749895114336 2.8437687029096512 2.994488970911448 0.016212405794875224 0.0006319030844991816 0.03890072584378461 0.3339467968371331 7.498383686303798
1.5 0.0 0.0 0.0023436524451614926 0.08950360862090734 0.009632638777028576 0.37 0.4411710982578355 2.8251968220121473 3.023396963279936 0.017754170746248 0.0007005804895574417 0.03853738340510411 0.3307537885845956 7.473399482393355
1.5 0.0 0.0 0.0022894305875387766 0.08802013124320603 0.009532301860572181 0.395 0.47708915655934037 2.80563197836153 3.0559381592495565 0.019369026842298465 0.0007719927728633496 0.038135735488313456 0.327231752701949 7.445620312382482
1.5 0.0 0.0 0.0022290650408333113 0.08638928198702081 0.009421597375321967 0.42 0.5128938838743369 2.7851096638400223 3.092499792799966 0.02106223287047788 0.0008462280452276094 0.03769262377693878 0.32336299660495504 7.414967398525766
1.5 0.0 0.0 0.002161949281610176 0.08460131857035445 0.0092995801443013 0.445 0.5485577176702205 2.7636709412414358 3.1335679004729338 0.022839197404745 0.0009233582087369734 0.03720422440807679 0.3191250458779196 7.381328915763486
1.5 0.0 0.0 0.0020873339586699735 0.08264687091331048 0.009165352345552893 0.47 0.5840641170313702 2.7413609428617924 3.1796461842918236 0.024705370807949163 0.001003436670805078 0.036666991225925843 0.314500401000661 7.344634754662543
1.5 0.0 0.0 0.0020043923567568123 0.08051609582821471 0.009017948077163019 0.495 0.6194051764423893 2.7182320003983946 3.231327712573872 0.026666152966675426 0.0010864836091354071 0.03607703352225718 0.3094703134283662 7.304809383353541
# 1.5 0.0 0.0 0.0019121914576808174 0.07819955149123098 0.00885645013890667 0.52 0.654583651705472 2.6943433924422444 3.2892609167439693 0.028726812228964182 0.0011724843762247297 0.03543070351109777 0.3040196643901078 7.261784208326881
1.5 0.0 0.0 0.0002658769597342625 0.08620313302030924 0.010051242179543392 0.545 0.7164864388343449 2.6236981738172167 2.6338128464931465 0.02934962385877954 0.0012164776024211135 0.04021247530386707 0.37967769856217176 8.355349187752491
1.5 0.0 0.0 0.00018698684044932135 0.08405345222439924 0.009942307015446386 0.57 0.7496144685433259 2.592234075145379 2.66792949938808 0.031740567502446734 0.0013169725399473232 0.03977625441502352 0.37482249820670366 8.298056450941674
1.5 0.0 0.0 9.84575970969237e-6 0.08213185238541919 0.009872070830472132 0.595 0.7834618291439824 2.556578760763363 2.67439706683988 0.034173103588718494 0.0014165574813271387 0.03949497986822563 0.3739160547246708 8.31132823636877
1.5 0.0 0.0 -8.698886994429333e-5 0.07961291185343042 0.009741571507696906 0.62 0.8153921956957192 2.5220636912441883 2.7149755629247645 0.03693025040842465 0.0015291515595599102 0.03897249083304589 0.3683274404587016 8.246126719358907
1.5 0.0 0.0 -0.0005264236934268696 0.0785147695253466 0.009793816755324229 0.645 0.8503925087809594 2.4722738401220123 2.6364954712056585 0.0393837286961184 0.0016194649940380215 0.039181504197568356 0.3792913778618039 8.472152740359961
1.5 0.0 0.0 -0.0007672912944459986 0.07255450536721637 0.00948693581528342 0.695 0.9097283726798702 2.3919926158915983 2.7282051528679334 0.04614308754433047 0.001880917590617878 0.03795293680252371 0.3665413500699472 8.3208100047923
1.5 0.0 0.0 -0.0006394490341114223 0.07565734320326886 0.009648618017894716 0.67 0.880420331119647 2.433016147701827 2.6801805122147657 0.042624676247867005 0.0017465211277537464 0.03860018387351978 0.37310919747478133 8.39781597386549
1.5 0.0 0.0 -0.0009124214038822298 0.06919629106589127 0.009307981566133045 0.72 0.9382881776228826 2.3490307146323604 2.7805606440111923 0.04997253320795155 0.0020226995808359715 0.03723661030300964 0.3596397014946652 8.242010030137171
1.5 0.0 0.0 -0.0010779237714445833 0.06557859081271349 0.009111680403557606 0.745 0.966046228603319 2.303823241460944 2.8368243482850932 0.05415449484190788 0.0021718044851725972 0.036450913064589696 0.3525068447063054 8.162879934721788
1.5 0.0 0.0 -0.001267670960317574 0.06170592163229744 0.008899027303718433 0.77 0.9928869678117106 2.255812865279938 2.8958523991855287 0.058744238812343 0.0023280642011567093 0.03559984164074284 0.3453214674481526 8.085839378429371
1.5 0.0 0.0 -0.0014872839328679277 0.057598208633657604 0.008672942111566485 0.795 1.018548796201939 2.203899854127452 2.954926170150703 0.0638227883964435 0.0024911135720827944 0.03469505314663396 0.33841793074275023 8.015717864844165
1.5 0.0 0.0 -0.0017503968397361014 0.053331245315163436 0.008443338801392733 0.82 1.0423082857745394 2.145147220927501 3.0053461326575235 0.06953231869198674 0.002659743637793142 0.03377622290108027 0.332740375271096 7.968281455403944
1.5 0.0 0.0 -0.002167492412766675 0.04958041955335122 0.008294602738017942 0.845 1.0591892148295017 2.0582093312205574 2.975446461128472 0.07640495871375022 0.002821989778868567 0.03318095254960589 0.336084017327853 8.091974343765056
1.5 0.0 0.0 -0.002146398810926431 0.04229378445941024 0.007213369971752304 0.87 1.0920382425332746 2.047286167010212 3.2630029564024916 0.08269742178476329 0.003028094487677863 0.030855412605365985 0.306466164254572 7.597270263770481
1.5 0.0 0.0 -0.0041576741577898715 0.0021112493669967285 0.004534868202223801 0.895 0.8496995693878369 0.8719289290633154 1.5593592771103637 0.4129504904091201 0.010362201182863521 0.016939623316060026 0.6412890311289199 27.34989962604881
1.5 0.0 0.0 -0.0034333562271917934 0.000899155665032598 0.003449835690211667 0.908 0.8567289799728918 0.863321155024735 1.355713598213157 0.5293234910403305 0.010964833443303434 0.013799461613295871 0.7376189198942976 54.562194408170576
1.5 0.0 0.0 -0.003137114703265248 0.0006711154814319222 0.0031466959807453115 0.913 0.8609230283388213 0.8652145773952286 1.3095054695001878 0.5670438561561825 0.010551471640464428 0.012586885073163284 0.7636470585966086 70.04446774747568
1.5 0.0 0.0 -0.002840737195832629 0.0004989768662935591 0.002846491113893162 0.918 0.8657835828714936 0.8686382304798927 1.2770966768225378 0.6021052927407275 0.009919984059615751 0.011386066841524205 0.7830260763719485 86.71949461987192
