3.0 0.0 0.0 -0.2734282406069968 0.03664631194245336 0.31690619968341777 0.0 0.00037184012367307733 1.341556679799627 0.6083470422989762 0.0 0.0001229873780330133 1.2680357715232937 1.6437985729674076 0.8428710252484557
3.0 0.0 0.0 -0.27342192973548385 0.03664348498901044 0.31689653485458724 0.005 0.0010933462933535177 1.3415207805430585 0.6083536816554711 0.0028766032798036223 0.0003536160604357785 1.2679971168636917 1.6437806331323064 0.8428710252484557
3.0 0.0 0.0 -0.2734079340325105 0.03663723387350492 0.3168702053845984 0.01 0.0031527391198443618 1.3414120522490813 0.6083368366600994 0.005758894256077869 0.001012436748452175 1.267891804737277 1.6438261498189324 0.8429663874836786
3.0 0.0 0.0 -0.2735681924943615 0.036700013476909266 0.31691293694517225 0.015 0.006482676041096231 1.341186782915765 0.6069494570725487 0.008635359893783152 0.0020739173385978 1.2680387825915675 1.6475836469534402 0.8467004233594643
3.0 0.0 0.0 -0.27353617802985875 0.03668640514457048 0.316852873406732 0.02 0.010225325054559163 1.3409340266254883 0.6069115294533091 0.011534459870159287 0.0032679955816462807 1.2677855877064532 1.6476866091187543 0.8469345324102748
3.0 0.0 0.0 -0.27349510317918646 0.0366708419445396 0.3167781385629207 0.025 0.014572839903656147 1.3406104693024066 0.6068567563405602 0.01444819127546414 0.004658583685897449 1.2674834666811505 1.6478353244844037 0.8472336013273345
3.0 0.0 0.0 -0.2734410887155426 0.03665153253911255 0.31668673692939603 0.03 0.0192848771806158 1.3402179611132854 0.6068186054035151 0.017377853132285046 0.006168938895194104 1.2671158361366395 1.6479389245737315 0.847519555213223
3.0 0.0 0.0 -0.27338376413652676 0.03663256688532651 0.31658360554286485 0.035 0.02430283829883524 1.339754960795843 0.6067258151580033 0.02032282102696527 0.007780849631245046 1.2667019723974446 1.6481909538323838 0.847979198366963
3.0 0.0 0.0 -0.27331523195725416 0.03661109050029183 0.316465492049668 0.04 0.029561012168032717 1.3392243502769046 0.6066375759728975 0.02328520348731394 0.009475300256647988 1.2662296844057095 1.6484306933942334 0.8484558475866137
3.0 0.0 0.0 -0.2732379919526329 0.03658805066815733 0.31633362132866166 0.045 0.034959078830224324 1.3386262912349087 0.6065363968363916 0.026264402398454394 0.011219035968421892 1.2657023407300214 1.6487056757283796 0.8489967822237865
3.0 0.0 0.0 -0.27315224941494054 0.03656361025649468 0.3161882873395756 0.05 0.040460519666674084 1.3379615093272015 0.6064212036679288 0.02926057623343451 0.013000435157407716 1.265121119305129 1.6490188567805943 0.8496044715018857
3.0 0.0 0.0 -0.2730575581906891 0.036529975112396716 0.31602042458269686 0.055 0.04594869769315304 1.3372308011717666 0.6063507326514624 0.03227155375085068 0.014777858355048865 1.2643300809140914 1.6492105082930806 0.8502685733089791
3.0 0.0 0.0 -0.2729534694566468 0.03650227340858187 0.3158479149607065 0.06 0.05156884730277808 1.3364350887093397 0.6062188381022521 0.03530215284609924 0.01660577555215993 1.2636401683610035 1.6495693257082977 0.8509790248979234
3.0 0.0 0.0 -0.2728415224711438 0.03647372067872478 0.31566286014569434 0.065 0.05725933133475452 1.3355746536458655 0.6060687360771628 0.03835050114756893 0.01846173323417963 1.2629012679453968 1.6499778663268367 0.8517650932796932
3.0 0.0 0.0 -0.2727209602337318 0.03644362252560769 0.31546452442210815 0.07 0.06294088017213263 1.3346501130306032 0.6059075408778408 0.04141569471091446 0.020317385036952774 1.2621080118664207 1.6504168252324394 0.8526107548026648
3.0 0.0 0.0 -0.27259171495163714 0.036412156631574454 0.31525319016548464 0.075 0.06863961400661787 1.333662165479566 0.6057354977968958 0.04449851066360209 0.02218245988979481 1.2612627669688816 1.650885582299655 0.8535137720637336
3.0 0.0 0.0 -0.27245148205548897 0.036378338936704134 0.3150277753914563 0.08 0.07433208389866841 1.3326120868150524 0.6055703266915233 0.04759981323386848 0.024049467277335153 1.2603611410583975 1.651335866245967 0.8544271021820646
3.0 0.0 0.0 -0.272307890316977 0.036345323402209036 0.3147920325573028 0.085 0.08005377474179859 1.331497833931668 0.6053545416387162 0.05071692702681828 0.025928119224920013 1.2594181440032621 1.6519245024460618 0.8555032886531994
3.0 0.0 0.0 -0.2721531243565397 0.036310126055304405 0.3145425299102185 0.09 0.08578452728785253 1.3303226284613485 0.6051465880201138 0.05385354510385538 0.027814938476177883 1.2584219809467558 1.6524921726349755 0.8565849315655993
3.0 0.0 0.0 -0.27285756674572625 0.036612782389081854 0.3146715278869012 0.095 0.0962901698122434 1.3287835832858141 0.5983382401667775 0.05663109723662855 0.031010136650454073 1.2589277196879265 1.6712954861806348 0.8756114319202487
3.0 0.0 0.0 -0.27268381151240917 0.03657017426569637 0.31439069368359146 0.1 0.10198903699763624 1.3274757907695922 0.5981455642454255 0.05978362721206121 0.03287763689317047 1.2577307097943453 1.671833847437326 0.876837882908563
3.0 0.0 0.0 -0.2725012734856457 0.036536489187109826 0.31410890671875985 0.105 0.10781159084361647 1.3261068181371578 0.5978753763613309 0.06296154506909438 0.034800649438091205 1.256678953743485 1.6725893715275566 0.8781198628243919
3.0 0.0 0.0 -0.27231018106684246 0.03649601932730774 0.313808302141806 0.11 0.11353708294110382 1.3246769825576734 0.5976284911788331 0.06615427280844845 0.0366882655659536 1.2554764426701417 1.673280331778496 0.8794619703716263
3.0 0.0 0.0 -0.27211039582939733 0.036454030514401874 0.31349492103769533 0.115 0.11924422327156403 1.3231866648339565 0.5973715873040574 0.06936577949515951 0.03857265025322231 1.2542227574484708 1.673999937815938 0.8808613927771362
3.0 0.0 0.0 -0.27190195852328003 0.036410530922899365 0.3131688067553646 0.12 0.12493388609742792 1.3216361391251872 0.5971043419779261 0.0725962619828683 0.040453999559003584 1.252918111338198 1.6747491681059796 0.8823191613308261
3.0 0.0 0.0 -0.2716876530844855 0.036366890866405814 0.3128315386263846 0.125 0.13064111922657565 1.3200247699605192 0.5968041150303793 0.0758451496005039 0.04234423668466582 1.2515715680708446 1.675591663688674 0.8838953926549162
3.0 0.0 0.0 -0.2714618368901095 0.0363202822237773 0.31247994334391194 0.13 0.13629314387763805 1.3183545380890425 0.5965166131043713 0.0791141202409264 0.04421816233105997 1.2501649388639335 1.6763992452713663 0.8854695002726133
3.0 0.0 0.0 -0.27122734995713194 0.036272100722384175 0.312115624584774 0.135 0.14192713141270555 1.3166247764365129 0.5962187495876968 0.08240267866005505 0.0460884714474745 1.2487073851035166 1.6772367536101975 0.8871027465136138
3.0 0.0 0.0 -0.27098124842788107 0.03622121737970439 0.3117373325774606 0.14 0.14752499660090643 1.3148370016106197 0.5959331758890606 0.08571287738331246 0.04795031803267926 1.247193967699057 1.6780404925571064 0.8887315387505909
3.0 0.0 0.0 -0.27072912893278034 0.036169719807323475 0.3113474331874515 0.145 0.15312095970127604 1.3129888561331673 0.5956165296272992 0.08904152125922767 0.04981253827602716 1.2456340317327965 1.678932585409844 0.8904783316542296
3.0 0.0 0.0 -0.27046822018530425 0.036116550338405225 0.3109447481718592 0.15 0.15869839746798356 1.3110816930492393 0.5952900211443062 0.0923905327268663 0.05167070915487541 1.244022927430282 1.6798534571060566 0.892283803353935
3.0 0.0 0.0 -0.27020122719733974 0.03606273346338992 0.31053043205208014 0.155 0.16427497340768982 1.3091142581247932 0.5949323587161783 0.09575834852327335 0.05352943829977749 1.242365257851352 1.680863354210433 0.8942088889002981
3.0 0.0 0.0 -0.26991980078791367 0.03600504631485299 0.3101008900393647 0.16 0.16979740892579326 1.3070908417715132 0.5946084047318436 0.0991508781354768 0.055374602429277935 1.240646725088077 1.6817791205810138 0.8960694442486465
3.0 0.0 0.0 -0.2696349561732966 0.035948118008717896 0.309661291513508 0.165 0.17534938573313374 1.3050061523558938 0.5942301907912543 0.10256167413942739 0.057230676108471504 1.2388918121996593 1.6828495345691505 0.8981116483227864
3.0 0.0 0.0 -0.2693355542039938 0.035886795615067454 0.30920589756354633 0.17 0.1808325852452996 1.3028655457323628 0.5938881231522377 0.10599720280580004 0.05906658934935466 1.2370697561675583 1.683818822124616 0.9000874482428891
3.0 0.0 0.0 -0.26903269838940724 0.03582579553988726 0.3087399486311054 0.175 0.186333739870919 1.3006632676359353 0.5934929722920039 0.10945060324623086 0.060907841903566656 1.2352054299412591 1.684939917886663 0.9022482121480474
3.0 0.0 0.0 -0.26871791106305776 0.03576180376628268 0.30825976058277005 0.18 0.1917976533448682 1.298404039839053 0.5931110506605666 0.11292840760065735 0.06273982769402774 1.2332841308442077 1.6860249002042176 0.9044039214315154
3.0 0.0 0.0 -0.26839402419811165 0.035695914328522066 0.3077665392851535 0.185 0.19724359461579635 1.296086279277728 0.5927197024020732 0.1164288987326162 0.06456769267533698 1.2313107324711425 1.6871381125806526 0.9066201193804397
3.0 0.0 0.0 -0.2680609388891848 0.03562805776314052 0.30726019652894726 0.19 0.2026706780842805 1.293709988462449 0.5923193648474638 0.11995245676786913 0.066391066673233 1.229284755424418 1.6882784176025096 0.9088962370297691
3.0 0.0 0.0 -0.26771859872238646 0.03555820528674572 0.306740686216091 0.195 0.2080793273768446 1.2912751570716638 0.5919100343580037 0.12349951399276562 0.0682101433480134 1.2272060818439234 1.689445932580984 0.9112327804729138
3.0 0.0 0.0 -0.2673669464222229 0.03548632012078746 0.30620795056361055 0.2 0.21346962444110404 1.28878174621904 0.5914917116936789 0.12707049462443246 0.07002496295942365 1.225074480041529 1.6906407650862896 0.9136303477534058
3.0 0.0 0.0 -0.2670059203095634 0.03541236416559035 0.3056619274969093 0.205 0.21884164102963582 1.2862297013778017 0.5910644034021431 0.13066584225750263 0.0718355726854699 1.2228897008816177 1.6918630089107718 0.9160895483582854
3.0 0.0 0.0 -0.26663545726126703 0.03533629819591449 0.30510255087706245 0.21 0.2241954534333919 1.2836189504087132 0.5906280982332431 0.13428601759450198 0.07364202948466832 1.2206514813547888 1.6931128115836662 0.9186110744120435
3.0 0.0 0.0 -0.2662554923562255 0.03525808400331942 0.30452975283498984 0.215 0.22953114629891755 1.2809494040261313 0.5901827687731477 0.13793149975439964 0.07544440263523108 1.2183595463464445 1.6943903700861456 0.9211956955479675
3.0 0.0 0.0 -0.26586592939476483 0.035177675855806945 0.30394345450496396 0.22 0.23484878797837416 1.2782209857296305 0.5897285845642711 0.14160283082107245 0.07724281168669657 1.216013646800035 1.6956953184469823 0.9238435469217128
3.0 0.0 0.0 -0.2654667534753318 0.0350955667839131 0.3033441554243716 0.225 0.24015754636030634 1.275433862671398 0.5892626121011344 0.14530143687738592 0.07904211985459597 1.213621230431461 1.6970362270809933 0.9265568644631594
3.0 0.0 0.0 -0.2650578000773781 0.03501062998727623 0.3027306032171514 0.23 0.24543846166428443 1.272587277677704 0.5887905098961393 0.14902596760474582 0.08083244700409371 1.2111661647120033 1.6983969394758027 0.929334349169084
3.0 0.0 0.0 -0.26463912189435457 0.034923405168140964 0.302103343559432 0.235 0.25070203899510063 1.269681323435488 0.5883086582394327 0.15277786316989925 0.0826191819061537 1.2086562418737752 1.699788004127954 0.9321801872823923
3.0 0.0 0.0 -0.26421057360452804 0.03483382247587792 0.30146226011673144 0.24 0.2559478951516775 1.2667158804587273 0.5878175235921396 0.15655777083650677 0.0844023173188386 1.2060909952209242 1.701208214904896 0.9350938370123618
3.0 0.0 0.0 -0.26377207498733846 0.03474183741914446 0.30080726098754784 0.245 0.2611761054781677 1.26369075846447 0.5873170077204573 0.16036629619700477 0.08618197705049949 1.2034700588945246 1.7026579970521907 0.9380764934985892
3.0 0.0 0.0 -0.2633235410983712 0.03464740444055382 0.30013825018746515 0.25 0.2663867333902819 1.2606057519611964 0.586807015322356 0.16420407121846592 0.0879582928635112 1.2007930495679076 1.7041377725361055 0.9411293827340829
3.0 0.0 0.0 -0.2628648837362071 0.034550477628704425 0.29945512837660715 0.255 0.2715798369821087 1.257460638728761 0.5862874417791597 0.16807175339724273 0.08973140549369928 1.1980595667498424 1.705647995743146 0.9442538022977991
3.0 0.0 0.0 -0.26239601338909213 0.034451009300601215 0.29875779131954405 0.26 0.2767554839328068 1.2542551777836777 0.5857581557493632 0.17197002476530548 0.09150146925819906 1.195269196536498 1.707189204597066 0.9474511770710065
3.0 0.0 0.0 -0.2619168297387059 0.034358031799921564 0.29805567775219105 0.265 0.2819853821043303 1.2509913742635608 0.5851667445158271 0.17591340903665273 0.09331486968104259 1.1925735324064148 1.7089146117273128 0.9507229391235967
3.0 0.0 0.0 -0.2614272455311104 0.03425333279437208 0.2973295469341647 0.27 0.2871252331601298 1.2476644716422534 0.5846178165525551 0.17987527059624786 0.0950793089213273 1.1896675044427703 1.7105192002134326 0.9540706711202107
3.0 0.0 0.0 -0.2609271550721092 0.034145941928400224 0.296588861481056 0.275 0.2922477973978098 1.244276400613384 0.5840587565546798 0.18386994496992662 0.09684122276040047 1.1867032204915735 1.7121565061346355 0.9574960193108892
3.0 0.0 0.0 -0.26041645390519863 0.03403580720633807 0.29583350015841237 0.28 0.2973531181162819 1.240826851773495 0.5834893963992662 0.18789823429633 0.09860080705379932 1.183680194180499 1.7138272026381889 0.9610007272486668
3.0 0.0 0.0 -0.25989503417181725 0.03392287498859615 0.29506333677142993 0.285 0.30244123762383457 1.23731549748282 0.582909552564147 0.19196097378551216 0.10035827096915652 1.1805979218246885 1.715532016246987 0.964586644251911
3.0 0.0 0.0 -0.25936278306505756 0.03380708953097603 0.294278239642328 0.29 0.3075121838843 1.2337419930110411 0.5823190389353226 0.19605903455968435 0.10211383279846248 1.1774558764255798 1.7172716898082894 0.9682556908903215
3.0 0.0 0.0 -0.25881955950362556 0.03368838430063756 0.2934780626474581 0.295 0.31256581223968005 1.2301060044218026 0.5817178663151291 0.2001933549235436 0.10386767816474755 1.1742534720791968 1.719046393287632 0.9720092111546474
3.0 0.0 0.0 -0.2582652950046823 0.033566721988320294 0.2926626862817382 0.3 0.317602511864231 1.226407088361377 0.5811053682018659 0.2043648174617422 0.1056201560110718 1.1709902337242797 1.7208583068064478 0.9758508056019449
3.0 0.0 0.0 -0.25769977559209 0.0334430333747888 0.291832974728339 0.305 0.32263171152223963 1.2226455534472278 0.5804769111533896 0.2085765769881434 0.10737816341415847 1.1676810292171376 1.7227214050822992 0.9797802204620407
3.0 0.0 0.0 -0.25712300026096013 0.03331524844149201 0.29098672357373884 0.31 0.3276339227431412 1.2188196157332751 0.5798415283202624 0.21282539315201715 0.10912848620016324 1.1642941245879512 1.7246091408749058 0.9838034682063528
3.0 0.0 0.0 -0.2565347703096128 0.033184311413867046 0.2901248077311335 0.315 0.3326190800159821 1.2149295189543035 0.5791943095143532 0.217114474818006 0.11087823022060267 1.160844520036002 1.7265362997756084 0.9879212397842185
3.0 0.0 0.0 -0.25593527776618563 0.03305031981561644 0.2892472283454965 0.32 0.33758977499460524 1.21097436819277 0.578531924523067 0.22144455368312932 0.11262854844789091 1.1573324642793852 1.72851308218537 0.9921460389096245
3.0 0.0 0.0 -0.25532371435474266 0.032912878727915575 0.2883534864075932 0.325 0.34254079321386294 1.2069545449896912 0.5778602110580472 0.22581758129751617 0.11437807772760174 1.1537554694909318 1.7305223319823768 0.9964609708856634
3.0 0.0 0.0 -0.25470026994429773 0.03277208587492216 0.28744357618982697 0.33 0.34747478229837697 1.2028691153143418 0.5771757506483209 0.2302343898558842 0.11612802630501741 1.1501137599288234 1.7325745214984098 1.0008789469571924
3.0 0.0 0.0 -0.25406478800278665 0.03262786845855741 0.2865173156240447 0.335 0.35239171053331275 1.198717560432946 0.5764782420362344 0.23469626469058957 0.11787875788863729 1.14640660885526 1.7346708463233642 1.0054029947788874
3.0 0.0 0.0 -0.253417109045489 0.03248015301034702 0.2855745178484146 0.34 0.35729155951486097 1.1944993366380838 0.5757673426971566 0.2392045472949803 0.11963066383114977 1.1426332699781454 1.7368126426128034 1.0100363872412519
3.0 0.0 0.0 -0.2527570682875311 0.03232886375078055 0.2846149894528179 0.345 0.36217430496622105 1.190213877326261 0.575042688807597 0.2437606407050587 0.12138415735050873 1.138792967222442 1.7390013288814974 1.0147825899577811
3.0 0.0 0.0 -0.25208449528165155 0.03217392354786242 0.28363853130783817 0.35 0.36703992144200687 1.185860593143233 0.5743038926363113 0.24836601478608175 0.12313967903032738 1.1348849024338654 1.7412384154485765 1.0196452688702442
3.0 0.0 0.0 -0.2513992125510468 0.03201525104502423 0.2826449356203711 0.355 0.3718883699670869 1.1814388729841534 0.5735505539500858 0.2530222109682891 0.12489769304861977 1.1309082466901939 1.7435254714914405 1.0246282658907466
3.0 0.0 0.0 -0.2507010367650122 0.03185276303319856 0.2816339881530249 0.36 0.37671960898532486 1.176948081339372 0.5727822453900373 0.25773084476180125 0.12665869266790575 1.1268621432722843 1.7458641709801033 1.029735657411027
3.0 0.0 0.0 -0.24998974795584472 0.03168636133925793 0.280605455427836 0.365 0.3815333742439392 1.1723876109141393 0.5719987994253004 0.26249365672394237 0.1284231338055237 1.1227456562742573 1.7482554176769627 1.0349707374309787
3.0 0.0 0.0 -0.24926556431431557 0.031516134973534164 0.27955927886687476 0.37 0.3863326045833294 1.1677560377185892 0.571195797937437 0.2673117892424936 0.1301925097971549 1.1185585516175856 1.7507131593246235 1.0403522789803175
3.0 0.0 0.0 -0.24852743990596982 0.031341631279275965 0.278494874148097 0.375 0.3911111671421547 1.1630541459244288 0.5703807259075991 0.2721884012340694 0.13196551022999956 1.1142984944744 1.753214922206187 1.0458563461271235
3.0 0.0 0.0 -0.24777571023056066 0.031162990442071818 0.27741222183245207 0.38 0.3958729361952967 1.1582802326282915 0.5695478684673626 0.27712462118919373 0.13374399275095009 1.1099654045674594 1.7557786717576034 1.0515066975724294
3.0 0.0 0.0 -0.24701006157179473 0.030980074285877103 0.2763110293798131 0.385 0.4006171532851643 1.1534337055894444 0.5686975651500653 0.28212266156923754 0.13552840727559184 1.10555811153166 1.7584038710208376 1.0573054954655532
3.0 0.0 0.0 -0.2462302654659757 0.030792780812362044 0.2751910333867355 0.39 0.40534372560599535 1.148513778311153 0.5678292361770816 0.28718469992959356 0.13731945697587786 1.1010755634532208 1.7610928361711597 1.0632584362615956
3.0 0.0 0.0 -0.24543608469139055 0.030601031006703572 0.2740519860883749 0.395 0.4100527202763451 1.143519654670187 0.5669421483604262 0.29231309248011783 0.13911804132584615 1.0965170354976306 1.7638483977456256 1.0693715561211865
3.0 0.0 0.0 -0.2446272745049034 0.03040466492514541 0.272893557890299 0.4 0.41474368568104075 1.1384504552305348 0.5660358928615778 0.29751013057520315 0.14092464920931527 1.0918806672912014 1.7666724188540932 1.0756513161137642
3.0 0.0 0.0 -0.24380269952146683 0.03020321745876171 0.27171513261498625 0.405 0.41941024383831665 1.1333072239330786 0.5651185169662847 0.30277990007083116 0.14273807527716587 1.0871642718476573 1.7695403176103333 1.0820703934181268
3.0 0.0 0.0 -0.24296505859148076 0.029997848427494134 0.2705175852706374 0.41 0.42407393928040765 1.128082654685087 0.5641594461491576 0.30812013116690395 0.14456667308724458 1.082371337949375 1.7725485353933277 1.0887512705028017
3.0 0.0 0.0 -0.24211074812012068 0.02978834340462404 0.26930050454736953 0.415 0.42871812111650376 1.1227838502783083 0.5631848694886372 0.3135426137359134 0.14641065298426897 1.077514454744116 1.7756158841908944 1.0955722786383975
3.0 0.0 0.0 -0.2412407313174708 0.029572425152127907 0.2680616016600527 0.42 0.43333586516531913 1.1174054851717754 0.5621946410611691 0.31904153668413154 0.14825884309937495 1.072555835913443 1.7787433870099725 1.1025900641701967
3.0 0.0 0.0 -0.2403550398966311 0.029351457328217697 0.2668019101296348 0.425 0.43793749929540193 1.1119466172077734 0.5611778193777732 0.32462287244439336 0.15012093327264026 1.0675140151514442 1.7819663669330112 1.1098272525113126
3.0 0.0 0.0 -0.23945264577506276 0.02912499743468807 0.2655208056875349 0.43 0.4425175397216624 1.106407927335847 0.560140980714537 0.3302912428785689 0.1519961668370149 1.0623864984153322 1.7852648430121323 1.1172632641689992
3.0 0.0 0.0 -0.23853360049930827 0.02889306686358127 0.26421807510821815 0.435 0.4470785304058064 1.1007874949842025 0.5590793188932321 0.3360495824305013 0.15388677144033885 1.0571724328776657 1.7886549657741342 1.12492341398949
3.0 0.0 0.0 -0.2375977113026172 0.028655583501391343 0.26289340184130894 0.44 0.4516213061938898 1.0950838702650563 0.5579903037817509 0.3419014347079465 0.15579447889315573 1.0518705492679112 1.7921458369841745 1.1328247180111721
3.0 0.0 0.0 -0.2366441929889671 0.028412212095925617 0.2615462377640548 0.445 0.456142383183598 1.0892970700812101 0.5568775747412364 0.34785161408403126 0.1577194585092721 1.0464786569762299 1.7957268264297925 1.1409589996540992
3.0 0.0 0.0 -0.23567328312813907 0.028163054636267813 0.2601764101090551 0.45 0.4606459705001204 1.0834243709525118 0.5557335077783284 0.3539033316840285 0.15966496315973328 1.04099606375251 1.7994236194209854 1.1493657384301295
3.0 0.0 0.0 -0.23468418609314035 0.027907773603345645 0.25878335140218667 0.455 0.46512867875256164 1.07746569733977 0.5545614410928842 0.3600619028462527 0.16163140417371144 1.0354205012208222 1.8032267047439907 1.158039012781478
3.0 0.0 0.0 -0.2336766434958747 0.02764626226175217 0.2573666863116039 0.46 0.46959121617279304 1.0714194713084222 0.5533586230082321 0.36633194500400146 0.1636209236880652 1.0297504654389105 1.807146321428379 1.166999252673202
3.0 0.0 0.0 -0.23264965851906771 0.02737810258046343 0.25592576362477676 0.465 0.47402883971219667 1.0652861729406615 0.5521303699372783 0.37271972486503957 0.16563351918800978 1.0239833542502121 1.8111664462753598 1.1762321254404486
3.0 0.0 0.0 -0.23160324098716445 0.027103304689168866 0.25446028840477536 0.47 0.47844446643921923 1.0590633294564364 0.5508704341027165 0.3792299793159774 0.16767249701140213 1.0181179853571407 1.815308896780504 1.185774531328412
3.0 0.0 0.0 -0.2300686536438964 0.02661273281127935 0.2527935380336512 0.475 0.4793471570895229 1.0542218728126975 0.555030073432587 0.3867271157434543 0.1681823528835047 1.0114544047943208 1.8017041740017683 1.1710833091532624
3.0 0.0 0.0 -0.22899338891944698 0.0263300829654702 0.25128403390741966 0.48 0.4837904781465622 1.0478187828289836 0.5536395961176582 0.39348156135806023 0.17027723458416655 1.0054126560632066 1.8062291913591426 1.1812167382180767
3.0 0.0 0.0 -0.22789605820833403 0.02603968877191029 0.24974799655065905 0.485 0.48820149682749964 1.0413255602789904 0.5522270697579574 0.4003787609772363 0.17240059468382293 0.999264727396135 1.810849295088528 1.1916420577424942
3.0 0.0 0.0 -0.22675965522857044 0.025735422858517494 0.2481799951413261 0.49 0.4924660237816841 1.0347957885697883 0.5509816196270076 0.40746319970773437 0.17450806687408962 0.9930079853187126 1.8149425759010986 1.2014479211505058
3.0 0.0 0.0 -0.22561925565586494 0.025430245725618052 0.24659045962000206 0.495 0.4968297955628357 1.0281110789249581 0.5494920795022766 0.41466383792193495 0.1767038146132887 0.9866460448210845 1.8198624462536168 1.2126268844223889
3.0 0.0 0.0 -0.22445720417826687 0.0251176572279121 0.2449735529192833 0.5 0.5011744528974553 1.021325228977355 0.5479508302165361 0.42202692472481174 0.1789434370305172 0.9801745706177276 1.8249812663023532 1.2242752131472936
3.0 0.0 0.0 -0.22327230958961586 0.024797148925481138 0.24332844835549672 0.505 0.5054948598938082 1.0144388047679311 0.5463629514495163 0.4295625378739819 0.18122809097534265 0.9735902574146651 1.8302851563177402 1.2363869843015645
3.0 0.0 0.0 -0.22206393892663662 0.024474171561194493 0.24165908033740469 0.51 0.509813861785227 1.0074555565466883 0.5447003179057117 0.43729876174960436 0.1835941310529977 0.9669646134729177 1.8358718861131649 1.2489918316050153
3.0 0.0 0.0 -0.22083144839488278 0.024137086434049212 0.2399556451869632 0.515 0.5140828256962079 1.000363734014643 0.5430127564462207 0.44520940948999166 0.18597968738206475 0.9601460415053433 1.8415773628313254 1.2621228852886885
3.0 0.0 0.0 -0.21949596212298578 0.02375025801770506 0.23818990537211499 0.52 0.5177110948352616 0.9934777315725256 0.5423315718793742 0.45344237545444355 0.18805336984530166 0.9530294511485238 1.8438904387119481 1.2704787695774877
3.0 0.0 0.0 -0.21821514548826582 0.023402731615628985 0.23643144681447018 0.525 0.5219613385995548 0.9861805184249817 0.5404982529885973 0.4617873247361702 0.1905872709852284 0.9460472984249926 1.850144740469858 1.2847136856461572
3.0 0.0 0.0 -0.2168931575556452 0.02303059161694052 0.23462949628835256 0.53 0.526035512062942 0.9788298670274339 0.5388489060111318 0.4703580169847652 0.19306857583306236 0.9388072726482779 1.8558077948094447 1.298497506391784
3.0 0.0 0.0 -0.21555940384330402 0.022658952407375654 0.23280300383099145 0.535 0.5302058773742243 0.9713086091143639 0.5369170516968967 0.47915535718636715 0.19570454915284166 0.9314966425770836 1.8624850837565228 1.3140499909273577
3.0 0.0 0.0 -0.2141977346537719 0.02227764966374936 0.23094352570119825 0.54 0.5343447444117091 0.9636761341082397 0.5349188739388332 0.48821195093193864 0.19841711417509664 0.9240540269993749 1.8694423560652824 1.3303432247933846
3.0 0.0 0.0 -0.21280652262593758 0.021886078383435495 0.22905003271042626 0.545 0.5384448277880833 0.9559345151482661 0.5328615709552761 0.49754595804533547 0.20120850591317438 0.9164752802256109 1.8766600079778155 1.347373706150805
3.0 0.0 0.0 -0.21138631095405158 0.021484688033198713 0.22712225371851766 0.55 0.5425160757606178 0.948075736204442 0.5307197087820191 0.507173853874236 0.20409326091078556 0.9087598847411775 1.8842337743494788 1.3653257612066367
3.0 0.0 0.0 -0.20993536523848533 0.02107275286113509 0.22515901665646448 0.555 0.5465504927020712 0.9401018968195385 0.5285003756391816 0.5171166823620454 0.20707417145562695 0.9009020262106091 1.892146242640934 1.3842114669183858
3.0 0.0 0.0 -0.20845263250378804 0.020650056862357175 0.22315950172300053 0.56 0.550546113406993 0.9320120396683895 0.526199061213289 0.5273968310113647 0.21015927773546372 0.8928990004759471 1.9004214824979733 1.404109641185952
3.0 0.0 0.0 -0.20693699685432054 0.02021633018611691 0.2211228195671788 0.565 0.5545005276626644 0.9238053442685275 0.523811292067016 0.5380385850851179 0.21335690576530475 0.884747247648691 1.9090844644717215 1.42510805297126
3.0 0.0 0.0 -0.20538728925670846 0.019771314900197443 0.21904805773806854 0.57 0.558411149037889 0.9154811403919233 0.5213321202567122 0.5490685556372268 0.21667612270795616 0.8764431189809077 1.9181630310973052 1.4473061985623366
3.0 0.0 0.0 -0.20380227906015674 0.019314768301323577 0.2169342805828017 0.575 0.5622751539601024 0.9070389670953396 0.5187561502525807 0.5605159568392422 0.2201267720493329 0.8679828727188067 1.9276879888809093 1.4708167881352274
3.0 0.0 0.0 -0.20218063389385377 0.0188464541902808 0.2147805209072133 0.58 0.5660891594110568 0.8984788203257015 0.5160781124235311 0.5724129431691078 0.22371927426636787 0.8593626387738045 1.9376911671451147 1.4957637453651835
3.0 0.0 0.0 -0.1994983234553449 0.017854173126006838 0.21223544371530267 0.585 0.5618970300984891 0.8959578918899518 0.5311566639356864 0.5853370122191626 0.21992520439906088 0.8492184682557242 1.8826837125422606 1.401743311016366
3.0 0.0 0.0 -0.19784431696178228 0.017392404252766815 0.21002577672109393 0.59 0.565879560813638 0.8870675921602069 0.5279785149023859 0.598035626459153 0.22375214525800194 0.840372914230783 1.8940164642587454 1.4277766865725483
3.0 0.0 0.0 -0.19614943910414173 0.016918161038259563 0.2077723803082272 0.595 0.5698044392890287 0.8780501018874144 0.5246687719723627 0.6112933758671949 0.22775897945494847 0.8313523793164277 1.9059643977680376 1.455583465595853
3.0 0.0 0.0 -0.19441198002947463 0.016431278001907725 0.20547414505166023 0.6 0.573666725931552 0.8689067984407014 0.5212196350422703 0.6251583015246748 0.2319606941165992 0.8221526524352615 1.9185769928235739 1.4853582430703358
3.0 0.0 0.0 -0.19263012041717265 0.015931567606067648 0.20312989664787062 0.605 0.5774606998221494 0.8596397769704831 0.5176232307440162 0.6396833397237012 0.23637288065317574 0.8127685576482105 1.9319071104336443 1.5173244892104325
3.0 0.0 0.0 -0.19080193529138706 0.01541898620051982 0.20073850381556335 0.61 0.5811802117095782 0.8502520548426721 0.5138707148830234 0.6549275922964979 0.24101264931828176 0.8031958168473042 1.9460147679901134 1.5517415456859642
3.0 0.0 0.0 -0.18892535960437024 0.014893535078736836 0.19829880567958225 0.615 0.5848181664030929 0.8407478619342001 0.5099533099387377 0.6709565542323662 0.24589773011035296 0.79342978395046 1.9609638382779266 1.5889071062266682
3.0 0.0 0.0 -0.18699823189102993 0.014355331661734336 0.19580965281956747 0.62 0.5883668977301265 0.8311325120097032 0.5058611934356783 0.6878430243363831 0.25104697117209085 0.7834658617046302 1.976826870644611 1.6291732943141712
3.0 0.0 0.0 -0.1850177141079058 0.013804319804302067 0.19326972805722717 0.625 0.5918134998929567 0.8214171369045942 0.5015965470318859 0.7056666823849927 0.2564734085873466 0.7732987743193181 1.993634138666491 1.6728425193024912
3.0 0.0 0.0 -0.18298165644473313 0.013241050959551685 0.19067801619866032 0.63 0.5951506226982991 0.8116085250597878 0.4971437131407104 0.7245172954605382 0.2621989666399637 0.7629244582409889 2.0114907894187977 1.7204303570652655
3.0 0.0 0.0 -0.18088820055078247 0.01266646858059205 0.18803363822005323 0.635 0.5983735978012684 0.8017117395069014 0.49247499624271207 0.744496493784141 0.26825220349863477 0.7523393999226089 2.030559942391792 1.7726651839767231
3.0 0.0 0.0 -0.17873419019150283 0.012081097202266989 0.1853353836756621 0.64 0.6014674018126365 0.7917436517721839 0.48758961054428096 0.7657137608899518 0.2746465516800831 0.7415387515118365 2.0509050610896544 1.8301383274490757
3.0 0.0 0.0 -0.1765165912655614 0.011485850181440549 0.18258218222487965 0.645 0.6044180322283021 0.7817222819072888 0.48248180514641903 0.7882902739817158 0.28139588576751406 0.7305182260137713 2.072617017540236 1.8936077718520479
3.0 0.0 0.0 -0.17423168110265752 0.010881638316042143 0.17977288613079292 0.65 0.6072056884501199 0.7716745256182129 0.4771638580573072 0.8123553861303853 0.28849991271388853 0.7192732235782457 2.0957161426083966 1.9637674947580446
3.0 0.0 0.0 -0.17176032504164063 0.010208263925533884 0.17687625548532213 0.655 0.6088204896667082 0.762737036172703 0.4752506353359254 0.8371957280274318 0.2937312815100789 0.7076816826863246 2.10415289459458 1.9953875522568416
3.0 0.0 0.0 -0.16934527104600972 0.009606845104382427 0.17396092791281728 0.66 0.6113639652007412 0.7526329222589535 0.4692687329809989 0.8646661984646199 0.3016747310827564 0.6960681566715733 2.130975131557488 2.0813603310653015
3.0 0.0 0.0 -0.16685377225665277 0.008993833046360502 0.17098263480035028 0.665 0.6136857550348547 0.742561471797426 0.4630470184027361 0.8940877590328336 0.30994293352673974 0.684143555732852 2.159607902129386 2.1782834742437966
3.0 0.0 0.0 -0.16426559113299083 0.008371753012040982 0.16794128376947612 0.67 0.6156500347278069 0.7327654661922623 0.4572176003242947 0.925466054636338 0.31815394685411336 0.6719694625336061 2.1871424006659437 2.2775987657243513
3.0 0.0 0.0 -0.16161324120203469 0.007761777323322939 0.16484436788229584 0.675 0.6175427443614968 0.7229136008474968 0.4504542771990385 0.9593859914271079 0.3270948038232552 0.6595701103267211 2.219981140412477 2.4021891096809607
3.0 0.0 0.0 -0.15887264003222273 0.007157289103858795 0.1616870201981196 0.68 0.6191767710660785 0.7132788498041618 0.4435336417993687 0.9958322384670978 0.33622983980150967 0.646936040038627 2.2546204070182956 2.543113823280511
3.0 0.0 0.0 -0.156045557239248 0.00656371818078828 0.1584697118330711 0.685 0.6205897023591854 0.7038910169975099 0.4362835255666131 1.0350045832943475 0.3455636194752977 0.6340562627573152 2.292087464685431 2.707631847206894
3.0 0.0 0.0 -0.15312843193800973 0.006005157683600119 0.1551993473799421 0.69 0.6217926217180063 0.6948294103684107 0.428724932285818 1.0772596780659294 0.35512413255008385 0.6210951059888825 2.3324978901234754 2.899759962191766
3.0 0.0 0.0 -0.15011759238311811 0.005445643647826028 0.15186190325536492 0.695 0.6227319964722986 0.68619899969045 0.42109521970793695 1.1223512190728242 0.36433937754355233 0.6077343812585161 2.3747598006303154 3.1219455972384305
3.0 0.0 0.0 -0.14699054542572032 0.004892021134431688 0.1484604987197637 0.7 0.6232688593900898 0.6784259801726407 0.4149496220968083 1.169564961919386 0.37203285835495875 0.5941246581176391 2.4099311018692715 3.328011273729188
3.0 0.0 0.0 -0.1438228978853679 0.004403170663513354 0.14501190946383558 0.705 0.6241017692616395 0.6705283002727679 0.4050944343310019 1.221790373444278 0.381664115478907 0.5802816286979203 2.4685602053542475 3.7032193321345703
3.0 0.0 0.0 -0.140537687663985 0.003927937717335466 0.14150234717654514 0.71 0.624572699531018 0.6636975910931371 0.3970924204612696 1.2760542895552542 0.3891439188874586 0.5662250765183319 2.518305433375894 4.071838473775053
3.0 0.0 0.0 -0.13716615652591413 0.0034913958878097003 0.1379404070850847 0.715 0.6250045935081358 0.6576557914524687 0.3891112285147318 1.333089371473465 0.39552216471916984 0.5519732501375352 2.569959247429271 4.5093876219474724
3.0 0.0 0.0 -0.13376882927467088 0.003166853367245253 0.1343419001834648 0.72 0.6261826049169671 0.6518290101688547 0.3742617985532197 1.3953848660076655 0.40482907810623264 0.537633492817196 2.6719264532626372 5.526110850592794
3.0 0.0 0.0 -0.13020139013917764 0.0027403870601112454 0.13067267404879768 0.725 0.6262006008852886 0.6480099563233208 0.37150065049624237 1.4548998451044695 0.4050259208354724 0.5228348864966281 2.6917853270626093 5.814726546299105
3.0 0.0 0.0 -0.12660683125097363 0.0024132477482178803 0.12697438661751734 0.73 0.6269234366345751 0.6447000487462516 0.36420106195750135 1.5179351675046078 0.4065339749011128 0.5080274565900624 2.745736090458432 6.565671373297542
3.0 0.0 0.0 -0.12299206562243689 0.0021622600392875763 0.12324686879851472 0.735 0.6284982418061107 0.6419638899485809 0.3496754956992483 1.5842395077061444 0.41010595640370107 0.49310929543356585 2.8597943301697297 8.486001126717134
3.0 0.0 0.0 -0.11928594806430776 0.0019030582445434354 0.11948727450837937 0.74 0.6296148940693931 0.6406332263360295 0.3448108031519217 1.6482438838522349 0.40688551988643107 0.4780600737825063 2.900141152362354 9.452599499877385
3.0 0.0 0.0 -0.11555374654847658 0.0016761538747765052 0.11570848066064923 0.745 0.6312166870327318 0.6400862207088088 0.33886563407550785 1.7128615738519768 0.4027537357643593 0.46293194410584493 2.951022173517816 10.832478056979966
3.0 0.0 0.0 -0.11183935482473642 0.0009989518735120523 0.11188911368872498 0.75 0.6348140491084384 0.6402962746164271 0.311945637513821 1.777225845570424 0.4060554967290088 0.44770015824415826 3.205686759942872 20.07585771535612
3.0 0.0 0.0 -0.10806196671533752 0.0010281714206987346 0.1081094349032098 0.755 0.6367052891562299 0.6412838902959587 0.31084299911026925 1.8413892658099715 0.3966384255449434 0.4325628961583383 3.2170581382315913 21.660220597953558
3.0 0.0 0.0 -0.10428439191336336 0.001006961620689015 0.10432790185156812 0.76 0.6391192605220319 0.6429641602220064 0.3100538426920654 1.9045836702118868 0.38635277391528966 0.417429435678089 3.2252462711554557 23.143255592554016
