#1=α 2=λ 3=Δ 4=ϕ 5=Σ 6=E 7=ρ 8=q0 9=q1 10=δq 11=ρh 12=qh0 13=qh1 14=δqh 15=m 
1.5 0.0 0.0 -0.005594844920481151 -1.8012947274487175e-6 0.0055947888201563906 0.0 9.111189348327698e-6 2.9887867751469557 1.3692946318847161 0.0 9.61707530781449e-10 0.022424909256206247 0.7303030163958032 32.10845454341587
1.5 0.0 0.0 -0.005594847872928091 -1.3076913271520665e-6 0.0055948071456073355 0.005 0.0009527529365511301 2.988739546030141 1.3692560395685571 5.1386155695977153e-5 9.799063812938397e-8 0.02242554259699037 0.7303235998981469 32.10845454341587
1.5 0.0 0.0 -0.005594857106366979 -1.8642470451715855e-6 0.005594799045427215 0.01 0.005334012053878862 2.9885970597471005 1.3692570999851164 0.00010292595532543247 5.544782712751006e-7 0.022425502953924585 0.7303230343015005 32.10845454341587
1.5 0.0 0.0 -0.0055948735570127 -2.8786378011401535e-6 0.005594783903435719 0.015 0.011594049807408417 2.9883610636504643 1.3692587617724503 0.0001547210863361198 1.2095968943076237e-6 0.02242544081890882 0.7303221479521745 32.10845454341587
1.5 0.0 0.0 -0.005594898461106945 -4.209220880209167e-6 0.005594767367258298 0.02 0.018985652801824425 2.988033105014758 1.3692609485501555 0.00020682355134370446 1.987548845949213e-6 0.022425359033472918 0.7303209815914578 32.10845454341587
1.5 0.0 0.0 -0.005594933156369011 -6.0362688285470445e-6 0.005594745160125829 0.025 0.027039566422041517 2.987614713772535 1.3692636115233894 0.0002592587626085191 2.8407326107503e-6 0.02242525940647515 0.7303195612475549 32.10845454341587
1.5 0.0 0.0 -0.00559497899101441 -8.268214638569545e-6 0.0055947214820574655 0.03 0.0354899394536703 2.987107333460253 1.369266720937493 0.0003120412355259894 3.74223684180717e-6 0.022425143033399167 0.7303179027935033 32.10845454341587
1.5 0.0 0.0 -0.005595036027339059 4.876301115083189e-6 0.0055951879137360145 0.035 0.04419328645754686 2.9865119168950427 1.3692773646307665 0.0003652217442317169 4.678699995050741e-6 0.022427324397256667 0.730312225872258 32.104923237587634
1.5 0.0 0.0 -0.0055951080830222155 1.2244393530344844e-6 0.005595146221700946 0.04 0.053015755781643664 2.9858299328477442 1.3693047398825646 0.0004187294379484552 5.63434232433022e-6 0.02242678713982857 0.7302976254108082 32.104923237587634
1.5 0.0 0.0 -0.005595195130538619 -2.6934804927214477e-6 0.005595111234356317 0.045 0.06195227383639833 2.9850632944609345 1.3693091015229117 0.0004726118093898046 6.610109178653479e-6 0.022426623676088085 0.7302952992044074 32.104923237587634
1.5 0.0 0.0 -0.0055952983720779365 -7.170694482229872e-6 0.005595075020212892 0.05 0.07093763819687808 2.98421250007232 1.3693138667698395 0.0005268716130852447 7.599142791512334e-6 0.022426445005469156 0.7302927577582798 32.104923237587634
1.5 0.0 0.0 -0.005595417565151459 5.498610435651065e-6 0.005595588856240071 0.055 0.07996692584574235 2.983278172854839 1.369326981018332 0.0005815893761215257 8.603409660828267e-6 0.022428840772994348 0.7302857636357457 32.100971978095856
1.5 0.0 0.0 -0.005595556669835092 -7.393450182587948e-7 0.005595533637977403 0.06 0.08899367745067546 2.982261473469981 1.369358752393206 0.0006366313394726841 9.613892100837202e-6 0.022428196668087624 0.730268819805119 32.100971978095856
1.5 0.0 0.0 -0.005595715349311636 -7.264744086643982e-6 0.005595489040149048 0.065 0.09802269004369411 2.981164066080094 1.3693647041267654 0.0006920709573345529 1.0633266015362422e-5 0.022427973177010455 0.730265645803758 32.100971978095856
1.5 0.0 0.0 -0.0055958930085192315 6.421994930147715e-6 0.005596093093723228 0.07 0.10706232813463244 2.9799857558392646 1.3693804458539387 0.000748026315291579 1.1666174123436796e-5 0.022430796688294917 0.7302572510274253 32.09630098518416
1.5 0.0 0.0 -0.00559609402100443 -2.1330401682523673e-6 0.00559602756349678 0.075 0.11607548013746234 2.9787275232688994 1.3694181757723545 0.0008042898912409002 1.2701947164846823e-5 0.02243002867433171 0.7302371311349063 32.09630098518416
1.5 0.0 0.0 -0.005596316443264179 4.886902108804422e-6 0.00559646871752206 0.08 0.12509387796484084 2.9773907619085773 1.3694324026861118 0.0008610712313364211 1.3750753741089426e-5 0.022432078825073996 0.73022954476506 32.09276588709401
1.5 0.0 0.0 -0.005596563787220815 -5.271393675720222e-6 0.005596399532332525 0.085 0.13407190268581382 2.9759754702544665 1.369463377088107 0.0009181842797286611 1.4801363404970566e-5 0.022431406495904936 0.7302130284975592 32.09276588709401
1.5 0.0 0.0 -0.005596833920934782 7.1001188437412485e-6 0.005597055193427739 0.09 0.1430491280655992 2.9744826586386273 1.3694815217607381 0.0009758891652679069 1.5866679766850377e-5 0.022434450815899305 0.7302033536854875 32.08767049559834
1.5 0.0 0.0 -0.005597131415195425 -5.019665425262667e-6 0.005596974979238943 0.095 0.15198118616205902 2.9729124559038094 1.3695236426376018 0.0010338826557854486 1.693160944847051e-5 0.022433576670307067 0.73018089565367 32.08767049559834
1.5 0.0 0.0 -0.005597453354107357 7.76754894564108e-6 0.005597695469121708 0.1 0.1609120091143796 2.971266104515842 1.3695435946962435 0.0010925200800549484 1.801285929917101e-5 0.022436928863004538 0.7301702580864545 32.08206218208897
1.5 0.0 0.0 -0.005597804627547165 -6.31488302475825e-6 0.005597607792225641 0.105 0.16980409434217048 2.969543469909015 1.3695899041192368 0.0011514293839832589 1.909366677117182e-5 0.022435968582789227 0.7301455691169756 32.08206218208897
1.5 0.0 0.0 -0.005598181735319521 9.254939464026838e-6 0.005598470272262358 0.11 0.17869436658456936 2.967745713371521 1.3696127349052958 0.0012110594053510936 2.0193232001935514e-5 0.022439980422741986 0.7301333979412389 32.07540557211526
1.5 0.0 0.0 -0.005598590265786602 -6.980468842873413e-6 0.0055983726389563756 0.115 0.18752630968750075 2.9658723503594002 1.369666816320339 0.001270911426161196 2.128803316684694e-5 0.022438874094151382 0.7301045685596262 32.07540557211526
1.5 0.0 0.0 -0.00559902683285346 -2.4407247471244514e-7 0.005599019222276554 0.12 0.196381559547508 2.963924729857391 1.3697081726499443 0.0013314799030966018 2.2404441481896174e-5 0.02244158458632226 0.7300825241228813 32.07016731292975
1.5 0.0 0.0 -0.005599493897069305 8.021514437333254e-6 0.0055997440662042324 0.125 0.20516667720217743 2.9619028749871914 1.3697446927484949 0.0013925599839426511 2.352407285979904e-5 0.022444756500450785 0.7300630586809811 32.06436493315829
1.5 0.0 0.0 -0.0055999932580765854 4.959894136813496e-6 0.005600147961053314 0.13 0.21394044051717467 2.9598068763594996 1.3698015631790392 0.0014540679363790432 2.4651199761200394e-5 0.022446070304222073 0.7300327484509571 32.06075436749638
1.5 0.0 0.0 -0.005600524461890313 6.7780225014512106e-6 0.005600735905970988 0.135 0.22269125782692786 2.957637571666142 1.3698468309030538 0.0015161569871130138 2.5789472249332294e-5 0.022448452976372206 0.7300086239136429 32.055863090678194
1.5 0.0 0.0 -0.005601088802437676 6.540793351842215e-6 0.005601292876138421 0.14 0.23142376073022675 2.9553950321846525 1.3699006925061061 0.001578776434976206 2.6937660415969883e-5 0.022450573790966346 0.7299799215157664 32.05113313451639
1.5 0.0 0.0 -0.00560168683082321 7.151510416674026e-6 0.005601909994926268 0.145 0.24012282676029 2.953079424113787 1.3699547722794527 0.0016419564725813501 2.80947612211798e-5 0.022452981283745833 0.729951105127448 32.045971187576946
1.5 0.0 0.0 -0.005602319375860129 7.428349176001817e-6 0.005602551217686729 0.15 0.24879611830277892 2.950691054590113 1.3700125832124943 0.0017057021619478307 2.926179653441724e-5 0.02245546960733965 0.7299203031078297 32.04059114333654
1.5 0.0 0.0 -0.005602987150085115 7.825913832219066e-6 0.005603231443353903 0.155 0.2574440367342758 2.9482301703896034 1.3700728643167288 0.0017700292372540304 3.0439236596314834e-5 0.02245811444402296 0.7298881877342434 32.03491390093684
1.5 0.0 0.0 -0.005603690887013471 8.22304713978135e-6 0.005603947624983879 0.16 0.2660749907603269 2.9456971259019156 1.370136114200541 0.0018349546693212382 3.1628648241174406e-5 0.022460901814668675 0.7298544937511512 32.02894814011117
1.5 0.0 0.0 -0.005604431310416116 8.594117692106238e-6 0.005604699686174464 0.165 0.27467260895510387 2.943091777448247 1.3702022900495887 0.001900479344846836 3.2827792601724294e-5 0.02246382453883651 0.7298192444006366 32.022704826336955
1.5 0.0 0.0 -0.005605209114412896 9.092742027244776e-6 0.005605493119382446 0.17 0.283245001939186 2.940414423032934 1.3702714047294542 0.0019666235809695076 3.4038299062627285e-5 0.022466915139106404 0.7297824332818468 32.01613704730446
1.5 0.0 0.0 -0.005606025019731384 9.286502027901598e-6 0.00560631513864481 0.175 0.29180775756005795 2.937665263533997 1.3703542779643172 0.0020334085771468334 3.526287419309364e-5 0.02246995912368306 0.7297382991247483 32.00929549279625
1.5 0.0 0.0 -0.005606879700667339 9.705886684320342e-6 0.0056071829894068104 0.18 0.30033080297674336 2.9348442838004294 1.3704299680073238 0.0021008285252169623 3.649714111856855e-5 0.02247333651022833 0.7296979950416947 32.00213335064072
1.5 0.0 0.0 -0.00560777463315848 -1.9323039152690482e-7 0.005607768594127013 0.185 0.3088428318737666 2.93195194389994 1.3705132070010357 0.0021687671523892824 3.7740802544783946e-5 0.022475233758860683 0.72965367636858 31.996917484397475
1.5 0.0 0.0 -0.005608708953415156 -3.0532775259811923e-7 0.005608699408710557 0.19 0.3173243468909446 2.9289877528911177 1.3705990844729747 0.002237513178558497 3.900110562089543e-5 0.02247879002744786 0.7296079585406398 31.98923019690725
1.5 0.0 0.0 -0.005609684082715102 -3.3072448477537174e-7 0.005609673741507514 0.195 0.32578003728187455 2.9259520613252645 1.3706846781091695 0.002306945055517985 4.027431980020082e-5 0.022482563948097258 0.7295623975161608 31.981224818834505
1.5 0.0 0.0 -0.00561070067240084 -4.085788683808019e-7 0.005610687893475997 0.2 0.33420999260268663 2.9228446835438384 1.370781938567772 0.0023770795685014614 4.156089258938449e-5 0.022486380382184798 0.7295106332118867 31.972867311409825
1.5 0.0 0.0 -0.005611759392688279 -4.197006376567944e-7 0.005611746262353736 0.205 0.3426163092904061 2.9196658473575305 1.370874544200353 0.0024479306917163162 4.286145728342046e-5 0.02249048194460604 0.7294613531417743 31.96419986793483
1.5 0.0 0.0 -0.005612860883029397 -3.967903854942171e-7 0.005612848465942876 0.21 0.35099808816329825 2.916415412515924 1.3709705276018482 0.0025195150228946236 4.4176316212730715e-5 0.022494756149877004 0.7294102826187108 31.95519213083975
1.5 0.0 0.0 -0.005614005790000431 -3.951422104528277e-7 0.005613993420876653 0.215 0.35935029175124966 2.9130931688122925 1.3710700213978182 0.0025918427096760497 4.550493645611085e-5 0.02249919457725405 0.7293573518444295 31.945853040139927
1.5 0.0 0.0 -0.005615194745639901 -3.8074837158913406e-7 0.005615182823470491 0.22 0.3676832592905949 2.909699375035838 1.3711729441081122 0.0026649410927447902 4.684961363941607e-5 0.022503811252272982 0.7293026049682265 31.936165181447926
1.5 0.0 0.0 -0.005616428382511113 -4.2435961206054374e-7 0.005616415090589524 0.225 0.3759917346987707 2.9062337787548422 1.3712794799229027 0.002738821756048335 4.820983562895201e-5 0.02250860235319413 0.7292459448574433 31.926129659517866
1.5 0.0 0.0 -0.00561770732614103 -4.2408352607673023e-7 0.00561769403854397 0.23 0.3842707850734411 2.9026960956863492 1.3713895981064361 0.0028134968432368835 4.9585124621584354e-5 0.022513571165466536 0.7291873887484359 31.91574248996789
1.5 0.0 0.0 -0.005619032192020812 -5.325724060077747e-7 0.005619015499569165 0.235 0.3925337584483847 2.899086622315519 1.371511649811458 0.0028889994354993668 5.09784712345312e-5 0.02251859289881592 0.7291224978930874 31.90498419778636
1.5 0.0 0.0 -0.005620403601532334 -4.5738261877913246e-7 0.005620389260762851 0.24 0.4007685521532336 2.8954048822879916 1.3716294131779527 0.002965334023763022 5.238805083414126e-5 0.022523927847446945 0.7290598979523798 31.893868689321625
1.5 0.0 0.0 -0.00562182216796657 -4.937308712368318e-7 0.005621806681965495 0.245 0.40897438295228394 2.8916506096796066 1.3717509257144958 0.0030425172809512313 5.381413615625547e-5 0.022529439939191088 0.7289953163174646 31.882399391934765
1.5 0.0 0.0 -0.005623288490426842 -4.7221978380194187e-7 0.005623273673620182 0.25 0.41715999889168526 2.887823957427067 1.371876316844718 0.0031205806106723855 5.525899759526498e-5 0.02253514570407384 0.7289286852768003 31.87055042531131
1.5 0.0 0.0 -0.005624803178970322 -5.535529333591737e-7 0.00562478580352377 0.255 0.4253208581565067 2.883924544966137 1.3720054543531326 0.0031995364709736986 5.672219633018529e-5 0.022541032752233958 0.728860076195157 31.8583428461015
1.5 0.0 0.0 -0.005626366820550371 -5.488928292200165e-7 0.00562634958456156 0.26 0.4334525088137304 2.8799519465414356 1.3721386557034005 0.0032794029131663826 5.8203472741943104e-5 0.02254712096211487 0.7287893215772484 31.845740631496042
1.5 0.0 0.0 -0.0056279800152837095 -5.765708616415984e-7 0.005627961902783854 0.265 0.44156364285125016 2.875906291752876 1.3722757580773965 0.0033602098915706397 5.970506972176911e-5 0.022553402471512652 0.7287165091373811 31.83276004031648
1.5 0.0 0.0 -0.005629643351172622 -5.718714879178266e-7 0.005629625378753077 0.27 0.44964969024299345 2.871787117533003 1.3724168514287811 0.0034419739056564215 6.122665350619566e-5 0.0225598812254851 0.7286415923550666 31.819393402494818
1.5 0.0 0.0 -0.0056313574039564135 -6.457813062232773e-7 0.005631337099948603 0.275 0.45771271110366823 2.867594218314048 1.372570335910778 0.003524722968698646 6.27693540535893e-5 0.022566440626376874 0.7285601137055385 31.805607654524437
1.5 0.0 0.0 -0.005633122769681642 -6.297774172044653e-7 0.005633102960030218 0.28 0.46574791043737057 2.8633270941010243 1.3727199739261504 0.003608469533549888 6.433262026760845e-5 0.02257332311998097 0.7284806945293285 31.79144366102032
1.5 0.0 0.0 -0.005634940024603227 -6.796493179769316e-7 0.005634918636442778 0.285 0.4737539255910228 2.8589853152312372 1.3728738350901857 0.003693234976333638 6.591675588000451e-5 0.02258039918799084 0.7283990520034279 31.776894492046576
1.5 0.0 0.0 -0.005636809732221165 -6.496087273337724e-7 0.00563678927978541 0.29 0.48173796532793006 2.854568895661879 1.3730319078538482 0.0037790575522107035 6.752410849150111e-5 0.02258769454325212 0.728315193754726 31.761924843694974
1.5 0.0 0.0 -0.005638732470972338 -7.175148719758182e-7 0.00563870986962875 0.295 0.48969608800897485 2.850077267664585 1.3731942657801266 0.003865953728612119 6.915438438301425e-5 0.022595191618615944 0.7282290823082419 31.746558303999596
1.5 0.0 0.0 -0.005640708801542979 -6.930479469355885e-7 0.005640686960035969 0.3 0.497628085130167 2.8455100274507497 1.3733610298339318 0.003953950973236075 7.080829699851782e-5 0.022602902648533558 0.7281406551348829 31.730775106962987
1.5 0.0 0.0 -0.005642739286914444 -7.663203801630931e-7 0.005642715123879527 0.305 0.5055337312796798 2.8408667484703374 1.3735322514223114 0.004043075263780344 7.248649804662602e-5 0.022610827464846668 0.728049886680479 31.714574877626998
1.5 0.0 0.0 -0.005644824483607674 -7.473901502004908e-7 0.00564480090510614 0.31 0.5134092664136382 2.83614677211815 1.373707970719476 0.004133348540846356 7.418885994287857e-5 0.02261897131361853 0.7279567574149278 31.697949469837994
1.5 0.0 0.0 -0.005646964950167643 -7.243006476927163e-7 0.005646942087798644 0.315 0.5212615972183218 2.8313500439357786 1.3738882279928326 0.0042248085435448715 7.591770496255697e-5 0.02262732686870702 0.7278612478257723 31.68090969498937
1.5 0.0 0.0 -0.005649161232585742 -7.805474206763355e-7 0.005649136581207892 0.32 0.5290868677849023 2.826475859682766 1.374073008579785 0.004317479878994383 7.767297946592133e-5 0.022635905613412253 0.7277633675619442 31.663439886032076
1.5 0.0 0.0 -0.005651413866160582 -8.144077490576156e-7 0.005651388130822489 0.325 0.5368859541145922 2.821523804758261 1.3742708512226933 0.004411398171005612 7.945586043130194e-5 0.022644590565579686 0.7276585973647751 31.645504175429917
1.5 0.0 0.0 -0.005653723410904532 -7.884767688299724e-7 0.005653698480533599 0.33 0.5446560477644998 2.816493115703779 1.3744652760806062 0.004506582840603737 8.126625770094857e-5 0.022653618961617668 0.7275556664854974 31.62715753256104
1.5 0.0 0.0 -0.005656090398992675 -8.554801978796747e-7 0.005656063334014324 0.335 0.5523982002839117 2.8113833315598287 1.3746644874244218 0.0046030690181794376 8.31053449751621e-5 0.022662866237685646 0.7274502317824519 31.608382862946208
1.5 0.0 0.0 -0.005658515355431812 -8.821362415397044e-7 0.005658487430143217 0.34 0.5601090585764122 2.8061936438400776 1.3748687034618818 0.004700886690738127 8.497327325993462e-5 0.022672347502376615 0.7273421800074581 31.589153986831565
1.5 0.0 0.0 -0.005660998812298146 -8.96252123854184e-7 0.005660970422472636 0.345 0.5677943998925774 2.8009238490147226 1.3750777620110846 0.004800078755753311 8.687239042857481e-5 0.02268205773186736 0.727231599278775 31.569483354259866
1.5 0.0 0.0 -0.005663541288325857 -8.757709285120504e-7 0.005663513529569015 0.35 0.5754508023002213 2.7955730867978916 1.3752917952829762 0.004900675746605448 8.880284533663912e-5 0.022692004936606384 0.7271184220176778 31.549356964273873
1.5 0.0 0.0 -0.005666143304911123 -9.353291519022198e-7 0.0056661136390333145 0.355 0.5830778969431958 2.790140676192737 1.3755108094783566 0.005002711063145261 9.076545745288332e-5 0.022702180747274914 0.7270026473868543 31.52878731425129
1.5 0.0 0.0 -0.0056688053655306325 -9.39591983410169e-7 0.005668775544547294 0.36 0.5906752916945328 2.7846259111610765 1.3757350417016063 0.0051062254467922315 9.276129848295586e-5 0.02271260156678304 0.7268841526077071 31.507746499522245
1.5 0.0 0.0 -0.005671527981124691 -9.603235536684483e-7 0.00567149748135056 0.365 0.598242607312494 2.7790280515107155 1.3759643590347181 0.005211254034254302 9.4791229635477e-5 0.022723258330166612 0.7267630105633891 31.48625132604056
1.5 0.0 0.0 -0.005674311649265323 -1.0166886812410307e-6 0.005674279336808839 0.37 0.6057794189527336 2.773346331142499 1.3761989995582802 0.005317836679717506 9.685626386021252e-5 0.02273415208997727 0.7266390982125125 31.464295564135075
1.5 0.0 0.0 -0.005677156856124091 -9.919160624871102e-7 0.005677125308494606 0.375 0.6132853070052837 2.767579951245593 1.3764389931313339 0.005426017337973099 9.895755389741179e-5 0.02274529862983202 0.7265124026492833 31.44185723838698
1.5 0.0 0.0 -0.005680064084905401 -1.0630770728141364e-6 0.005680030249346237 0.38 0.620759852221854 2.7617281819355135 1.3766926429861357 0.005535837998932003 0.00010109617015865863 0.02275656361374487 0.7263785457812406 31.418930234817264
1.5 0.0 0.0 -0.005683033822575512 -1.0396084980111132e-6 0.005683000709323987 0.385 0.6281999486763485 2.7557897312361836 1.3769436663607912 0.005647332510360504 0.00010327229553510664 0.022768200786710234 0.726246123520036 31.395542574347466
1.5 0.0 0.0 -0.005686066534830503 -1.077637954586805e-6 0.005686032184172352 0.39 0.6356102681556183 2.749764244537557 1.3772001894580974 0.005760558545121766 0.00010548863603758233 0.02278008309181694 0.7261108498637936 31.371682890067113
1.5 0.0 0.0 -0.005689162679249848 -1.0746025394657697e-6 0.0056891283987487665 0.395 0.6429877870240739 2.743650569248132 1.377462374528843 0.005875558305861054 0.00010774567934151289 0.022792215887050497 0.7259726425137664 31.34734048662206
1.5 0.0 0.0 -0.005692322706768005 -1.1069398257491266e-6 0.005692287366698392 0.4 0.6503319900892933 2.737447732979166 1.377730251533908 0.005992379877650978 0.00011004464648680126 0.022804600358857535 0.7258314890644579 31.322514015237935
1.5 0.0 0.0 -0.005695547058053585 -1.1622441498239213e-6 0.005695509922332336 0.405 0.6576423486982285 2.731154726479301 1.378003875468849 0.006111073189370371 0.00011238680856229064 0.02281723775186647 0.7256873640212006 31.297201474356186
1.5 0.0 0.0 -0.005698836160490939 -1.2132552839066458e-6 0.005698797362880636 0.41 0.6649183140862979 2.724770501741161 1.3782833156987238 0.006231691677195132 0.00011477354580001782 0.022830135382379563 0.7255402344423281 31.271392089615578
1.5 0.0 0.0 -0.0057021904325005035 -1.1746344666008647e-6 0.005702152838283832 0.415 0.6721592903189209 2.7182939715587042 1.3785687842342966 0.006354288880703872 0.00011720621530421216 0.022843291626678263 0.7253899924590518 31.24508423400068
1.5 0.0 0.0 -0.005705610282928028 -1.252418148135164e-6 0.005705570164834103 0.42 0.6793647069678097 2.711724001895629 1.3788602153538214 0.0064789184231911845 0.00011968616578864368 0.022856702220321712 0.725236676542594 31.218286453880836
1.5 0.0 0.0 -0.005709096098955854 -1.273180304550701e-6 0.0057090552800909515 0.425 0.6865339456185074 2.70505942105133 1.3791577768857692 0.006605641845935139 0.00012221500905618794 0.022870380287166293 0.7250802023957393 31.190977690943217
1.5 0.0 0.0 -0.005712648262449105 -1.2533905737232587e-6 0.005712608042195211 0.43 0.6936663761237525 2.6982990047830775 1.3794614604278586 0.006734516442686315 0.00012479417822565704 0.02288431872867321 0.724920578563927 31.163169109532113
1.5 0.0 0.0 -0.005716267135973896 -1.2995444867428716e-6 0.005716225396760506 0.435 0.7007613394447485 2.6914414871251933 1.3797714036063624 0.00686560449032423 0.00012742526337232698 0.022898517892414174 0.7247577369600988 31.134858115132932
1.5 0.0 0.0 -0.005719953062628666 -1.3589077331825227e-6 0.005719909376318717 0.44 0.7078181494423754 2.6844855529124105 1.3800877451000595 0.006998972999782449 0.00013011000224648025 0.022912985807123518 0.724591609157068 31.106031495272223
1.5 0.0 0.0 -0.005723706364471448 -1.163345502247284e-6 0.005723668929772785 0.445 0.7148360879888015 2.677429172713691 1.3804066616673971 0.0071346974881505085 0.00013285041890787457 0.022927807063165724 0.7244242061191506 31.076662663200892
1.5 0.0 0.0 -0.005727527364762258 -1.166461821204986e-6 0.0057274897936866725 0.45 0.7218125694191113 2.6702719712857372 1.3807359455959336 0.00727282445867391 0.00013564694508197344 0.022942812838231744 0.7242514422758722 31.046804037943332
1.5 0.0 0.0 -0.005731416345999579 -1.212243093131688e-6 0.005731377262098551 0.455 0.7287504855472425 2.66301230068483 1.381071808827329 0.00741344574413347 0.0001385030973245447 0.0229580866716454 0.7240753113692877 31.016430326801373
1.5 0.0 0.0 -0.005735373573170444 -1.2084968535204336e-6 0.005735334571201968 0.46 0.7356472742043351 2.6556484088749874 1.3814144705386404 0.00755663245767682 0.00014142018522233623 0.02297363028023377 0.7238957035176248 30.985534852260468
1.5 0.0 0.0 -0.005739399290161193 -1.2539173184436664e-6 0.005739358781264194 0.465 0.7425021552148781 2.648178693929321 1.381763856461113 0.007702462082635217 0.0001444001853889204 0.022989442933178943 0.7237126628577002 30.95412147301829
1.5 0.0 0.0 -0.005743493709770023 -1.2778696853028421e-6 0.005743452384419234 0.47 0.7493142749461232 2.640601500439282 1.3821201966915417 0.007851020012117809 0.00014744532066261816 0.023005533424126715 0.7235260742110273 30.922173941826173
1.5 0.0 0.0 -0.005747657025256231 -1.2937262634490571e-6 0.005747615143141649 0.475 0.7560827697259087 2.6329150961489813 1.3824835215160682 0.00800238759355884 0.00015055762689088117 0.023021891015276633 0.723335927290746 30.889707369382908
1.5 0.0 0.0 -0.005751889391238246 -1.2962486084188132e-6 0.005751847382583264 0.48 0.7628067306002331 2.625117690898475 1.382854064386546 0.008156657987777097 0.00015373953650856797 0.023038525973915532 0.7231421057026801 30.856703433067167
1.5 0.0 0.0 -0.005756190936815966 -1.3382611695795347e-6 0.005756147519439133 0.485 0.7694852608510852 2.6172074060810333 1.3832317235570635 0.008313922071879828 0.00015699336330940938 0.02305543536275666 0.7229446686115913 30.823169596600856
1.5 0.0 0.0 -0.005760561753603358 -1.344513628557015e-6 0.005760518085113473 0.49 0.7761173687941851 2.6091823002154535 1.3836167792671645 0.00847427705162747 0.00016032159292485955 0.02307261738036428 0.7227434756390123 30.789102900078493
1.5 0.0 0.0 -0.005765001897144642 -1.2128570588489864e-6 0.005764962460412826 0.495 0.7827027788418345 2.601039443117592 1.3839984928068638 0.00863783330314366 0.0001637273858057992 0.02309025581983954 0.722544139460667 30.754502287611807
1.5 0.0 0.0 -0.005769511378780318 -1.2205639433993483e-6 0.005769471646055835 0.5 0.7892390030486357 2.592778470231094 1.3843983715463466 0.008804680145616972 0.0001672123905105846 0.023107990803592215 0.7223354350547324 30.719361918497025
1.5 0.0 0.0 -0.005774090169567592 -1.1942116111875314e-6 0.0057740512494750705 0.505 0.7957257095594412 2.5843963315191907 1.3848059633923206 0.008974937628323685 0.00017078002055448245 0.023126002692376853 0.7221228290715436 30.683678630427057
1.5 0.0 0.0 -0.005778738195776609 -1.261782859219639e-6 0.005778697024900219 0.51 0.8021617953383182 2.575890726645971 1.3852213288077628 0.009148718735698726 0.00017443314015017043 0.02314428423681441 0.7219062969963685 30.647461746539427
1.5 0.0 0.0 -0.005783455319166339 -1.2145423595946716e-6 0.005783415642069023 0.515 0.8085446349247505 2.567259299581618 1.385649718977806 0.009326149265890116 0.00017817454823819938 0.02316278035719712 0.7216831110373964 30.610665642236093
1.5 0.0 0.0 -0.005788241375718942 -1.2154753144498214e-6 0.00578820161969089 0.52 0.8148759177257435 2.5584994775025725 1.3860811015332999 0.009507352749158864 0.00018200830441117587 0.02318161187711966 0.7214585054898884 30.573358910099753
1.5 0.0 0.0 -0.005793096118327609 -1.2836377071849748e-6 0.005793054080797581 0.525 0.8211530022471225 2.5496086852934257 1.3865206394802918 0.009692461286235105 0.00018593733040715984 0.023200709588208242 0.7212297974697489 30.535516866135342
1.5 0.0 0.0 -0.00579801923826706 -1.3075171596980835e-6 0.005797976364806165 0.53 0.8273745906373045 2.5405842005132833 1.3869685296065732 0.009881619926760614 0.00018996540844035774 0.02322008382081192 0.7209968926141838 30.497121818415764
1.5 0.0 0.0 -0.005803010364321487 -1.3286418745490441e-6 0.005802966742485753 0.535 0.833539342484842 2.531423166711053 1.387424864120824 0.01007497251560667 0.00019409618760540725 0.023239726222109243 0.7207597512919519 30.458183434898114
1.5 0.0 0.0 -0.005808069047699094 -1.3341880907825772e-6 0.005808025186911585 0.54 0.8396458793951157 2.5221226015628853 1.387889751831203 0.010272674319706661 0.00019833366461358517 0.02325963736461973 0.7205183255230317 30.41869894634036
1.5 0.0 0.0 -0.0058131947597541145 -1.337082584586034e-6 0.005813150745891163 0.545 0.8456927428138243 2.512679385072746 1.3883633803886326 0.010474887337189164 0.0002026819829705253 0.02327981365120953 0.7202725267214118 30.378669239937814
1.5 0.0 0.0 -0.005818386883994747 -1.347563553811277e-6 0.005818342465792267 0.55 0.851678440523322 2.503090246744972 1.3888458525909684 0.010681783129337354 0.00020714555243860907 0.02330025456466881 0.7200223107081616 30.338092911855135
1.5 0.0 0.0 -0.0058236447118940465 -1.2216235915572693e-6 0.005823604390259367 0.555 0.8576018070060705 2.4933505265100715 1.3893265977846738 0.010893552789391853 0.00021172956970580458 0.02332113639437184 0.7197731631961385 30.296975836042787
1.5 0.0 0.0 -0.00582896742876185 -1.255106729335063e-6 0.005828925944924506 0.56 0.8634603604278223 2.4834590367481297 1.3898270919771285 0.011110360784185966 0.00021643758638403802 0.023342091473888507 0.7195139638395094 30.25531893157862
1.5 0.0 0.0 -0.005834354107649167 -1.2300710851227833e-6 0.005834313394486421 0.565 0.8692528224354427 2.4734108455230044 1.3903370482042767 0.011332425971530948 0.0002212756086935301 0.023363307892818232 0.7192500561583803 30.213105593926926
1.5 0.0 0.0 -0.005839803709892899 -1.2556473327918878e-6 0.005839762091323002 0.57 0.8749774461679053 2.463201972986644 1.3908564203507439 0.011559951387227312 0.0002262487262679655 0.023384766042283345 0.7189814745563934 30.170362314360414
1.5 0.0 0.0 -0.00584531505728611 -1.2860561407077841e-6 0.005845272369566414 0.575 0.8806323774734505 2.452828268644347 1.391385482965589 0.011793166490870997 0.000231362881768614 0.02340647128094497 0.7187080879042944 30.127075183923466
1.5 0.0 0.0 -0.005850886834912347 -1.3325553136585776e-6 0.005850842539327919 0.58 0.8862156835060935 2.442285346864092 1.3919243681906153 0.012032305538677568 0.0002366240262863228 0.023428413278220143 0.7184298391872508 30.083253915048612
1.5 0.0 0.0 -0.005856517569999192 -1.3323847735580893e-6 0.005856473214674181 0.585 0.8917253321938515 2.431568606255902 1.3924733552776551 0.012277623477764439 0.00024203872043172456 0.023450592099119462 0.7181465959185932 30.038891006386844
1.5 0.0 0.0 -0.005862205626359404 -1.3633633932565178e-6 0.0058621601718206635 0.59 0.8971592285839816 2.4206731767696406 1.3930325245651538 0.012529383398199659 0.0002476136431024604 0.023472995620797018 0.7178583287652631 29.993999081974046
1.5 0.0 0.0 -0.005867949181734722 -1.3803972437949938e-6 0.005867903089481811 0.595 0.9025151521490585 2.4095939406654923 1.3936021529706437 0.01278787146435321 0.00025335613649681433 0.023495620968348424 0.7175649075084863 29.948573927532365
1.5 0.0 0.0 -0.005873746210575362 -1.3352117486594922e-6 0.005873701558532843 0.6 0.9077886627422449 2.3983254911718377 1.3941865272467808 0.013053382048959917 0.000259272608658943 0.023518411300283593 0.7172641396662918 29.902590639285794
1.5 0.0 0.0 -0.005879594490172904 -1.314983023688277e-6 0.005879550446165523 0.605 0.9129815168270531 2.386862099895494 1.3947777142582218 0.013326247034784654 0.00026537363379673033 0.023541450512201117 0.716960121872772 29.856116685822744
1.5 0.0 0.0 -0.005885491542286153 -1.3503085809535694e-6 0.005885446243799337 0.61 0.9180891354479468 2.3751977084181104 1.395379897308711 0.013606801203999246 0.00027166670190513606 0.02356467901039388 0.7166507142095953 29.809132178004614
1.5 0.0 0.0 -0.00589143463426825 -1.389032140754088e-6 0.005891387962367241 0.615 0.9231088042308029 2.3633259143377385 1.3959934493559665 0.013895412579170962 0.0002781612058634487 0.023588088356565562 0.7163357395848403 29.761636246406905
1.5 0.0 0.0 -0.005897420751052401 -1.4139611818359417e-6 0.005897373164770922 0.62 0.9280377281057091 2.351239915454473 1.396618575098394 0.014192474824425943 0.00028486721839459354 0.023611670756779453 0.7160151080831366 29.71363043873927
1.5 0.0 0.0 -0.005903446569898399 -1.4056850165815891e-6 0.005903399184799538 0.625 0.9328737357675007 2.3389328382417487 1.3972554210543748 0.014498408933676377 0.0002917959122187333 0.023635410309886078 0.7156887602163701 29.665127864333055
1.5 0.0 0.0 -0.005909508427523122 -1.4302599416735713e-6 0.005909460134260986 0.63 0.9376121418206578 2.3263963170591406 1.3979043875545258 0.014813655181593539 0.0002989575223817951 0.02365928749802794 0.7153565071423705 29.61613853400855
1.5 0.0 0.0 -0.005915602286068702 -1.4752257651275363e-6 0.005915552391169076 0.635 0.9422504186487677 2.313622526573929 1.3985657991822436 0.01513870449569604 0.00030636504913619523 0.02368329066355993 0.7150181997763089 29.566664652817565
1.5 0.0 0.0 -0.005921723698332312 -1.4533181908696058e-6 0.005921674461204607 0.64 0.946785133617654 2.3006027416192425 1.399239829244955 0.015474080019390329 0.0003140318617708427 0.023707405847804876 0.7146737672123111 29.516713475971578
1.5 0.0 0.0 -0.005927867767967707 -1.5037867792407243e-6 0.005927816733857721 0.645 0.9512125913834446 2.28732765778003 1.3999268172762243 0.0158203381546665 0.0003219720187328502 0.023731603431156732 0.7143230543619806 29.466307527684872
1.5 0.0 0.0 -0.005934029096865523 -1.5562388569904894e-6 0.005933976191374489 0.65 0.9555289019469483 2.2737873408051352 1.4006271646195252 0.016178091164907666 0.00033020116522685197 0.023755866622578645 0.7139658756166152 29.415450581252284
1.5 0.0 0.0 -0.005940201736990586 -1.5436356861902641e-6 0.005940149168273109 0.655 0.9597299665044571 2.2599711358581627 1.401341183315715 0.016548002146030395 0.0003387362606732911 0.023780176761976343 0.7136020919858361 29.364149636358153
1.5 0.0 0.0 -0.005946379133221977 -1.5453566783566191e-6 0.005946326413029297 0.66 0.9638114012254004 2.245867616950516 1.402069259963259 0.0169307845322232 0.00034759543600956333 0.023804502554036957 0.7132315275396731 29.312424704727793
1.5 0.0 0.0 -0.005952554053085826 -1.5743208522780214e-6 0.005952500249070905 0.665 0.9677685509519267 2.2314645199546153 1.402811863171543 0.017327221589364485 0.0003567987131517313 0.023828818053121485 0.7128539658476816 29.260285771975372
1.5 0.0 0.0 -0.005958718516840655 -1.5888004203332208e-6 0.00595866412032872 0.67 0.9715972187727876 2.216749159188619 1.4035691645800696 0.017738161139642796 0.0003663682040589285 0.023853085719051266 0.7124693426128237 29.207762847334024
1.5 0.0 0.0 -0.005964863704434997 -1.6019239296800166e-6 0.005964808759084151 0.675 0.9752906629296522 2.201706262020373 1.404342030414142 0.01816453909577219 0.0003763268811305877 0.02387727488264826 0.7120772421125198 29.154858509462656
1.5 0.0 0.0 -0.005970979868094084 -1.6313365608228868e-6 0.005970923811508765 0.68 0.978843983993959 2.186320916853501 1.4051307212508846 0.01860737657250283 0.0003867013525556398 0.02390134209498483 0.7116775577362454 29.101604236899007
1.5 0.0 0.0 -0.005977056214224244 -1.6487537660922586e-6 0.005976999454621252 0.685 0.9822511514691415 2.170576466528152 1.40593584521109 0.019067806012039966 0.00039752075694831924 0.023925249196078552 0.7112700080919089 29.048014418552643
1.5 0.0 0.0 -0.005983080780618946 -1.6414735664356954e-6 0.0059830241665829315 0.69 0.985505676186113 2.1544548413731803 1.4067581039408807 0.019547075371772218 0.0004088172133184169 0.02394894934836378 0.7108542664148212 28.994109623412573
1.5 0.0 0.0 -0.0059890402935577625 -1.6644024728733384e-6 0.005988982781248417 0.695 0.9886013408294968 2.1379370698584874 1.4075977710538048 0.020046554944113497 0.0004206265001415253 0.02397238184844733 0.7104302241480156 28.939934629912024
1.5 0.0 0.0 -0.005994919990697872 -1.694042431930815e-6 0.005994861343883518 0.7 0.9915292946459985 2.1210003563939637 1.408456088532688 0.020567794504228798 0.00043298781485004575 0.02399549398804262 0.7099972857810548 28.88549788383423
1.5 0.0 0.0 -0.006000703431712842 -1.4280856191475105e-6 0.006000653898378145 0.705 0.9942777545382463 2.1036197811584 1.4093269260933248 0.021112497462250766 0.0004459418018970718 0.024018363952980324 0.7095585711769605 28.83079905451021
1.5 0.0 0.0 -0.006006372287361159 -1.444491660574228e-6 0.0060063220894922935 0.71 0.9968467241781711 2.0857741219117365 1.4102245612036093 0.021682599441236437 0.0004595467954301399 0.0240406244650579 0.7091069234721843 28.77595589677943
1.5 0.0 0.0 -0.006011906043030757 -1.6564821824960906e-6 0.006011848368008418 0.715 0.9992242158867629 2.0674366408876708 1.4111541015091227 0.02228022098977348 0.0004738556124369033 0.024062155209863254 0.708639828159498 28.720962997942006
1.5 0.0 0.0 -0.006017281714215686 -1.6375887291824285e-6 0.006017224587433543 0.72 1.0013966205716354 2.0485689070747224 1.4120948827732676 0.02290790663808943 0.00048893362783281 0.02408323752523655 0.7081677103992172 28.66586682713258
1.5 0.0 0.0 -0.006022473467128392 -1.6540126537272365e-6 0.0060224156561628685 0.725 1.0033544102664407 2.029140285425982 1.4130591202399359 0.02356840680659365 0.0005048547152222609 0.02410358308422661 0.7076844738316393 28.61070799895334
1.5 0.0 0.0 -0.006027452191037383 -1.703091363935562e-6 0.006027392549703937 0.73 1.0050859992542822 2.009113811071165 1.4140478175604656 0.02426489097998589 0.0005217038891620011 0.024123069437215382 0.707189663306583 28.555554772857523
1.5 0.0 0.0 -0.006032184969734497 -1.677360285105284e-6 0.006032126115899814 0.735 1.0065769827412747 1.988445262239325 1.415063150370596 0.0250010690744958 0.0005395805784568293 0.02414157204887682 0.706682242229334 28.500441715144117
1.5 0.0 0.0 -0.006036634468017998 -1.6967211833036849e-6 0.006036574819783382 0.74 1.007813841786322 1.9670896886708338 1.4161062696825937 0.025781147553017827 0.0005585997361386355 0.02415893588708163 0.7061616923877742 28.44545516254399
1.5 0.0 0.0 -0.006040758166079352 -1.7036126016986346e-6 0.006040698159966417 0.745 1.0087794437445863 1.9449920939099283 1.4171798581860706 0.02661012096877505 0.0005788979923683103 0.024174991573388562 0.7056267376534372 28.390650858103086
1.5 0.0 0.0 -0.006044507447945227 -1.7082174039621627e-6 0.006044447163846836 0.75 1.0094571426904246 1.922095908758593 1.4182856613328596 0.027493750416812762 0.0006006359561691162 0.024189548626418825 0.7050765774930207 28.336119300952127
1.5 0.0 0.0 -0.006047826467297249 -1.6839309464855628e-6 0.00604776692644442 0.755 1.0098262458382141 1.8983317352832336 1.4194270519383494 0.028438959764107725 0.0006240077242226193 0.02420237848888509 0.7045096108563025 28.28194200251592
1.5 0.0 0.0 -0.006050650756373163 -1.6775412635422691e-6 0.006050591328591705 0.76 1.0098661538832618 1.8736274992313833 1.4206064889862091 0.029453867517327238 0.0006492451371674586 0.024213228501902266 0.7039247024090667 28.228233031515046
1.5 0.0 0.0 -0.0060529054812186595 -1.6789456492984788e-6 0.006052845891556445 0.765 1.0095521450419433 1.8478965028958776 1.421827958970347 0.030548339646730482 0.000676632986443276 0.024221788934789684 0.7033199717947397 28.175116067340586
1.5 0.0 0.0 -0.006054503246657822 -1.8142920472686706e-6 0.006054438733225757 0.77 1.0088591438880576 1.8210401789517796 1.4231071845615801 0.03173447534086596 0.0007065320553533199 0.02422753468516916 0.7026877601690091 28.12270234567808
1.5 0.0 0.0 -0.006055341325007874 -1.7660962363444157e-6 0.006055278410099674 0.775 1.0077536266055693 1.7929513508072548 1.4244258708572346 0.03302670480198553 0.0007393647214373438 0.024230430528017897 0.7020372351129718 28.071188322070252
1.5 0.0 0.0 -0.006055298071029974 -1.8153352986700968e-6 0.006055233285793822 0.78 1.006208474461898 1.7635002047901311 1.4257953717981273 0.034443580992599664 0.0007757136255833687 0.024229864168158116 0.7013629162920219 28.020817804893124
1.5 0.0 0.0 -0.006054228283743593 -1.8991006737668322e-6 0.006054160390115032 0.785 1.0041802708268304 1.7325472091255447 1.4272455364212036 0.03600766793695666 0.0008162671761037029 0.02422494416496814 0.7006502907043449 27.971706830411833
1.5 0.0 0.0 -0.006051957186399698 -1.8125818074676668e-6 0.006051892275693292 0.79 1.001626700044311 1.6999334246518822 1.428755839716196 0.037747683116465036 0.0008619341552012364 0.024215403900819513 0.6999096502021208 27.92423481148291
1.5 0.0 0.0 -0.006048272398187962 -1.8660147470326676e-6 0.006048205465123561 0.795 0.9985096528388595 1.6654742085770318 1.4303558739797815 0.03970128731626312 0.0009139674167373767 0.024200032744489695 0.699126712583508 27.878818394700083
1.5 0.0 0.0 -0.006042913315104884 -1.7549112949642403e-6 0.0060428502705209075 0.8 0.9947752630593596 1.6289833367577216 1.4320310592227834 0.041915826373388934 0.0009739337643222102 0.024178175155016746 0.6983088764448558 27.83603577478499
1.5 0.0 0.0 -0.006035556848526982 -1.632004491579121e-6 0.0060354981363582964 0.805 0.9903748781161144 1.590241885116437 1.433801328043078 0.044455184684860344 0.0010440547041334113 0.024148339874624655 0.697446696722515 27.796699187045277
1.5 0.0 0.0 -0.0060257983426605655 -1.4300671968446753e-6 0.006025746831178255 0.81 0.9852598551986672 1.549017589348805 1.435663713073854 0.047405110665566484 0.0011274236852345033 0.02410900642937091 0.6965419484336849 27.76210531514805
1.5 0.0 0.0 -0.006013126123619997 -1.1544477154350997e-6 0.006013084498018938 0.815 0.9793785019714071 1.5051409187639153 1.437632634730921 0.050876546308203235 0.0012281238462370937 0.024057898704944947 0.695587993651221 27.73407917404855
1.5 0.0 0.0 -0.005996888036703847 9.090465202798468e-6 0.0059972160485304545 0.82 0.9727085431574276 1.4584316426019317 1.4396523150839187 0.05503022753203458 0.0013525165852412025 0.023994715101269937 0.6946121570621794 27.71383366515004
1.5 0.0 0.0 -0.0059762499162091184 -4.235324322381042e-6 0.0059760970927357025 0.825 0.9652154172284637 1.408918660819603 1.441739611471224 0.06005040958472453 0.001507802028095548 0.023908822253284244 0.693606523704753 27.71383366515004
1.5 0.0 0.0 -0.0059501442972154095 -6.952193885412779e-6 0.005949893631506066 0.83 0.9569476541413231 1.3569483787788286 1.4437653396678982 0.06620005349259256 0.0017051889386583453 0.023802753658676075 0.6926333334958896 27.734921954871094
1.5 0.0 0.0 -0.005917218827145493 -7.839157705390243e-6 0.005916936785711876 0.835 0.9479724258448874 1.3028056341328573 1.4454585132572717 0.07384272886767757 0.0019610063851562996 0.023670009899085506 0.6918220003053204 27.79434781926371
1.5 0.0 0.0 -0.005875789928988996 1.3362303123629018e-6 0.005875837794440076 0.84 0.938537912273339 1.2474919286552613 1.4464280295270022 0.08340526220440002 0.002296510897763963 0.023505070897365907 0.6913582837073552 27.916383993241666
1.5 0.0 0.0 -0.005823815939861081 -9.505690903714495e-6 0.005823478188388754 0.845 0.9288201229628641 1.1926223422849938 1.4460724720575904 0.09525921759915904 0.0027297634761931787 0.023295235749741832 0.6915282735291381 28.144039871191776
1.5 0.0 0.0 -0.005758902617621929 5.348658208020352e-6 0.0057590901615409635 0.85 0.9188365617087166 1.1389289227846642 1.4438090706898343 0.11009318136803847 0.0032937010124452276 0.023037771803709424 0.6926123545699914 28.519496849372164
1.5 0.0 0.0 -0.005678342083144189 -6.287277674344141e-6 0.005678126349466223 0.855 0.9091386681592984 1.0885488556421548 1.4384631955883442 0.12824089593077806 0.004006988585651033 0.022714187935033103 0.6951863649114718 29.143700388463454
1.5 0.0 0.0 -0.00557920007470962 -4.787596088026495e-6 0.0055790410541545305 0.86 0.8995171206647428 1.0419465949357234 1.429440913658535 0.1504145215332689 0.004891900243683248 0.022318994421586295 0.6995742114590678 30.106775097956504
1.5 0.0 0.0 -0.005458469597688927 -2.5546539833083805e-6 0.005458388644140208 0.865 0.8898481032333043 0.9993862210037063 1.416508232840524 0.17750120088245233 0.005963544752256155 0.021831879707767995 0.7059613045768892 31.557035160819467
1.5 0.0 0.0 -0.005313350534079532 -8.469053566495442e-6 0.0053130996708420225 0.87 0.8811620673532302 0.9629388192157006 1.3979210727809352 0.20920124320747582 0.0071850300957475716 0.02125172970657676 0.7153479688310741 33.759643902286214
1.5 0.0 0.0 -0.0051417038412431 -2.2692193696691337e-7 0.005141697706698687 0.875 0.8731709489590367 0.9321554343955117 1.3747334921499537 0.2460201653979795 0.008501965968605947 0.020565705030642 0.7274137174297645 36.99083773472075
1.5 0.0 0.0 -0.004942591495753133 1.4270063991305492e-6 0.004942625728536755 0.88 0.8662797794182581 0.9074058162313647 1.34756041198807 0.2874018711868726 0.009800173904177218 0.01976742812069049 0.7420817583418714 41.68537431441064
1.5 0.0 0.0 -0.004716846330750549 -5.2257148870684895e-6 0.0047167385274652735 0.885 0.8611926469779484 0.8891368207021548 1.3168386235749239 0.33128452901855626 0.010925220120660228 0.018868806099048466 0.759394493825841 48.47454206734216
1.5 0.0 0.0 -0.004467263715627792 9.208903659628979e-6 0.004467423480133873 0.89 0.8575999583077727 0.8762560801924993 1.287281281322194 0.37669897586319223 0.011734102815373544 0.017868223965819635 0.776830996076372 57.64048527145266
1.5 0.0 0.0 -0.004197845361565047 -3.0072434918956493e-6 0.004197802753771307 0.895 0.8559687035466416 0.868232661661382 1.256935278951218 0.4216683356665512 0.01219589956204122 0.01679280634489223 0.7955859118175119 70.57965756753174
1.5 0.0 0.0 -0.003913801056907348 2.214306790872386e-6 0.003913826323666094 0.9 0.8559913371723598 0.8640515096120729 1.2295735018840759 0.4648894649950041 0.012271295858047988 0.01565737444322321 0.8132901355369901 87.63715255804826
1.5 0.0 0.0 -0.0036200999098575 -3.7579024814053756e-6 0.0036200658839778506 0.905 0.8574964848461565 0.8627839538240946 1.2045068935252914 0.5060196566899708 0.01202753323238031 0.014482001099822799 0.8302152568618704 110.44247849350144
1.5 0.0 0.0 -0.0035606882897685627 1.0587705360191471e-7 0.0035606892089367127 0.906 0.8578834433327142 0.8627488030043939 1.2011191893565893 0.5143198402132759 0.011939012385078248 0.014238515095142595 0.8325568427023957 115.18790506436206
1.5 0.0 0.0 -0.003501042031638566 -5.429026033425407e-6 0.003500996866295212 0.907 0.85840592708449 0.8629034168664208 1.1973289936350966 0.5218815144052097 0.011838302759680359 0.013999633911147478 0.8351923367060494 120.20336014829617
1.5 0.0 0.0 -0.0034412486855900683 -6.013193391905072e-6 0.003441201571205178 0.908 0.8589773668826743 0.863070480831063 1.1909370218212985 0.5299590880263724 0.011757102899045094 0.013763059508521101 0.839674963224079 127.62966991693784
1.5 0.0 0.0 -0.00338137319001291 -2.4010207581389093e-6 0.003381355038980717 0.909 0.8595623889969976 0.8633646622841868 1.1886552319121932 0.5373545956697708 0.011630425716107385 0.013521395139431125 0.8412868367148667 132.2801222885131
1.5 0.0 0.0 -0.0033215050175895607 6.910193997433265e-6 0.0033215523253519543 0.91 0.8601743347856248 0.8634995727846402 1.1778492505796123 0.5470185955058264 0.011589883047529833 0.013286929470149401 0.8490050823633788 146.06892500916558
1.5 0.0 0.0 -0.0032614872286257715 -5.841917044753188e-6 0.003261447340590337 0.911 0.8609244089259498 0.8641322431824153 1.1796244494141774 0.5523096504690685 0.011395619979605377 0.01304428494924655 0.8477274275695268 146.4578784367673
1.5 0.0 0.0 -0.00320154635872239 4.060854266231115e-6 0.0032015728336859065 0.912 0.8615844410086868 0.8645256081705264 1.1763320022226367 0.5603817349731096 0.011266356866367799 0.0128026671209098 0.8501001401904884 153.38469734550978
1.5 0.0 0.0 -0.003141657436777908 3.1569828855909004e-6 0.0031416771555749065 0.913 0.862387881134744 0.8651179431153302 1.172982559350288 0.5670575117989193 0.011117055568512672 0.012562619430035657 0.8525275947443716 160.1001767926137
1.5 0.0 0.0 -0.0030818891741707932 6.251492732354525e-6 0.003081925800369146 0.914 0.8632290637750776 0.8657156129223499 1.16720213164254 0.5742593404415013 0.010987142541699453 0.012325625504811137 0.8567496347807155 170.68363667253442
1.5 0.0 0.0 -0.0030221676016798198 1.1838065204614398e-6 0.003022174277203775 0.915 0.8640286942683956 0.8663301845154593 1.1651707171518524 0.581577772732046 0.010828494175543022 0.012083964012722052 0.8582433331695571 177.33537148562095
1.5 0.0 0.0 -0.002962492615494524 -2.5627114178443347e-7 0.0029624912490574867 0.916 0.8649316072750769 0.8670423017912966 1.1606965222661074 0.5884805922321886 0.01067981901377907 0.011848089403779849 0.8615516466333601 187.54698152057236
1.5 0.0 0.0 -0.0029029370084043774 -8.422356734923776e-7 0.002902932650239863 0.917 0.8658204108717862 0.8677915016668829 1.1596073164975564 0.5952497522910983 0.010505255788366452 0.011608636964713473 0.8623608921512962 193.25467652043034
1.5 0.0 0.0 -0.0028437106050638664 -5.386455075320833e-7 0.002843708198139222 0.918 0.8667261206268808 0.8683867913871398 1.1462046696501602 0.6048044122292637 0.010418235092287223 0.011372773999866075 0.8724445349757788 223.7899340906723
1.5 0.0 0.0 -0.002784442958174007 -6.881118855234813e-6 0.0027844121914503165 0.919 0.8677917006057454 0.869404677154944 1.1478387944610517 0.6091787539717908 0.010207532737233307 0.011139018864529558 0.8712024761887585 223.6545861844224
1.5 0.0 0.0 -0.00272565649115436 2.345184229455981e-6 0.0027256666564606474 0.92 0.8687656358846344 0.8702719299455471 1.1465273504976494 0.615781469774719 0.010019794795870219 0.010899149584559755 0.872198992519416 230.7047287295816
