#1=α 2=ρ 3=Δ 4=ϕ 5=q0 6=δq 7=qh0 8=δqh 9=ρh
3.0 0.9999 0.0 -1.999969953197089e-8 0.9998000150053873 0.2500170171426396 8.007529404837883e-8 3.9997277442498262 3.9993277714754014
3.0 0.995 0.0 -4.9961957523316134e-5 0.9900375764825639 0.2508581592081286 0.00019984934574870535 3.9863164234189155 3.966384841301821
3.0 0.99 0.0 -0.0001996913207717826 0.9801506225622102 0.25174519786196586 0.0007987699768959246 3.9722704087023293 3.932547704615306
3.0 0.985 0.0 -0.00044894319405654366 0.9703396393538289 0.2526623884047159 0.0017957775383915155 3.9578506572105816 3.898482897352423
3.0 0.98 0.0 -0.0007974584847858022 0.960605166181865 0.2536112538976458 0.003189838781097726 3.943042686913203 3.8641818331749387
3.0 0.975 0.0 -0.0012449629872568458 0.9509477830939349 0.2545932935025176 0.00497985688108422 3.927833236463911 3.829637405552313
3.0 0.97 0.0 -0.0017911663933540241 0.9413681147101713 0.2556101116791479 0.007164670605494354 3.912208298141352 3.7948420491971113
3.0 0.965 0.0 -0.002435761222949158 0.9318668342582828 0.2566634222312652 0.009743050033798264 3.8961531460410255 3.7597877859295896
3.0 0.96 0.0 -0.00317842166595034 0.9224446680580244 0.25775505652478015 0.01271369192586035 3.8796523082132497 3.7244662158847195
3.0 0.955 0.0 -0.004018802326972003 0.9131024005152863 0.2588869734856551 0.01607521470054034 3.8626895225201814 3.688868494006773
3.0 0.95 0.0 -0.004956536862458668 0.9038408796955112 0.2600612709881024 0.019826152984169967 3.8452476841342103 3.6529852999274994
3.0 0.945 0.0 -0.005991236498836115 0.8946610235574078 0.2612801986412311 0.02396495168314993 3.8273087865074666 3.6168068032495557
3.0 0.94 0.0 -0.0071224884187696125 0.8855638269412505 0.26254617210390463 0.028489959528978967 3.8088538560152476 3.5803226246543325
3.0 0.935 0.0 -0.00834985400091386 0.8765503694219314 0.2638617891174103 0.033399422037232195 3.789862879899715 3.5435217927062337
3.0 0.93 0.0 -0.009672866896551653 0.8676218241559075 0.265229847491349 0.038691473814162734 3.7703147268620176 3.5063926959816767
3.0 0.925 0.0 -0.01109103092426084 0.8587794678739238 0.2666533653241066 0.04436413013536496 3.750187059460283 3.4689230300007616
3.0 0.92 0.0 -0.012603817761058126 0.8500246921988126 0.2681356037908534 0.050415277710371034 3.729456237300001 3.431099738316001
3.0 0.915 0.0 -0.014210664405362762 0.8413590165007856 0.2696800928925378 0.056842664534527874 3.708097209824383 3.392908946989311
3.0 0.91 0.0 -0.015910970383502747 0.8327841025428984 0.27129066063172874 0.06364388871504775 3.686083397310454 3.354335891552513
3.0 0.905 0.0 -0.017704094667152313 0.8243017712184406 0.2729714661685122 0.07081638614080168 3.6633865584422467 3.315364835390233
3.0 0.9 0.0 -0.019589352264078017 0.815914021742193 0.27472703761583617 0.07835741684532617 3.6399766425550997 3.2759789782995896
3.0 0.895 0.0 -0.021566010438509926 0.8076230537316083 0.2765623152634464 0.08626404988839861 3.6158216243143064 3.236160353761304
3.0 0.89 0.0 -0.023633284510377967 0.7994312927057419 0.27848270117892693 0.09453314655299364 3.5908873181946532 3.1958897131932416
3.0 0.885 0.0 -0.02579033317401426 0.791341411699939 0.28049398683447263 0.1031613359032384 3.5651388155787025 3.155147851787152
3.0 0.88 0.0 -0.028036253266775682 0.783356395540349 0.2826029187830053 0.11214501645311478 3.538533870444003 3.1139098059907226
3.0 0.875 0.0 -0.03037007390549626 0.7754795385985375 0.28481654966757913 0.12148029920543407 3.5110319297356147 3.072152938518663
3.0 0.87 0.0 -0.03279074989381468 0.7677145189411244 0.2871427970415313 0.13116300337731027 3.482587793610451 3.0298513804410923
3.0 0.865 0.0 -0.03529715428495915 0.7600654475885292 0.28959043372400634 0.14118862118464534 3.4531527410641205 2.9869771210204643
3.0 0.86 0.0 -0.03788806996214164 0.7525369345522427 0.2921692107389432 0.15155228416383082 3.4226741328110455 2.943499754217499
3.0 0.855 0.0 -0.04056218007095824 0.7451341527588599 0.2948898506226181 0.16224872199693152 3.391096702340355 2.8993876805010035
3.0 0.85 0.0 -0.043318057103821 0.7378629872444208 0.2977647969501479 0.17327223026551464 3.3583553537640682 2.854602050699458
3.0 0.845 0.0 -0.04615415039323956 0.7307300719188933 0.30080759428423093 0.18461660357861862 3.324384154527386 2.8091046105756408
3.0 0.84 0.0 -0.04906877171693021 0.7237429761662111 0.3040336641014238 0.19627508905037153 3.2891094575185136 2.7628519443155515
3.0 0.835 0.0 -0.052060078648873714 0.7169103401237278 0.30746030588898104 0.2082403155037788 3.252452368147594 2.715797727403241
3.0 0.83 0.0 -0.05512605520311878 0.7102421634895338 0.31110770472284793 0.22050422181681756 3.2143209082232653 2.66788635382531
3.0 0.825 0.0 -0.058264489204128495 0.7037499509804038 0.3149984682873345 0.23305795793285533 3.1746186114397945 2.6190603544378304
3.0 0.82 0.0 -0.06147294567165637 0.6974470755999965 0.3191585660078995 0.2458917831728787 3.1332387925795135 2.5692558099152008
3.0 0.815 0.0 -0.06474873531646812 0.6913492778125692 0.32361858210406 0.25899494181739613 3.090057417279112 2.518396795082476
3.0 0.81 0.0 -0.06808887699035915 0.6854750366795691 0.32841359508315116 0.27235550859144986 3.0449409371947884 2.466402159127779
3.0 0.805 0.0 -0.07149005259755012 0.6798462846904341 0.3335846439315974 0.28596021068060534 2.997739908570411 2.413180626399181
3.0 0.8 0.0 -0.07494855252140062 0.6744894283177896 0.33918089130063267 0.29979421042624366 2.9482792977085817 2.3586234381668656
3.0 0.795 0.0 -0.07846020900555195 0.6694362081631611 0.34525990021065533 0.3138408361872795 2.8963687917127485 2.3026131894116353
3.0 0.79 0.0 -0.08202031408982385 0.6647255342702199 0.35189154577108545 0.3280812564421156 2.8417846692188675 2.2450098886829055
3.0 0.785 0.0 -0.08562351754390302 0.6604054377029784 0.3591604265691769 0.34249407027862944 2.784271111247811 2.1856528223295317
3.0 0.78 0.0 -0.08926369864842623 0.6565357649734314 0.3671694207492312 0.3570547946490193 2.7235383544725487 2.1243599164885882
3.0 0.775 0.0 -0.09293380348050223 0.6531924649085551 0.3760465989342053 0.37173521395310694 2.6592448989944577 2.060914796720705
3.0 0.77 0.0 -0.09662563639302671 0.6504730614868693 0.38595216607882726 0.38650254561367103 2.5909946565651842 1.995065885555192
3.0 0.765 0.0 -0.10032959053211996 0.648504416924785 0.3970879597126981 0.40131836215342476 2.5183337231466854 1.9265252982072143
3.0 0.76 0.0 -0.10403429778052109 0.647454879356097 0.40971334301464957 0.41613719119576364 2.4407308598788893 1.8549554535079558
3.0 0.755 0.0 -0.10772617499856996 0.6475493503768027 0.4241587659690701 0.4309047107943529 2.357607764430644 1.779993862145136
3.0 0.75 0.0 -0.11138884633155643 0.6490958854804523 0.4408570396916751 0.44555538533249617 2.2683090207641374 1.701231765573103
3.0 0.745 0.0 -0.1150024471526509 0.6525112908702647 0.4603500946722077 0.46000978861300623 2.172259790045335 1.6183335435837745
3.0 0.74 0.0 -0.11854290885779872 0.6583517577723913 0.48328968754424423 0.4741716354341081 2.06915236507804 1.5311727501577497
3.0 0.735 0.0 -0.12198158877610016 0.6673083373365523 0.5103488813703642 0.4879263551069392 1.9594438951543274 1.4401912629384306
3.0 0.73 0.0 -0.12528619265032492 0.6800800608130976 0.5419296185929853 0.5011447706041281 1.8452580661605196 1.3470383882971793
3.0 0.725 0.0 -0.1284246410672456 0.6970028426278118 0.5775946471564658 0.5136985642723866 1.731317983854355 1.2552055382944074
3.0 0.72 0.0 -0.13137267671109448 0.7175313499756766 0.6155839654877122 0.5254907068482974 1.624473761605737 1.1696211083561305
3.0 0.715 0.0 -0.13412146395253122 0.7401950882549855 0.6532963586484045 0.536485855816536 1.5306988731253388 1.0944496942846171
3.0 0.71 0.0 -0.13667837565963686 0.7633398875687372 0.6886063323821648 0.5467135026479136 1.452208544961531 1.0310680669226868
3.0 0.705 0.0 -0.13906068317348463 0.7858293390178084 0.7205592238175513 0.5562427327115504 1.3878109764551487 0.9784067384008798
3.0 0.7 0.0 -0.14128850826202755 0.8071334663409703 0.7490962476825056 0.5651540331411339 1.3349419424990052 0.9344593597493036
3.0 0.695 0.0 -0.14338081589074653 0.8271071098847221 0.7745608229502351 0.5735232642015329 1.2910541953194672 0.8972826657470296
3.0 0.69 0.0 -0.14535403494904237 0.8457861882465227 0.7973941952004555 0.581416142914007 1.254084875484467 0.8653185640842821
3.0 0.685 0.0 -0.14722195339812794 0.8632744429801557 0.8180108607610007 0.5888878286102928 1.2224776564331843 0.8373971946567313
3.0 0.68 0.0 -0.1489960485376457 0.8796930506209159 0.8367643891431213 0.5959842374037967 1.195079538487576 0.8126540861715518
3.0 0.675 0.0 -0.15068589687783812 0.8951575503308921 0.8539435817819867 0.6027437080665092 1.1710375501777608 0.7904503463699886
3.0 0.67 0.0 -0.15229954436483123 0.9097721179465995 0.8697827767202186 0.6091985031702831 1.149712349755654 0.7703072743362883
3.0 0.665 0.0 -0.15384380962316113 0.9236281397527565 0.8844723440285364 0.6153757851089587 1.1306176012754292 0.7518607048481605
3.0 0.66 0.0 -0.15532452352351284 0.9368034466649473 0.8981661794237046 0.6212989986392237 1.1133797095785054 0.7348306083218136
3.0 0.655 0.0 -0.15674671625439152 0.9493656792436806 0.9109915275120473 0.6269878192382683 1.0977050497176832 0.7189968075650826
3.0 0.65 0.0 -0.1581147633257038 0.9613722621739555 0.9230520184770338 0.632460601449374 1.083362562437082 0.7041856655841033
3.0 0.645 0.0 -0.15943250006913479 0.9728736349662941 0.9344360923852869 0.6377316191851838 1.0701641430045274 0.6902558722379202
3.0 0.64 0.0 -0.16070331209439614 0.9839129686542206 0.9452165811415785 0.6428149376452431 1.0579585884880027 0.6770934966323218
3.0 0.635 0.0 -0.16193020735869168 0.9945280728717224 0.9554556798069447 0.6477225887853003 1.0466210219212426 0.6646043489199891
3.0 0.63 0.0 -0.16311587409449885 1.0047520394095797 0.9652064620374897 0.6524653253603809 1.0360477673233386 0.6527100934137033
3.0 0.625 0.0 -0.16426272778060558 1.0146139816011968 0.9745145377654086 0.6570528091359844 1.0261519569456914 0.6413449730910571
3.0 0.62 0.0 -0.1653729495535613 1.024139640341522 0.98341935958774 0.6614937645284272 1.0168601932132095 0.6304533197921899
3.0 0.615 0.0 -0.16644851787539128 1.0333518835781434 0.9919557696579862 0.6657954236924488 1.008109464744368 0.6199873208177863
3.0 0.61 0.0 -0.16749123484216322 1.0422711143049215 1.0001528132709399 0.6699663391645228 0.9998472100773881 0.6099067981472067
3.0 0.605 0.0 -0.16850274820116423 1.050915619848063 1.008037417380507 0.674012439992027 0.9920266676197468 0.6001761339099468
3.0 0.6 0.0 -0.16948456990024297 1.0593018517995736 1.0156329500343684 0.6779397734800754 0.9846076773761236 0.5907646064256742
3.0 0.595 0.0 -0.17043809181744946 1.0674446674512807 1.0229601623660964 0.6817539070868708 0.9775551744722983 0.5816453288110175
3.0 0.59 0.0 -0.17136459917922026 1.0753575317509645 1.0300375598048217 0.6854599816694531 0.9708383839803731 0.5727946465484202
3.0 0.585 0.0 -0.17226528207150854 1.0830526884109986 1.0368817102940817 0.6890627575274196 0.9644301660180492 0.5641916471205588
3.0 0.58 0.0 -0.1731412453672172 1.0905413055679494 1.0435075019774382 0.6925666541122464 0.9583064789711699 0.5558177578032786
3.0 0.575 0.0 -0.17399351733045942 1.0978336003473728 1.0499283598678586 0.6959757844439514 0.9524459365264288 0.5476564135026966
3.0 0.57 0.0 -0.1748230571089034 1.104938945860591 1.0561564290140408 0.6992939850801478 0.9468294397767716 0.5396927806727597
3.0 0.565 0.0 -0.17563076128664684 1.1118659635026424 1.0622027301354484 0.7025248423272517 0.9414398698377319 0.5319135264583185
3.0 0.56 0.0 -0.17641746963921967 1.1186226028961117 1.0680772925035933 0.705671715260238 0.9362618295685149 0.5243066245583684
3.0 0.555 0.0 -0.17718397020766335 1.1252162114056496 1.0737892679155403 0.7087377560187358 0.931281425396641 0.5168611910951358
3.0 0.55 0.0 -0.17793100378881782 1.1316535948103719 1.0793470288740796 0.7117259277679491 0.9264860820927534 0.5095673451510144
3.0 0.545 0.0 -0.178659267922876 1.1379410704487747 1.0847582535110076 0.7146390206487087 0.9218643847726691 0.5024160897011046
3.0 0.54 0.0 -0.179369420446239 1.1440845139297373 1.0900299993304072 0.7174796659887153 0.9174059435192503 0.4953992095003952
3.0 0.535 0.0 -0.1800620826669952 1.150089400323195 1.0951687674813602 0.7202503490043112 0.913101276892486 0.48850918313748004
3.0 0.53 0.0 -0.18073784221157324 1.1559608405968098 1.100180558974032 0.7229534201869457 0.9089417112883225 0.4817391069828109
3.0 0.525 0.0 -0.1813972555838374 1.161703613944044 1.105070924014209 0.725591105539437 0.9049192936571572 0.47508262917000754
3.0 0.52 0.0 -0.18204085047187452 1.1673221965492613 1.109845005437221 0.7281655158030054 0.9010267155331768 0.46853389207725193
3.0 0.515 0.0 -0.18266912783267575 1.1728207872529093 1.1145075770637245 0.7306786547958941 0.8972572466798248 0.46208748204010974
3.0 0.51 0.0 -0.18328256378069785 1.1782033305111212 1.1190630776697386 0.733132426967522 0.893604676943084 0.4557383852409728
3.0 0.505 0.0 -0.18388161130274377 1.1834735369867628 1.1235156411561582 0.7355286442579212 0.8900632651370532 0.4494819488942119
3.0 0.5 0.0 -0.18446670181859803 1.1886349020609295 1.1278691234142662 0.7378690323401939 0.8866276939764226 0.4433138469882113
3.0 0.495 0.0 -0.1850382466043039 1.1936907225135103 1.1321271263100194 0.7401552363135504 0.883293030226503 0.43723004996211895
3.0 0.49 0.0 -0.18559663809297028 1.1986441115873707 1.1362935508153569 0.742388131184744 0.8800542775961737 0.4312265960221251
3.0 0.485 0.0 -0.18614225106505122 1.2034980126218773 1.1403704943866868 0.7445705997064205 0.8769079916767044 0.42530037596320164
3.0 0.48 0.0 -0.18667544374171607 1.2082552114169671 1.1443614431108367 0.7467033868769418 0.8738497841045711 0.41944789637019414
3.0 0.475 0.0 -0.18719655878814623 1.2129183474681096 1.148269177104963 0.7487878626796418 0.8708759408845391 0.4136660719201561
3.0 0.47 0.0 -0.187705924237825 1.2174899241946635 1.1520963096502974 0.7508253392454335 0.867982990331369 0.40795200545574345
3.0 0.465 0.0 -0.18820385434464038 1.2219723182688296 1.1558453004450218 0.752817073588117 0.8651676825739409 0.40230297239688256
3.0 0.46 0.0 -0.1886906503698042 1.226367788139273 1.1595184671498762 0.7547642707513607 0.8624269714806903 0.39671640688111753
3.0 0.455 0.0 -0.18916660130968144 1.2306784818321217 1.1631179958715159 0.7566680867199822 0.859757998371186 0.39118988925888964
3.0 0.45 0.0 -0.1896319845699418 1.2349064441022894 1.1666459506986728 0.7585296311165438 0.8571580773079673 0.38572113478858533
3.0 0.445 0.0 -0.19008706659088326 1.2390536229995548 1.1701042823915393 0.7603499697025997 0.8546246817900123 0.38030798339655547
3.0 0.44 0.0 -0.19053210342823057 1.2431218759064424 1.1734948363126214 0.7621301267018836 0.8521554326921623 0.3749483903845514
3.0 0.435 0.0 -0.19096734129329263 1.2471129750985666 1.176819359676814 0.7638710869609132 0.8497480873144598 0.36964041798179004
3.0 0.43 0.0 -0.1913930170559503 1.2510286128724433 1.1800795081893074 0.7655737979609235 0.8474005294222775 0.3643822276515793
3.0 0.425 0.0 -0.1918093587136001 1.2548704062808995 1.1832768521320447 0.7672391716936139 0.8451107601726393 0.3591720730733717
3.0 0.42 0.0 -0.19221658582886064 1.2586399015118794 1.1864128819525437 0.768868086411968 0.8428768898347143 0.35400829373058
3.0 0.415 0.0 -0.19261490993859182 1.2623385779426926 1.189489013402892 0.7704613882663103 0.8406971302233373 0.34888930904268495
3.0 0.41 0.0 -0.19300453493651776 1.2659678518984 1.1925065922714615 0.7720198928347757 0.8385697877738529 0.3438136129872797
3.0 0.405 0.0 -0.19338565743152775 1.2695290801400791 1.1954668987452663 0.7735443865565107 0.8364932571948049 0.338779769163896
3.0 0.4 0.0 -0.19375846708355016 1.2730235631061502 1.198371151436865 0.775035628075143 0.8344660156421364 0.3337864062568546
3.0 0.395 0.0 -0.1941231469186998 1.2764525479276094 1.2012205111061143 0.7764943494993708 0.8324866173648455 0.328832213859114
3.0 0.39 0.0 -0.19447987362526897 1.2798172312359752 1.2040160841039553 0.777921257586902 0.8305536887775159 0.3239159386232312
3.0 0.385 0.0 -0.19482881783196915 1.2831187617809572 1.2067589255626368 0.7793170348574171 0.828665923919943 0.31903638070917806
3.0 0.38 0.0 -0.1951701443697223 1.2863582428732072 1.2094500423543117 0.7806823406397267 0.8268220802683202 0.3141923905019617
3.0 0.375 0.0 -0.19550401251819016 1.2895367346661029 1.2120903958377724 0.782017812057868 0.8250209748661693 0.3093828655748135
3.0 0.37 0.0 -0.19583057623811156 1.292655256289194 1.2146809044111437 0.7833240649604537 0.8232614807464869 0.3046067478762001
3.0 0.365 0.0 -0.19614998439044773 1.2957147878447965 1.2172224458866436 0.7846016947972367 0.8215425236194889 0.2998630211211134
3.0 0.36 0.0 -0.19646238094323715 1.2987162722782009 1.2197158597019737 0.7858512774465299 0.8198630788029113 0.29515070836904805
3.0 0.355 0.0 -0.19676790516700243 1.3016606171309997 1.2221619489815314 0.787073369996811 0.8182221683741124 0.2904688697728099
3.0 0.35 0.0 -0.1970666918194628 1.3045486961862325 1.2245614824594202 0.7882685114855794 0.8166188585252503 0.28581660048383756
3.0 0.345 0.0 -0.19735887132010405 1.3073813510132697 1.2269146457824882 0.7894379320085667 0.8150526228026489 0.2811931548669139
3.0 0.34 0.0 -0.1976445699162555 1.3101593924197104 1.2292232468750968 0.7905807172260146 0.8135218745188696 0.2765974373364157
3.0 0.335 0.0 -0.19792390983874997 1.312883601816899 1.2314874107935019 0.791698065214316 0.8120261654608841 0.2720287654293962
3.0 0.33 0.0 -0.19819700945109636 1.3155547325051886 1.2337077843617985 0.7927904509476404 0.8105647161149296 0.2674863563179268
3.0 0.325 0.0 -0.19846398339013183 1.318173510884515 1.2358849890738504 0.7938583329879216 0.809136779587704 0.2629694533660038
3.0 0.32 0.0 -0.19872494269966012 1.3207406375954045 1.2380196212165742 0.7949021555219202 0.8077416406513189 0.2584773250084221
3.0 0.315 0.0 -0.19897999495732682 1.3232567885951507 1.2401122530786564 0.7959223488719623 0.8063786141274206 0.2540092634501375
3.0 0.31 0.0 -0.19922924439514816 1.3257226161734916 1.2421634340878671 0.7969193299780506 0.8050470433742157 0.24956458344600688
3.0 0.305 0.0 -0.1994727920140662 1.328138749911793 1.2441736918797281 0.7978935028560765 0.8037462988701967 0.24514262115540997
3.0 0.3 0.0 -0.19971073569288117 1.3305057975894188 1.2461435333023365 0.7988452590335515 0.8024757768873982 0.24074273306621946
3.0 0.295 0.0 -0.19994317029188724 1.3328243460407074 1.2480734453618043 0.7997749779641325 0.8012348982476025 0.23636429498304273
3.0 0.29 0.0 -0.20017018775151074 1.3350949619656922 1.2499638961123574 0.800683027422181 0.8000231071554977 0.23200670107509433
3.0 0.285 0.0 -0.20039187718623774 1.3373181926974762 1.2518153354948673 0.8015697638784571 0.7988398701032691 0.22766936297943166
3.0 0.28 0.0 -0.20060832497408565 1.3394945669289622 1.2536281961272577 0.802435532858012 0.7976846748415736 0.22335170895564063
3.0 0.275 0.0 -0.20081961484187327 1.3416245954014259 1.2554028940499746 0.8032806692812493 0.7965570294122585 0.2190531830883711
3.0 0.27 0.0 -0.20102582794650548 1.343708771557258 1.257139829429464 0.804105497789073 0.7954564612385533 0.2147732445344094
3.0 0.265 0.0 -0.2012270429524976 1.345747572158999 1.258839387222357 0.804910333052973 0.7943825162688236 0.21051136681123828
3.0 0.26 0.0 -0.20142333610592977 1.3477414578766975 1.260501937802898 0.8056954800708379 0.793334758170255 0.2062670371242663
3.0 0.255 0.0 -0.20161478130502009 1.3496908738454 1.2621278375559126 0.8064612344492454 0.7923127675691566 0.20203975573013494
3.0 0.25 0.0 -0.20180145016749296 1.3515962501945413 1.2637174294374782 0.8072078826729316 0.7913161413348019 0.19782903533370047
3.0 0.245 0.0 -0.20198341209490167 1.3534580025507996 1.2652710435052918 0.8079357023620739 0.7903444919039733 0.19363440051647346
3.0 0.24 0.0 -0.20216073433406057 1.355276532515938 1.2667889974205733 0.8086449625180167 0.7893974466435949 0.18945538719446278
3.0 0.235 0.0 -0.20233348203572732 1.357052228121015 1.268271596923224 0.8093359237580041 0.7884746472490276 0.18529154210352147
3.0 0.23 0.0 -0.20250171831067376 1.3587854642582473 1.2697191362818339 0.8100088385394494 0.7875757491757882 0.1811424223104313
3.0 0.225 0.0 -0.20266550428326757 1.3604766030917712 1.2711318987200124 0.8106639513742604 0.7867004211026147 0.17700759474808833
3.0 0.22 0.0 -0.20282489914268065 1.3621259944483899 1.2725101568204196 0.8113014990336782 0.7858483444239597 0.17288663577327112
3.0 0.215 0.0 -0.2029799601918446 1.3637339761894092 1.273854172907783 0.8119217107440833 0.7850192127701199 0.16877913074557577
3.0 0.21 0.0 -0.20313074289424637 1.3653008745644961 1.2751641994120773 0.8125248083741804 0.7842127315533611 0.16468467362620584
3.0 0.205 0.0 -0.20327730091850083 1.3668270046279014 1.2764399249174527 0.8131117128516445 0.7834289577432874 0.1606029363373739
3.0 0.2 0.0 -0.20341968618180495 1.3683126702549286 1.2776827006506835 0.8136812077616926 0.782666932479192 0.1565333864958384
3.0 0.195 0.0 -0.20355794888981127 1.369758164885208 1.278892190298132 0.8142342089884459 0.7819267390841464 0.15247571412140856
3.0 0.19 0.0 -0.20369213757641624 1.3711637715328062 1.280068607942784 0.8147709132823275 0.7812081272792978 0.1484295441830666
3.0 0.185 0.0 -0.20382229914097327 1.372529763130613 1.2812121613566099 0.8152915082707228 0.7805108553927176 0.14439450824765276
3.0 0.18 0.0 -0.20394847888402556 1.3738564027939826 1.2823230502440874 0.815796175176442 0.7798346912735072 0.1403702444292313
3.0 0.175 0.0 -0.20407072054146502 1.3751439440717634 1.2834014664864337 0.8162850889637288 0.7791794119868808 0.13635639709770414
3.0 0.17 0.0 -0.20418906631717448 1.3763926311853354 1.2844475943804 0.8167584184688679 0.7785448035210705 0.132352616598582
3.0 0.165 0.0 -0.20430355691421342 1.3776026992561632 1.2854616108649537 0.8172163265249309 0.7779306605096716 0.12835855898409582
3.0 0.16 0.0 -0.20441423156461225 1.3787743745224206 1.2864436857364294 0.8176589700809386 0.7773367859686344 0.12437388575498151
3.0 0.155 0.0 -0.20452112805781963 1.3799078745451323 1.287393981852682 0.8180865003156543 0.7767629910471581 0.1203982636123095
3.0 0.15 0.0 -0.20462428276785594 1.3810034084043137 1.2883126553267996 0.8184990627461972 0.7762090947917726 0.11643136421876588
3.0 0.145 0.0 -0.20472373067922645 1.3820611768855215 1.2891998557108377 0.8188967973316875 0.7756749239229639 0.11247286396882976
3.0 0.14 0.0 -0.20481950541146166 1.383081371794538 1.2900551713342128 0.8192805427769361 0.7751606460100235 0.1085224904414033
3.0 0.135 0.0 -0.2049116392433541 1.384064179518547 1.2908798638706391 0.819649000516766 0.774665426263254 0.10457983254553929
3.0 0.13 0.0 -0.2050001631343551 1.385009776186063 1.2916734974759159 0.8200030138920771 0.7741894541880121 0.10064462904444157
3.0 0.125 0.0 -0.20508510674663016 1.3859183310928098 1.2924361941065274 0.8203427053896886 0.7737325870011779 0.09671657337514723
3.0 0.12 0.0 -0.20516649846519586 1.3867900060421794 1.2931680729258033 0.8206681885981878 0.7732946868518737 0.09279536242222484
3.0 0.115 0.0 -0.2052443654172168 1.3876249554818076 1.2938692474687135 0.8209795720546742 0.7728756224451347 0.0888806965811905
3.0 0.11 0.0 -0.2053187334903277 1.3884233266329218 1.294539825751382 0.8212769593380548 0.7724752689007277 0.08497227957908005
3.0 0.105 0.0 -0.20538962735000155 1.3891852596126584 1.2951799103892396 0.8215604491386286 0.7720935076112094 0.08106981829917699
3.0 0.1 0.0 -0.20545707045582284 1.3899108904496578 1.29578903623701 0.821830850525394 0.7717305610981355 0.07717305610981356
3.0 0.095 0.0 -0.20552108507774947 1.3906003396335074 1.2963684427438076 0.822086793763718 0.7713856393198419 0.07328163573538499
3.0 0.09 0.0 -0.20558169230970202 1.3912537294781413 1.296917636651768 0.8223291011664631 0.7710589876637689 0.0693953088897392
3.0 0.085 0.0 -0.20563891208413054 1.3918711727744322 1.2974366956620649 0.8225578580241557 0.7707505139506734 0.06551379368580725
3.0 0.08 0.0 -0.20569276318482776 1.3924527757237837 1.2979256968914354 0.8227731395508655 0.7704601291083342 0.06163681032866673
3.0 0.075 0.0 -0.20574326325912196 1.3929986380229409 1.298384712664075 0.8229750163737057 0.7701877496294315 0.05776408122220736
3.0 0.07 0.0 -0.2057904288291058 1.3935088463924554 1.2988132488836974 0.8231642626897788 0.7699336304580192 0.05389535413206135
3.0 0.065 0.0 -0.20583427530296772 1.3939835010544661 1.2992125239695882 0.8233394832941923 0.7696970138069634 0.05003030589745262
3.0 0.06 0.0 -0.20587481698378318 1.3944226759398852 1.299582008682527 0.8235014762571569 0.7694781809220079 0.04616869085532047
3.0 0.055 0.0 -0.20591206707938026 1.3948264454637185 1.299921750622659 0.8236503022136705 0.7692770734246139 0.042310239038353764
3.0 0.05 0.0 -0.20594603771038533 1.3951948903014508 1.3002312406000802 0.8237867246252927 0.7690939648077383 0.038454698240386914
3.0 0.045 0.0 -0.20597673991862753 1.3955280468616291 1.3005116847592335 0.8239093008170781 0.7689281163091835 0.034601765233913256
3.0 0.04 0.0 -0.20600418367299156 1.3958259844510321 1.3007625293768077 0.824018831392231 0.7687798329177714 0.03075119331671086
3.0 0.035 0.0 -0.20602837787630668 1.3960887316490727 1.3009832299983932 0.8241160747102785 0.7686494160276263 0.026902729560966922
3.0 0.03 0.0 -0.20604933037148065 1.3963163780814405 1.3011750259768216 0.8241995590541296 0.7685361154616976 0.023056083463850928
3.0 0.025 0.0 -0.20606704794526542 1.396508937978257 1.3013373213609398 0.8242700872447215 0.7684402680115245 0.019211006700288115
3.0 0.02 0.0 -0.20608153633319282 1.3966664737983003 1.3014696700945967 0.8243282944593147 0.7683621239727512 0.015367242479455024
3.0 0.015 0.0 -0.20609280022334242 1.3967888914819289 1.3015725545883299 0.8243735412066826 0.7683013877903155 0.011524520816854733
3.0 0.01 0.0 -0.20610084325889122 1.3968764559690074 1.3016461917003639 0.8244057303009452 0.7682579232177386 0.007682579232177386
3.0 0.005 0.0 -0.20610566804050612 1.3969287907700183 1.3016905450723653 0.8244247006579317 0.7682317458520118 0.0038411587292600594
3.0 0.0 0.0 -0.20610727612775714 1.3969466684631437 1.3017054372372538 0.8244311420779775 0.7682229568944607 0.0
2.0 0.9999 0.0 -9.999574859850061e-9 0.9998000200145728 0.5000641760145615 4.0048010081190086e-8 1.999743328886012 1.9995433545531234
2.0 0.995 0.0 -2.4946066625431634e-5 0.9900502722445491 0.5032540807658971 9.978590605796156e-5 1.9870678415128014 1.9771325023052373
2.0 0.99 0.0 -9.956125629476717e-5 0.9802022294577325 0.5066544936233126 0.0003982467675219603 1.9737316308961423 1.953994314587181
2.0 0.985 0.0 -0.00022349388968012488 0.9704577175111856 0.5102121932877808 0.0008939791642738127 1.959968838761089 1.9305693061796727
2.0 0.98 0.0 -0.0003963678951113478 0.9608187742376114 0.5139374087032317 0.0015854753553933938 1.945762233037682 1.9068469883769283
2.0 0.975 0.0 -0.0006177807530438656 0.9512876589901005 0.5178422914281645 0.002471126982269849 1.9310898637538585 1.882812617160012
2.0 0.97 0.0 -0.0008873012090329457 0.9418668801301735 0.5219399370780748 0.0035492090286858226 1.9159292649614088 1.8584513870125665
2.0 0.965 0.0 -0.0012044667209820032 0.932559230565907 0.5262448325281303 0.004817871328802673 1.900256189112404 1.8337472224934697
2.0 0.96 0.0 -0.0015687805999587256 0.9233678289944266 0.5307730480808872 0.0062751271303145215 1.8840444208983365 1.8086826440624029
2.0 0.955 0.0 -0.001979708795953876 0.9142961688018721 0.5355424688200451 0.007918840237511658 1.867265545164493 1.7832385956320909
2.0 0.95 0.0 -0.002436676270088146 0.9053481763863183 0.5405730711740173 0.009746710500206032 1.8498886706069149 1.757394237076569
2.0 0.945 0.0 -0.0029390628824285886 0.8965282811627245 0.5458872545399701 0.01175625736517579 1.8318801028661487 1.7311266972085104
2.0 0.94 0.0 -0.0034861987090092977 0.8878414939145998 0.5515098940631773 0.013944798144801877 1.8132040979947435 1.7044118521150589
2.0 0.935 0.0 -0.004077358681843762 0.8792935327158438 0.5574701585183247 0.016309438337783873 1.7938179913663106 1.6772198219275005
2.0 0.93 0.0 -0.004711756420134324 0.8708909173243932 0.563800175069314 0.018847029638348528 1.7736780586793173 1.6495205945717653
2.0 0.925 0.0 -0.005388537087842947 0.862641145686191 0.5705370094968389 0.02155415271117582 1.7527346751473805 1.621279574511327
2.0 0.92 0.0 -0.006106769069052274 0.8545528721154041 0.577722853661171 0.02442707886402089 1.7309337750147071 1.5924590730135306
2.0 0.915 0.0 -0.006865434194564906 0.8466361999320837 0.5854077624973214 0.027461739677048142 1.7082110352176543 1.5630130972241538
2.0 0.91 0.0 -0.007663416174525695 0.838902918212545 0.5936484390405399 0.03065366647164052 1.684498659873863 1.5328937804852154
2.0 0.905 0.0 -0.008499486784429949 0.8313670050100473 0.602513107224913 0.033997949163665685 1.6597149306939616 1.5020420122780354
2.0 0.9 0.0 -0.009372289201277442 0.8240450552501177 0.6120809771625498 0.037489158088599435 1.6337707547059266 1.470393679235334
2.0 0.895 0.0 -0.010280317673260899 0.8169570964189309 0.6224481714111499 0.04112127152536731 1.6065594629877435 1.4378707193740305
2.0 0.89 0.0 -0.011221892395503866 0.8101275178078934 0.6337309478666028 0.04488757057251522 1.577956707600297 1.4043814697642643
2.0 0.885 0.0 -0.012195128002429348 0.8035863373327794 0.6460705862788643 0.048780512681710284 1.547818491102718 1.3698193646259054
2.0 0.88 0.0 -0.013197893380574192 0.7973712316735553 0.6596443326521103 0.052791573992398956 1.5159684552726838 1.3340522406399618
2.0 0.875 0.0 -0.01422775938990195 0.7915302131414758 0.6746761095409413 0.05691103789998234 1.4821926934398395 1.2969186067598595
2.0 0.87 0.0 -0.015281929256263892 0.7861257589587188 0.6914548232668902 0.061127717173867016 1.4462260820964965 1.2582166914239519
2.0 0.865 0.0 -0.016357143278912717 0.7812414521966802 0.7103648718007831 0.06542857323423865 1.4077272676293642 1.2176840864994
2.0 0.86 0.0 -0.01744954388976707 0.7769922584842939 0.7319287610113021 0.06979817561845428 1.3662531837364955 1.1749777380133861
2.0 0.855 0.0 -0.01855447637505348 0.773543083323894 0.7568895204978807 0.07421790553284296 1.321196783570476 1.129623249952757
2.0 0.85 0.0 -0.019666178389730123 0.7711424673172617 0.7863534834978725 0.07866471357869466 1.2716927196046504 1.0809388116639527
2.0 0.845 0.0 -0.020777260707717266 0.7701918440120002 0.8220833844017107 0.08310904286284312 1.216421617288582 1.0278762666088517
2.0 0.84 0.0 -0.02187774902057847 0.7714056880889646 0.8671623302061288 0.08751099608647221 1.1531866239649675 0.9686767641305727
2.0 0.835 0.0 -0.022953034111714468 0.7762783795831382 0.9279192273325287 0.09181213644849597 1.0776800076388982 0.8998628063784799
2.0 0.83 0.0 -0.023978210291089902 0.7889880245859022 1.0215336587527364 0.0959128411658854 0.978920265065932 0.8125038200047235
2.0 0.825 0.0 -0.02488672001433423 0.8450933684725105 1.2853676502984843 0.09954688005926145 0.7779875273566927 0.6418397100692714
2.0 0.82 0.0 -0.025220672366481206 1.0971889988757237 2.0520044798906056 0.10088268947376325 0.48732837077105745 0.3996092640322671
2.0 0.815 0.0 -0.0254288918212644 1.1540811450155264 2.1945251751438763 0.10171556732528533 0.4556794386897104 0.37137874253211395
2.0 0.81 0.0 -0.025584413700794256 1.1953699850959105 2.295542785382645 0.10233765597356376 0.4356268183576067 0.35285772286966144
2.0 0.805 0.0 -0.025704098779586765 1.228955297159244 2.377008801161815 0.10281641272937433 0.42069680158997647 0.3386609252799311
2.0 0.8 0.0 -0.025796710285790253 1.2577490806740326 2.4467730415069835 0.10318694011295866 0.40870157674456536 0.3269612613956523
2.0 0.795 0.0 -0.025867719349216278 1.2832021140426548 2.5086494462429463 0.10347112534142577 0.39862086011963127 0.31690358379510686
2.0 0.79 0.0 -0.02592089681183249 1.306156219790082 2.564803166164215 0.10368408308905142 0.3898934675348001 0.3080158393524921
2.0 0.785 0.0 -0.02595901056045838 1.3271534173860047 2.616600755216285 0.10383671720820815 0.3821752317415888 0.3000075569171472
2.0 0.78 0.0 -0.02598418343301173 1.34656432128125 2.6649564003626085 0.10393763570459646 0.37524066054661703 0.2926877152263613
2.0 0.775 0.0 -0.025998097183472874 1.3646568836265567 2.7105215996736742 0.10399339043791715 0.3689326807505951 0.2859228275817112
2.0 0.77 0.0 -0.026002117784476392 1.381631235529516 2.7537712514680774 0.10400957379859684 0.3631383686887154 0.2796165438903109
2.0 0.765 0.0 -0.02599737690692247 1.3976417906807759 2.7950691090320112 0.10399052955102933 0.3577729068553586 0.27369627374434935
2.0 0.76 0.0 -0.025984827319308512 1.412810415639315 2.8346909394733606 0.10394042074439248 0.35277214389579403 0.2681068293608035
2.0 0.755 0.0 -0.0259652819398683 1.4272353543986733 2.8728638631750756 0.10386215163724134 0.3480847153316916 0.26280396007542717
2.0 0.75 0.0 -0.02593944219272376 1.4409970888817745 2.909762494315799 0.10375887237547293 0.34367066107749106 0.2577529958081183
2.0 0.745 0.0 -0.025907919123105194 1.454162548602216 2.9455359240925634 0.10363286074747408 0.33949679303540387 0.25292511081137586
2.0 0.74 0.0 -0.02587124945604466 1.4667880813182692 2.9803084949864163 0.10348608157775503 0.33553573453293056 0.2482964435543686
2.0 0.735 0.0 -0.025829908037058563 1.4789216487440533 3.014177193454069 0.10332078769316105 0.33176549878079964 0.24384764160388772
2.0 0.73 0.0 -0.02578431762781086 1.4906044694863594 3.04723083688466 0.10313849860600537 0.32816680242785645 0.2395617657723352
2.0 0.725 0.0 -0.02573485672578238 1.5018722687871264 3.079545900280297 0.1029405463024075 0.32472320023188517 0.23542432016811674
2.0 0.72 0.0 -0.02568186588621013 1.5127562470535407 3.1111805696048145 0.10272864762898141 0.3214213953923674 0.23142340468250452
2.0 0.715 0.0 -0.025625652892691475 1.5232838397314628 3.1421923664602867 0.10250386096810485 0.3182491341631355 0.22754813092664186
2.0 0.71 0.0 -0.02556649702558733 1.533479320792608 3.1726319834790244 0.10226712414661863 0.31519571296240495 0.2237889562033075
2.0 0.705 0.0 -0.025504652618986434 1.5433642876472884 3.202536011975576 0.10201980483027713 0.31225253869452085 0.2201380397796372
2.0 0.7 0.0 -0.02544035205139969 1.5529580546417827 3.2319440610183943 0.10176266138899585 0.3094112958393523 0.21658790708754658
2.0 0.695 0.0 -0.02537380827570504 1.5622779753225544 3.2608888595280785 0.10149654538139674 0.3066648521546735 0.21313207224749806
2.0 0.69 0.0 -0.02530521697697402 1.5713397086170082 3.2894024225804706 0.10122205851936877 0.3040065858574762 0.20976454424165855
2.0 0.685 0.0 -0.02523475842220127 1.5801574403903889 3.317504939351009 0.100940277075404 0.301431352260662 0.20648047629855348
2.0 0.68 0.0 -0.025162599058643043 1.5887440691832078 3.3452224029570483 0.10065169279615256 0.29893378661940034 0.20327497490119226
2.0 0.675 0.0 -0.025088892898259524 1.5971113629505242 3.372575637612177 0.10035692146245083 0.29650928769325147 0.20014376919294474
2.0 0.67 0.0 -0.025013782726085065 1.6052700921436789 3.3995864388897545 0.10005635424446459 0.29415342659343663 0.19708279581760255
2.0 0.665 0.0 -0.02493740115726789 1.613230143350336 3.4262657354452157 0.09975087557068447 0.2918629426943903 0.19408885689176955
2.0 0.66 0.0 -0.024859871569384906 1.6210006168499924 3.4526317385285927 0.09944080512085643 0.28963413295452406 0.1911585277499859
2.0 0.655 0.0 -0.024781308923705614 1.6285899107783153 3.4786983097204085 0.09912660246376473 0.2874638473838717 0.188288820036436
2.0 0.65 0.0 -0.02470182049476108 1.6360057940771031 3.5044811631167856 0.09880852002056582 0.285348944238761 0.18547681375519465
2.0 0.645 0.0 -0.02462150651809969 1.6432554700007553 3.5299856003095478 0.09848730688623344 0.28328727457480535 0.18272029210074944
2.0 0.64 0.0 -0.024540460771046907 1.650345631629273 3.555225047215623 0.09816316688547254 0.28127614615653623 0.1800167335401832
2.0 0.635 0.0 -0.024458771090548337 1.6572825105820894 3.580209011763439 0.09783645108523122 0.2793133017414109 0.1773639466057959
2.0 0.63 0.0 -0.024376519839748673 1.6640719199218978 3.6049493440702745 0.09750731721402132 0.2773964082587969 0.17475973720304205
2.0 0.625 0.0 -0.024293784326868323 1.6707192920721816 3.6294477401962757 0.09717641343156139 0.27552401124968984 0.17220250703105616
2.0 0.62 0.0 -0.02421063718596292 1.6772297124376863 3.6537145057002993 0.09684386327862043 0.27369407172888355 0.1696903244719078
2.0 0.615 0.0 -0.02412714671939939 1.6836079493074263 3.6777562801585444 0.09650993968361699 0.2719049126215865 0.16722152126227569
2.0 0.61 0.0 -0.024043377209858552 1.6898584805296553 3.7015791376130927 0.09617489974643016 0.2701549697637519 0.16479453155588866
2.0 0.605 0.0 -0.02395938920423918 1.6959855173740217 3.7251919260917457 0.09583881654130835 0.26844254466350187 0.16240773952141863
2.0 0.6 0.0 -0.023875239771240897 1.701993025934442 3.7485932735715597 0.09550225269463643 0.2667667380855183 0.16006004285131098
2.0 0.595 0.0 -0.02379098273917568 1.7078847463749882 3.7717910186053705 0.09516525851757816 0.265126035633266 0.15774999120179325
2.0 0.59 0.0 -0.023706668911270906 1.7136642102781623 3.7947894357894274 0.094828036930184 0.2635192326005753 0.15547634723433942
2.0 0.585 0.0 -0.023622346264305094 1.7193347563188943 3.8175924314922427 0.09449077981213326 0.26194519659845256 0.15323794001009475
2.0 0.58 0.0 -0.02353806013088902 1.724899544457218 3.840203577334707 0.09415366846713766 0.2604028614269585 0.15103365962763593
2.0 0.575 0.0 -0.023453853367508853 1.7303615688168934 3.862629582407113 0.09381670686867388 0.2588909908821286 0.14886231975722392
2.0 0.57 0.0 -0.02336976650811448 1.735723669395331 3.8848666281495308 0.09348038880967731 0.25740909424124236 0.14672318371750814
2.0 0.565 0.0 -0.023285837908524426 1.740988542731659 3.9069207684625216 0.09314470378270703 0.2559560480653225 0.1446151671569072
2.0 0.56 0.0 -0.02320210387743682 1.746158751643739 3.928794474975665 0.09280979670888657 0.25453100343361534 0.1425373619228246
2.0 0.555 0.0 -0.023118598798986034 1.7512367341313642 3.950489984949647 0.09247580510065126 0.25313315659823044 0.1404889019120179
2.0 0.55 0.0 -0.023035355246154438 1.7562248115310644 3.9720093231167737 0.09214285922664894 0.25176174541688023 0.13846895997928413
2.0 0.545 0.0 -0.02295240408608884 1.761125195997827 3.993354316230024 0.09181108253248335 0.25041604646393173 0.1364767453228428
2.0 0.54 0.0 -0.022869774578300833 1.7659399973802175 4.014530236353657 0.0914804265975204 0.24909514715930656 0.13451137946602554
2.0 0.535 0.0 -0.02278749446469916 1.7706712295478368 4.035531381985916 0.09115133068160015 0.24779884117959508 0.13257238003108338
2.0 0.53 0.0 -0.022705590056217473 1.7753208162233143 4.056362595204626 0.09082373751311404 0.24652628470201005 0.13065893089206532
2.0 0.525 0.0 -0.02262408631098753 1.7798905963653575 4.077025040608891 0.09049774658386005 0.2452768845026895 0.12877036436391198
2.0 0.52 0.0 -0.02254300690866312 1.7843823291442453 4.097519734504699 0.09017345259177548 0.24405007536123025 0.12690603918783974
2.0 0.515 0.0 -0.02246237431966716 1.7887976985467349 4.117847560736629 0.08985094539885052 0.24284531791194164 0.12506533872464995
2.0 0.51 0.0 -0.022382209870010356 1.7931383176434759 4.138009278877043 0.08953031028977075 0.24166209706310188 0.12324766950218195
2.0 0.505 0.0 -0.022302533802310953 1.7974057325485768 4.158009266593771 0.08921146795241969 0.2404997045182627 0.12145235078172266
2.0 0.5 0.0 -0.02222336533163291 1.801601426097934 4.177840665570406 0.08889481376165262 0.23935809908716774 0.11967904954358387
2.0 0.495 0.0 -0.02214472270063242 1.8057268212702802 4.197507553830736 0.08858026280569647 0.2382366171294626 0.11792712547908399
2.0 0.49 0.0 -0.022066623228696486 1.8097832843725257 4.217010272351874 0.08826788400469451 0.23713482667005428 0.1161960650683266
2.0 0.485 0.0 -0.021989083359464756 1.8137721280088481 4.236349062874252 0.0879577431158692 0.23605231418808678 0.11448537238122208
2.0 0.48 0.0 -0.02191211870529952 1.8176946138511507 4.2555240811151664 0.08764990257244798 0.23498868316542307 0.11279456791940307
2.0 0.475 0.0 -0.021835744089172993 1.8215519552268025 4.274535401759434 0.0873444216504713 0.2339435531609802 0.1111231877514656
2.0 0.47 0.0 -0.02175997358415388 1.825345319538119 4.293383023119122 0.08704135662674652 0.2329165589501737 0.10947078270658164
2.0 0.465 0.0 -0.021684820550658596 1.829075830526677 4.312066871505969 0.08674076092785986 0.23190734972316293 0.10783691762127078
2.0 0.46 0.0 -0.021610297671617346 1.8327445703944225 4.330586805340057 0.08644268527085551 0.23091558833710424 0.10622117063506796
2.0 0.455 0.0 -0.021536416985990264 1.8363525817923776 4.348946548820439 0.08614702210721552 0.22994074283833846 0.104623037991444
2.0 0.45 0.0 -0.021463189919021797 1.839900869686898 4.367138039896829 0.08585412718133323 0.22898291532447745 0.10304231189601486
2.0 0.445 0.0 -0.021390627313676802 1.8433904031124704 4.385164810796712 0.08556388993464886 0.22804160006435803 0.10147851202863932
2.0 0.44 0.0 -0.021318739457629632 1.8468221168193397 4.403026494536421 0.08527635112094752 0.22711650752973414 0.09993126331308302
2.0 0.435 0.0 -0.0212475361101902 1.8501969128234974 4.420722663831228 0.08499154976441502 0.2262073593038628 0.09840020129718031
2.0 0.43 0.0 -0.021177026527557513 1.8535156618659594 4.438252843660198 0.08470952287818106 0.22531388706897254 0.09688497143965819
2.0 0.425 0.0 -0.021107219486768747 1.8567792047877052 4.455616514053058 0.08443030555914473 0.2244358321336655 0.09538522865680783
2.0 0.42 0.0 -0.021038123308423723 1.8599883538260713 4.47281311271384 0.08415393107887659 0.22357294499015154 0.09390063689586364
2.0 0.415 0.0 -0.020969745878261697 1.8631438938379894 4.489842037516009 0.08388043096992949 0.22272498489796463 0.09243086873265532
2.0 0.41 0.0 -0.020902094667655025 1.8662465834549824 4.506702648878629 0.08360983510782313 0.22189171949225958 0.09097560499182643
2.0 0.405 0.0 -0.02083517675308949 1.8692971561744767 4.523394272031843 0.08334217178896797 0.22107292441496915 0.08953453438806251
2.0 0.4 0.0 -0.020768998834686664 1.8722963213915962 4.539916199179613 0.08307746780476015 0.22026838296722423 0.0881073531868897
2.0 0.395 0.0 -0.020703567253825023 1.8752447653753448 4.556267691566794 0.08281574851207422 0.21947788578157998 0.0866937648837241
2.0 0.39 0.0 -0.020638888009914008 1.8781431521926988 4.572447981457056 0.0825570379003599 0.21870123051270668 0.0852934798999556
2.0 0.385 0.0 -0.020574966776365028 1.880992124583965 4.5884562740278305 0.08230135865553251 0.21793822154530018 0.08390621529494058
2.0 0.38 0.0 -0.02051180891580809 1.8837923047924157 4.604291749187633 0.0820487322208429 0.2171886697180814 0.08253169449287093
2.0 0.375 0.0 -0.020449419494593696 1.8865442953510756 4.619953563321007 0.08179917885488983 0.21645239206282413 0.08116964702355906
2.0 0.37 0.0 -0.020387803296621237 1.8892486798292452 4.635440850965719 0.0815527176869344 0.2157292115574436 0.07981980827625412
2.0 0.365 0.0 -0.0203269648365286 1.8919060235412488 4.65075272642653 0.08130936676966329 0.21501895689224565 0.07848191926566966
2.0 0.36 0.0 -0.02026690837227843 1.8945168742196155 4.66588828532955 0.08106914312953654 0.21432146224850523 0.07715572640946187
2.0 0.355 0.0 -0.02020763791717392 1.8970817626548404 4.680846606120805 0.08083206281485114 0.21363656708860576 0.07584098131645504
2.0 0.35 0.0 -0.020149157251331512 1.8996012033036778 4.695626751512483 0.08059814094163782 0.2129641159570222 0.07453744058495776
2.0 0.345 0.0 -0.02009146993264352 1.9020756948677604 4.710227769879858 0.08036739173750741 0.21230395829149182 0.07324486561056467
2.0 0.34 0.0 -0.020034579307251027 1.9045057208442748 4.724648696611923 0.08013982858354872 0.21165594824375125 0.07196302240287543
2.0 0.335 0.0 -0.019978488519557636 1.9068917500502707 4.73888855541823 0.07991546405438281 0.21101994450927644 0.07069168141060761
2.0 0.33 0.0 -0.019923200521804102 1.9092342371220612 4.752946359594574 0.07969430995646017 0.21039581016548645 0.06943061735461054
2.0 0.325 0.0 -0.019868718083226017 1.9115336229911257 4.76682111324961 0.079476377364696 0.20978341251792557 0.0681796090683258
2.0 0.32 0.0 -0.019815043798817544 1.913790335337772 4.780511812494595 0.07926167665752074 0.20918262295395815 0.06693843934526661
2.0 0.315 0.0 -0.019762180097716825 1.916004789023782 4.794017446598199 0.0790502175504255 0.20859331680354917 0.06570689479311799
2.0 0.31 0.0 -0.019710129251235442 1.918177386505171 4.807336999108086 0.07884200912807661 0.20801537320673208 0.06448476569408694
2.0 0.305 0.0 -0.01965889338054605 1.9203085182260977 4.820469448941007 0.0786370598750655 0.20744867498738875 0.06327184587115357
2.0 0.3 0.0 -0.01960847446404565 1.9223985629949307 4.833413771442812 0.07843537770536259 0.206893108532997 0.0620679325598991
2.0 0.295 0.0 -0.019558874344410004 1.9244478883433915 4.846168939419915 0.07823696999053176 0.20634856368001478 0.06087282628560436
2.0 0.29 0.0 -0.019510094735353867 1.9264568508696365 4.858733924143355 0.07804184358676837 0.20581493360460368 0.05968633074533506
2.0 0.285 0.0 -0.019462137228108384 1.9284257965661133 4.871107696326786 0.07785000486081024 0.20529211471840006 0.05850825269474401
2.0 0.28 0.0 -0.019415003297632294 1.9303550611329257 4.883289227079358 0.07766145971477752 0.20478000656907414 0.05733840183934076
2.0 0.275 0.0 -0.01936869430856586 1.932244970277459 4.895277488834613 0.07747621360998642 0.20427851174542172 0.056176590729990976
2.0 0.27 0.0 -0.019323211520940575 1.9340958400009196 4.907071456256233 0.07729427158978561 0.20378753578675884 0.055022634662424894
2.0 0.265 0.0 -0.019278556095655458 1.9359079768724239 4.918670107121527 0.07711563830145715 0.20330698709639902 0.053876351580545746
2.0 0.26 0.0 -0.01923472909972887 1.937681678291259 4.930072423183503 0.07694031801722204 0.2028367768590037 0.052737561983340966
2.0 0.255 0.0 -0.019191731511338267 1.9394172327378452 4.941277391012067 0.07676831465439363 0.20237681896162102 0.05160608883521336
2.0 0.25 0.0 -0.019149564224356652 1.9411149200139477 4.952279515532996 0.07659977060929778 0.20192721288519064 0.05048180322129766
2.0 0.245 0.0 -0.01910822805418466 1.9427750114726388 4.96308678220261 0.07643441053904974 0.20148751047149766 0.04936444006551693
2.0 0.24 0.0 -0.019067723740406245 1.9443977702384754 4.973693724974859 0.07627237637269312 0.20105781644306112 0.048253875946334665
2.0 0.235 0.0 -0.019028051952257208 1.9459834514183245 4.984099332873722 0.0761136715623592 0.2006380557875884 0.04714994311008327
2.0 0.23 0.0 -0.01898921329242681 1.9475323023032916 4.994302628338467 0.07595829853074658 0.2002281548430488 0.046052475613901224
2.0 0.225 0.0 -0.018951208300990258 1.9490445625620891 5.004302643406096 0.07580625944628089 0.199828042238342 0.04496130950362695
2.0 0.22 0.0 -0.018914037459182964 1.9505204644262775 5.014098420285052 0.07565755624245048 0.19943764884119486 0.04387628274506287
2.0 0.215 0.0 -0.01887770119302301 1.9519602328676882 5.02368901204897 0.07551219063231258 0.19905690770299858 0.0427972351561447
2.0 0.21 0.0 -0.01884219987649402 1.9533640857683736 5.033068956935272 0.07537029968743515 0.19868593268964835 0.04172404586482615
2.0 0.205 0.0 -0.01880753383605993 1.954732234083415 5.042246418896008 0.07523161206964407 0.19832430169466975 0.0406564818474073
2.0 0.2 0.0 -0.018773703352087223 1.9560648819968491 5.05121595969577 0.0750962650423905 0.19797213343858477 0.039594426687716955
2.0 0.195 0.0 -0.018740708663101402 1.957362227071029 5.0599766525392305 0.07496426046760944 0.19762937038418418 0.03853772722491592
2.0 0.19 0.0 -0.018708549968438765 1.9586244603896572 5.068527614440684 0.07483559916075017 0.19729595576255943 0.037486231594886295
2.0 0.185 0.0 -0.018677227430769855 1.9598517666947703 5.076863386025074 0.07471041691531875 0.1969720128283675 0.036439822373247985
2.0 0.18 0.0 -0.01864674118000309 1.9610443245178695 5.084992348065605 0.07458844206982583 0.19665712975564506 0.03539828335601611
2.0 0.175 0.0 -0.01861709131407474 1.9622023063054748 5.092909059125998 0.07446981100841582 0.1963514345908253 0.03436150105339442
2.0 0.17 0.0 -0.01858827790264253 1.9633258785392569 5.100612663745984 0.0743545250498626 0.19605487927122495 0.03332932947610824
2.0 0.165 0.0 -0.01856030098886957 1.9644152018510104 5.108097709563752 0.07424271951350142 0.19576759429008717 0.032301653057864387
2.0 0.16 0.0 -0.01853316059291435 1.965470431132587 5.115372773905203 0.0741341219233595 0.1954891743376456 0.0312782678940233
2.0 0.155 0.0 -0.01850685671228189 1.9664917156410355 5.122432416348518 0.07402886851389388 0.19521975474160408 0.030259061984948633
2.0 0.15 0.0 -0.018481389325140596 1.9674791990990694 5.1292758470785005 0.07392696037624594 0.1949592944137667 0.029243894162065003
2.0 0.145 0.0 -0.01845675839172259 1.9684330197910496 5.135897716599832 0.07382853015347804 0.1947079274511019 0.028232649480409776
2.0 0.14 0.0 -0.018432963857417634 1.9693533106546195 5.142306634461363 0.07373330933123769 0.19446526064751993 0.027225136490652793
2.0 0.135 0.0 -0.018410005652797656 1.9702401993681455 5.1484972539054334 0.07364143184545051 0.19423143311214588 0.026221243470139696
2.0 0.13 0.0 -0.01838788369627123 1.971093808434089 5.154464222917907 0.07355303098014417 0.19400658472975235 0.025220856014867808
2.0 0.125 0.0 -0.01836659789663192 1.9719142552584457 5.160216262935964 0.07346783861543207 0.19379032758426265 0.02422379094803283
2.0 0.12 0.0 -0.01834614815283378 1.9727016522263725 5.165748060692593 0.07338598836123215 0.1935828050944331 0.02322993661133197
2.0 0.115 0.0 -0.018326534356422258 1.9734561067741059 5.171054374883336 0.07330761117660632 0.1933841587234443 0.022239178253196094
2.0 0.11 0.0 -0.018307756393822455 1.9741777214572915 5.176143903973539 0.07323244311870074 0.1931940105514331 0.02125134116065764
2.0 0.105 0.0 -0.01828981414564415 1.9748665940158192 5.181006795367108 0.07316074685839197 0.19301267871221608 0.020266331264782687
2.0 0.1 0.0 -0.018272707490338408 1.9755228174352606 5.185651876773887 0.07309225709441605 0.19283978634950769 0.01928397863495077
2.0 0.095 0.0 -0.018256436303026674 1.9761464800050093 5.190069252389888 0.07302723797317076 0.19267565640661283 0.01830418735862822
2.0 0.09 0.0 -0.018241000459059104 1.9767376653731688 5.1942678415487515 0.07296542386688622 0.1925199143565601 0.017326792292090408
2.0 0.085 0.0 -0.018226399832693224 1.977296452598331 5.198237802914183 0.07290707778303325 0.19237288441082673 0.016351695174920272
2.0 0.08 0.0 -0.018212634300514674 1.977822916198261 5.2019880442281075 0.07285193662700003 0.1922341980600196 0.015378735844801568
2.0 0.075 0.0 -0.018199703740026246 1.9783171261955854 5.205508893937784 0.0728002591801938 0.19210417662806742 0.014407813247105055
2.0 0.07 0.0 -0.018187608032588398 1.9787791481605468 5.208804465402618 0.07275191842993564 0.1919826337583022 0.013438784363081156
2.0 0.065 0.0 -0.018176347063427495 1.9792090432508724 5.211879282194972 0.07270677729599143 0.1918693710762334 0.012471509119955171
2.0 0.06 0.0 -0.018165920721484347 1.9796068682488381 5.214723695857124 0.07266509498159661 0.19176471435954648 0.011505882861572789
2.0 0.055 0.0 -0.01815632890190369 1.9799726755955296 5.217341913947746 0.07262674450620941 0.1916684810950681 0.010541766460228745
2.0 0.05 0.0 -0.01814757150555793 1.9803065134224234 5.219733794762404 0.07259172112609533 0.19158065129747076 0.009579032564873538
2.0 0.045 0.0 -0.018139648439923384 1.98060842558025 5.221899148201069 0.07256002218602468 0.1915012089700157 0.008617554403650706
2.0 0.04 0.0 -0.01813255961963836 1.980878451665239 5.223837820397496 0.07253164476415797 0.19143013898618838 0.0076572055594475354
2.0 0.035 0.0 -0.018126304966706003 1.9811166270427474 5.225544988533376 0.07250671624989646 0.19136759939763992 0.0066978659789173976
2.0 0.03 0.0 -0.018120884412130167 1.9813229828683232 5.227030020253855 0.07248497090770083 0.19131323067309153 0.005739396920192746
2.0 0.025 0.0 -0.018116297894233996 1.9814975461062247 5.22828381010307 0.07246665643189633 0.1912673520262256 0.004781683800655641
2.0 0.02 0.0 -0.01811254536105139 1.9816403395454156 5.229311067832603 0.07245163797473463 0.19122977903367888 0.003824595580673578
2.0 0.015 0.0 -0.018109626769177517 1.9817513818130617 5.23010782818333 0.07244002197632282 0.19120064687984617 0.0028680097031976923
2.0 0.01 0.0 -0.018107542085198297 1.9818306873855616 5.230680072946349 0.07243164003999594 0.19117972922337761 0.0019117972922337763
2.0 0.005 0.0 -0.018106291284466697 1.981878266597098 5.231022044159768 0.07242664974866993 0.19116723109902797 0.0009558361554951399
2.0 0.0 0.0 -0.018105874352514983 1.9818941256457376 5.231136014696383 0.0724249869956099 0.19116306614674028 0.0
1.5 0.9999 0.0 -4.999399605951067e-9 0.999800030037519 1.0002722846458068 2.0026611608121623e-8 0.9997277894729402 0.9996278166939929
1.5 0.995 0.0 -1.2423341524124125e-5 0.9900760935424037 1.0139829616685683 4.969408508245539e-5 0.9862098652569482 0.9812788159306635
1.5 0.99 0.0 -4.9373039911670584e-5 0.9803091104705836 1.0289910928119812 0.0001974933826870553 0.9718257106261672 0.9621074535199055
1.5 0.985 0.0 -0.0001103354567175476 0.9707070979774004 1.0451519365935888 0.0004413432108123544 0.9567986863797524 0.9424467060840561
1.5 0.98 0.0 -0.00019474805387267099 0.9612796025944859 1.0626157496997668 0.0007789938060960801 0.9410739491509905 0.9222524701679707
1.5 0.975 0.0 -0.00030199250889915465 0.9520380578586578 1.0815623438839184 0.0012079718898404866 0.9245884027442877 0.9014736926756804
1.5 0.97 0.0 -0.00043138630780487183 0.9429963074305406 1.1022094322650366 0.0017255467389418306 0.9072685922719816 0.8800505345038222
1.5 0.965 0.0 -0.0005821723210336915 0.9341713426380205 1.1248270080820733 0.002328690543232848 0.8890255948824397 0.8579096990615543
1.5 0.96 0.0 -0.0007535056458903072 0.9255843272817983 1.1497519996859158 0.0030140236655575112 0.8697527817069903 0.8349626704387106
1.5 0.955 0.0 -0.0009444366449497194 0.9172621066221466 1.1774141267408742 0.003777747539136899 0.8493188397255237 0.8110994919378751
1.5 0.95 0.0 -0.001153888522084188 0.9092394720258506 1.2083729249885267 0.004615554711285984 0.8275590915027287 0.7861811369275922
1.5 0.945 0.0 -0.0013806267533497188 0.9015627661609386 1.243380273903375 0.005522507441254204 0.8042591803878911 0.7600249254665571
1.5 0.94 0.0 -0.0016232157976999537 0.8942957925616215 1.2834777645824265 0.006492863504367339 0.7791330925980984 0.7323851070422124
1.5 0.935 0.0 -0.0018799547553666283 0.8875302812164688 1.3301736165639684 0.007519819202015346 0.7517815626077032 0.7029157610382025
1.5 0.93 0.0 -0.002148775459867105 0.8814060485973947 1.3857856017095025 0.008595101902885472 0.7216123466475636 0.6710994823822342
1.5 0.925 0.0 -0.0024270663348166 0.8761546830301629 1.4541871503430355 0.00970826536000333 0.687669396448803 0.6360941917151428
1.5 0.92 0.0 -0.0027113261741794174 0.872211833590422 1.5427251131237851 0.010845304701246977 0.6482036180607388 0.5963473286158797
1.5 0.92 0.0 -0.00035732352225408687 2.612216643793271 35.15137385017704 0.0014290946678429148 0.02844839021832325 0.02617251900085739
1.5 0.9199 0.0 -0.0003563289832281026 2.612307333207016 35.198224309190344 0.0014255145276461452 0.028410524099617647 0.026134841119238274
1.5 0.9198 0.0 -0.0003553359912608356 2.6123980129792677 35.25008709895176 0.001421543981901626 0.028368724230180335 0.02609355254691987
1.5 0.9197 0.0 -0.000354344545746222 2.612488683098813 35.30213068521385 0.0014175760545663176 0.028326902104490986 0.026052251865500357
1.5 0.9196 0.0 -0.00035335464587044757 2.612579343554472 35.35427861718932 0.0014136169451532152 0.028285119626618487 0.02601099600863836
1.5 0.9195 0.0 -0.0003523662909704871 2.6126699943350786 35.40656257696485 0.0014096641376544986 0.028243351718378606 0.025969761905049127
1.5 0.9194 0.0 -0.0003513794803904867 2.612760635429509 35.45901954249553 0.0014057147390017948 0.028201569386360478 0.025928522893819823
1.5 0.9193 0.0 -0.00035039421333092624 2.612851266826655 35.511581944653294 0.0014017741595466421 0.028159826885734172 0.025887328856055426
1.5 0.9192 0.0 -0.00034941048912993933 2.612941888515436 35.56428199336204 0.0013978398739286834 0.028118098945077732 0.02584615655031545
1.5 0.9191 0.0 -0.0003484283070844009 2.6130325004848047 35.61712169532859 0.0013939117639971605 0.028076384401695104 0.02580500490359797
1.5 0.919 0.0 -0.00034744766651185685 2.6131231027237294 35.67011791752146 0.0013899885556490528 0.028034670429524754 0.02576386212473325
1.5 0.919 0.0 -0.00034744766651185685 2.6131231027237294 35.67011791752146 0.0013899885556490528 0.028034670429524754 0.02576386212473325
1.5 0.918 0.0 -0.0003377258857021406 2.614028587531694 36.20789732544073 0.0013510973346808391 0.02761828423815626 0.025353584930627445
1.5 0.917 0.0 -0.0003281574768932566 2.6149330873600407 36.76030913966609 0.0013128227634436316 0.027203253275173173 0.0249453832533338
1.5 0.916 0.0 -0.00031874174038988914 2.615836591608044 37.32803488420864 0.0012751566702273683 0.02678951632739292 0.024539196955891917
1.5 0.915 0.0 -0.0003094779793721067 2.6167390899260226 37.91168152153968 0.0012380988956882705 0.02637709433784534 0.024135041319128487
1.5 0.914 0.0 -0.00030036550006348403 2.617640572210144 38.51192782641471 0.0012016466572624487 0.025965981357965573 0.023732906961180536
1.5 0.913 0.0 -0.00029140361170746157 2.618541028597313 39.12953055846043 0.0011657948691536704 0.025556146105713603 0.02333276139451652
1.5 0.912 0.0 -0.00028259162636893806 2.619440449460192 39.76517345199986 0.0011305454209404205 0.025147633297943235 0.02293464156772423
1.5 0.911 0.0 -0.0002739288592222104 2.6203388254023094 40.419739255364824 0.001095891044314707 0.02474038720740318 0.0225384927459443
1.5 0.91 0.0 -0.00026541462822365566 2.621236147253281 41.09404364575392 0.0010618312674272152 0.024334426872672236 0.022144328454131737
1.5 0.909 0.0 -0.0002570482542657154 2.622132406064163 41.78899262487461 0.0010283633607632912 0.023929746499913397 0.02175213956842128
1.5 0.908 0.0 -0.00024882906111325237 2.6230275931028526 42.505548648898895 0.000995484598986753 0.023526340249366597 0.02136191694642487
1.5 0.907 0.0 -0.00024075637542383607 2.623921699849623 43.244777664453025 0.0009631903652054879 0.023124179473397885 0.020973630782371883
1.5 0.906 0.0 -0.0002328295265660238 2.624814717992765 44.007684170967366 0.000931481812204658 0.022723304323741658 0.020587313717309944
1.5 0.905 0.0 -0.0002250478468823064 2.625706639424274 44.79551388690357 0.0009003525207082598 0.0223236639839589 0.020202915905482805
1.5 0.904 0.0 -0.000217410671427401 2.6265974562356944 45.609506517561265 0.0008697999701465266 0.02192525366646896 0.01982042931448794
1.5 0.903 0.0 -0.00020991733795393958 2.627487160713992 46.45089289424095 0.0008398249893882465 0.02152811146766958 0.01943988465530563
1.5 0.902 0.0 -0.00020256718712389002 2.628375745337559 47.321174432048494 0.0008104215481881524 0.02113218896196171 0.019061234443689463
1.5 0.901 0.0 -0.00019535956222123396 2.6292632027722815 48.22181567183766 0.0007815886975599425 0.02073750202201566 0.018684489321836112
1.5 0.9 0.0 -0.00018829380932209455 2.630149525867693 49.154481462991924 0.0007533223088785218 0.020344025005184792 0.018309622504666313
1.5 0.895 0.0 -0.00015507042374986527 2.634563888377517 54.3630128428214 0.0006204161440108096 0.01839485980829058 0.016463399528420068
1.5 0.89 0.0 -0.00012529727466058932 2.6389489190764417 60.696319296385155 0.0005013103350805854 0.016475463612824974 0.014663162615414227
1.5 0.885 0.0 -9.88955672033779e-5 2.6433039096069315 68.56272630122797 0.0003956901248543511 0.014585184311465892 0.012907888115647316
1.5 0.88 0.0 -7.57880744452228e-5 2.647628241416874 78.59534751427589 0.00030324735367324426 0.012723399433005399 0.011196591501044751
1.5 0.875 0.0 -5.58990871765367e-5 2.6519213770221577 91.83177209614551 0.0002236783757719487 0.0108894773254841 0.009528292659798588
1.5 0.87 0.0 -3.915436593374989e-5 2.6561828521416335 110.097982835159 0.00015668626311652231 0.009082818542617815 0.007902052132077498
1.5 0.865 0.0 -2.5481095322761778e-5 2.6604122686119167 136.9327122688169 0.00010198023336134275 0.007302856880807769 0.00631697120189872
1.5 0.86 0.0 -1.4807840530427739e-5 2.664609287999768 180.21217159098197 5.927404823426943e-5 0.005549014759500524 0.004772152693170451
1.5 0.855 0.0 -7.064505631656538e-6 2.6687736258390258 261.72826799551996 2.828760474975454e-5 0.0038207565719157134 0.003266746868987935
1.5 0.85 0.0 -2.1822939313014857e-6 2.6729050464271955 472.24286336512927 8.745688503906286e-6 0.0021175544991281717 0.001799921324258946
