1.0 0.975 0.9749999903030971 0.9976412852586473
1.0 0.95 0.949999990791597 0.9936602357787386
1.0 0.925 0.9249999913654051 0.9877418970796917
1.0 0.9 0.8999999920002208 0.9838296263074826
1.0 0.875 0.8749999925851528 0.9680511692416532
1.0 0.85 0.8499999930736445 0.9286429069625617
1.0 0.825 0.8249999934028314 0.9046998939718744
1.0 0.8 0.7999999939208594 0.9205831983677033
1.0 0.775 0.7749999943986154 0.8595188870818665
1.0 0.75 0.7499999949560954 0.8375345722055716
1.0 0.725 0.7249999949754862 0.8039377845708395
1.0 0.7 0.6999999952438042 0.7905663740257174
1.0 0.675 0.6749999958199309 0.7632736272666747
1.0 0.65 0.6499999961961722 0.7678850437895233
1.0 0.625 0.6249999969527785 0.6773769179863528
1.0 0.6 0.5999999958190033 0.6991837259445841
1.0 0.575 0.5749999964115782 0.6660350687087174
1.0 0.55 0.5499999970921753 0.59819807749828
1.0 0.525 0.5249999955632543 0.59704409331606
1.0 0.5 0.49999999677548124 0.5678331979839509
1.0 0.475 0.47499999587409186 0.5573863924802789
1.0 0.45 0.4499999958464661 0.5194593794762693
1.0 0.425 0.4249999964122687 0.48097331016527106
1.0 0.4 0.3999999963060482 0.4710494467420266
1.0 0.375 0.37499999651116067 0.44020801146434707
1.0 0.35 0.34999999661325143 0.42303969088147425
1.0 0.325 0.32499999653080297 0.41735658909041107
1.0 0.3 0.2999999956025907 0.33994143253893366
1.0 0.275 0.27499999526324537 0.2938347329089109
1.0 0.25 0.24999999490707897 0.3394982599153536
1.0 0.225 0.22499999535781207 0.2837379228086438
1.0 0.2 0.19999999486558678 0.15163926920179355
1.0 0.175 0.17499999403813918 0.226930210507798
1.0 0.15 0.14999999530589087 0.14075081168167702
1.0 0.125 0.1249999945253066 0.13232558898185337
1.0 0.1 0.09999999947624055 0.13225082787772252
1.0 0.075 0.07500000171197126 0.10078875356257437
1.0 0.05 0.05000000391665007 0.06325197762438117
1.0 0.025 0.02500000697715349 0.03680337179533842
1.1 0.975 0.9749999903019402 0.9989884875085672
1.1 0.95 0.9499999906744346 0.997969540304609
1.1 0.925 0.9249999912462975 0.9951085893227972
1.1 0.9 0.8999999919319472 0.9866721773832008
1.1 0.875 0.8749999920363436 0.9615583288219888
1.1 0.85 0.849999992714076 0.9494829460953393
1.1 0.825 0.8249999936245468 0.934333996804078
1.1 0.8 0.7999999938224546 0.9443876546075274
1.1 0.775 0.7749999945043753 0.8851914531550118
1.1 0.75 0.7499999947705811 0.8309716047476972
1.1 0.725 0.724999995176268 0.8278670685635312
1.1 0.7 0.6999999955320099 0.785911255582149
1.1 0.675 0.6749999960445401 0.795893822651985
1.1 0.65 0.6499999962537981 0.7563063609994213
1.1 0.625 0.6249999964945793 0.7164124842734929
1.1 0.6 0.5999999960434607 0.6743445250759581
1.1 0.575 0.5749999969754809 0.6731907878892271
1.1 0.55 0.5499999966832652 0.6347275765215327
1.1 0.525 0.5249999962823894 0.6222513082290189
1.1 0.5 0.4999999965704994 0.6127347652051405
1.1 0.475 0.4749999964949684 0.5876321164427759
1.1 0.45 0.4499999970017538 0.5286423299174917
1.1 0.425 0.4249999968917074 0.5129030221493428
1.1 0.4 0.3999999962133698 0.46570329146340067
1.1 0.375 0.3749999967408014 0.46799065831247705
1.1 0.35 0.3499999968073603 0.48905277403982417
1.1 0.325 0.3249999963702044 0.35349680559569396
1.1 0.3 0.2999999957118444 0.3187193769624027
1.1 0.275 0.27499999572349415 0.30826622503082657
1.1 0.25 0.24999999513119137 0.24944361488598474
1.1 0.225 0.2249999957534181 0.30103943385924953
1.1 0.2 0.1999999954330846 0.20309469361005453
1.1 0.175 0.1749999968336907 0.15718450076871035
1.1 0.15 0.15000000462522095 0.17482759924278807
1.1 0.125 0.12499999933942434 0.15410845910353366
1.1 0.1 0.10000000191183371 0.1822934763922896
1.1 0.075 0.07500000138661467 0.11010455159449117
1.1 0.05 0.05000000675808972 0.0114736085943925
1.1 0.025 0.025000007614884606 0.07056588869946183
1.2 0.975 0.9749999902853042 0.9995985192445012
1.2 0.95 0.9499999906779226 0.9990260182618231
1.2 0.925 0.9249999911047004 0.997165045711083
1.2 0.9 0.8999999920057288 0.9951657925895872
1.2 0.875 0.8749999922604885 0.9951885859148779
1.2 0.85 0.8499999925759643 0.9699844940054149
1.2 0.825 0.8249999930842767 0.97702044959371
1.2 0.8 0.7999999937829543 0.9242287254089019
1.2 0.775 0.7749999943040211 0.9270369352726633
1.2 0.75 0.7499999949857215 0.9212148997131806
1.2 0.725 0.7249999943247549 0.8887711335350419
1.2 0.7 0.6999999958253712 0.8530403194202515
1.2 0.675 0.6749999959639201 0.8418914116974554
1.2 0.65 0.6499999955746729 0.8014693716706273
1.2 0.625 0.6249999964360209 0.7211561033249735
1.2 0.6 0.5999999970988333 0.7733415131098692
1.2 0.575 0.5749999962109305 0.6925668113309948
1.2 0.55 0.5499999964283043 0.688838336774958
1.2 0.525 0.5249999964741756 0.626150784534887
1.2 0.5 0.49999999688951274 0.6830118910006174
1.2 0.475 0.474999995889607 0.6193013024925795
1.2 0.45 0.4499999971848275 0.5240035156355003
1.2 0.425 0.42499999634046814 0.5720363575421767
1.2 0.4 0.3999999967265282 0.49630560102218624
1.2 0.375 0.3749999967056137 0.42677918343225735
1.2 0.35 0.3499999958188553 0.40481929838936254
1.2 0.325 0.3249999971764003 0.4582079885255065
1.2 0.3 0.29999999603971095 0.32846825095310683
1.2 0.275 0.27499999620071647 0.41460255915537675
1.2 0.25 0.2499999958554747 0.3191664638560574
1.2 0.225 0.22499999452296687 0.30978098180195823
1.2 0.2 0.1999999944844455 0.21087013133718308
1.2 0.175 0.17499999456241977 0.18768502769988335
1.2 0.15 0.14999999517726492 0.14232594221833103
1.2 0.125 0.12499999920029274 0.16994823182483146
1.2 0.1 0.09999999908580663 0.13346151666859693
1.2 0.075 0.07500000420030263 0.0687121063315662
1.2 0.05 0.05000000421296843 0.1198883846713414
1.2 0.025 0.025000006776349948 0.04319768422698118
1.3 0.975 0.9749999903057714 0.9998871178879976
1.3 0.95 0.9499999907600702 0.9997945371558006
1.3 0.925 0.9249999910911821 0.9996495782715812
1.3 0.9 0.899999991587338 0.999617762989393
1.3 0.875 0.8749999926126055 0.9970976129161775
1.3 0.85 0.8499999927170083 0.9878843749418496
1.3 0.825 0.8249999932619602 0.9896804341844856
1.3 0.8 0.7999999933470757 0.9929868234585785
1.3 0.775 0.7749999941133309 0.9649395495788395
1.3 0.75 0.7499999948699798 0.9307024236418335
1.3 0.725 0.7249999955666268 0.8868433076573374
1.3 0.7 0.6999999955439642 0.8268788057451426
1.3 0.675 0.6749999956457164 0.8111073205190665
1.3 0.65 0.6499999958195958 0.824833881434165
1.3 0.625 0.6249999968811153 0.8062441373343854
1.3 0.6 0.599999996252668 0.7322846082995428
1.3 0.575 0.5749999962930351 0.7353211133634099
1.3 0.55 0.5499999970543461 0.745353455584608
1.3 0.525 0.5249999969628129 0.6857454775177266
1.3 0.5 0.4999999964789012 0.6429942621263717
1.3 0.475 0.4749999960721948 0.6060999998102768
1.3 0.45 0.4499999967446374 0.555947919202244
1.3 0.425 0.4249999970301908 0.5974701618176713
1.3 0.4 0.3999999973361606 0.5151727681823929
1.3 0.375 0.3749999959051419 0.4797970238078818
1.3 0.35 0.3499999966336842 0.45631642423264707
1.3 0.325 0.3249999957441655 0.43770796313012406
1.3 0.3 0.29999999647135567 0.39633945087965444
1.3 0.275 0.2749999960148153 0.32556717448999484
1.3 0.25 0.24999999614225174 0.3702777269077776
1.3 0.225 0.22499999547185717 0.3038710528927762
1.3 0.2 0.19999999777170124 0.2542212796984772
1.3 0.175 0.17499999499112065 0.18840205875445665
1.3 0.15 0.14999999686101725 0.20030021062167935
1.3 0.125 0.12499999761640387 0.15140254288727545
1.3 0.1 0.09999999934121745 0.08890745326428348
1.3 0.075 0.07500000361563343 0.11815839421251058
1.3 0.05 0.050000004481831985 0.014696494281850297
1.3 0.025 0.025000007026208186 0.038353030890241356
1.4 0.975 0.9749999903214286 0.9999903816979978
1.4 0.95 0.9499999907580271 0.9999194230788173
1.4 0.925 0.9249999912343986 0.9999167633734796
1.4 0.9 0.8999999915168795 0.9999267663859801
1.4 0.875 0.8749999921464833 0.9998681697769645
1.4 0.85 0.8499999928617907 0.9999153789613107
1.4 0.825 0.8249999934523593 0.9999082833604449
1.4 0.8 0.7999999941864604 0.9896233120982666
1.4 0.775 0.7749999943893746 0.996537859240312
1.4 0.75 0.749999993970808 0.939992571050148
1.4 0.725 0.7249999948766433 0.9020014746543137
1.4 0.7 0.6999999959886882 0.9574482980828257
1.4 0.675 0.6749999957971055 0.8660575144534759
1.4 0.65 0.6499999964746129 0.8775103172798785
1.4 0.625 0.6249999961152561 0.8243996163199989
1.4 0.6 0.5999999964633653 0.7443406022077123
1.4 0.575 0.5749999969949304 0.7908782510282107
1.4 0.55 0.5499999963024639 0.7274017164867471
1.4 0.525 0.5249999967365933 0.720214822429169
1.4 0.5 0.4999999968081065 0.6786239562861374
1.4 0.475 0.47499999674480353 0.6251669819893084
1.4 0.45 0.44999999626026116 0.5699874666770424
1.4 0.425 0.4249999965695054 0.6229200004874467
1.4 0.4 0.3999999975640959 0.4620267400849022
1.4 0.375 0.3749999954669912 0.47928957756525536
1.4 0.35 0.34999999715937447 0.35351991230680724
1.4 0.325 0.32499999561378223 0.38911971286190883
1.4 0.3 0.2999999957384918 0.4388170811737761
1.4 0.275 0.2749999950958187 0.3542592970335715
1.4 0.25 0.24999999527548197 0.3147937378971014
1.4 0.225 0.22499999735822723 0.2901804811903066
1.4 0.2 0.19999999531728266 0.28631995185162834
1.4 0.175 0.17499999678710818 0.23011215411907626
1.4 0.15 0.1499999973058546 0.19386937377161534
1.4 0.125 0.12500000392770044 0.09078088668551876
1.4 0.1 0.10000000385301204 0.1444016075659172
1.4 0.075 0.0750000017308689 0.04764242138562939
1.4 0.05 0.05000000689341207 -0.018685891443913603
1.4 0.025 0.025000006830841436 -0.015082680463680932
1.5 0.975 0.9749999903084186 0.9999976298274931
1.5 0.95 0.9499999907705838 0.9999935273539222
1.5 0.925 0.9249999912732296 0.9999884006154158
1.5 0.9 0.8999999918424992 0.9999884428263266
1.5 0.875 0.8749999920797272 0.9999800462481598
1.5 0.85 0.8499999926018296 0.9999701973377271
1.5 0.825 0.8249999932859258 0.9999815099586374
1.5 0.8 0.7999999942039266 0.999963929106805
1.5 0.775 0.7749999942982888 0.9999494533882359
1.5 0.75 0.749999995103168 0.9999353871826564
1.5 0.725 0.7249999948178846 0.9880472967483854
1.5 0.7 0.6999999959353382 0.9603870344140912
1.5 0.675 0.6749999953839023 0.9545307166197248
1.5 0.65 0.6499999961941612 0.8829332455149299
1.5 0.625 0.6249999957389395 0.8459023395389261
1.5 0.6 0.5999999962580896 0.7868352754508335
1.5 0.575 0.574999996838869 0.7684124171076427
1.5 0.55 0.5499999962007099 0.7928875599362482
1.5 0.525 0.5249999957417231 0.670166611481807
1.5 0.5 0.49999999647149496 0.6819953606728143
1.5 0.475 0.47499999649108304 0.6819512121265847
1.5 0.45 0.44999999680939756 0.6578354362821488
1.5 0.425 0.4249999958035698 0.5975678419678548
1.5 0.4 0.3999999961194125 0.531447197599202
1.5 0.375 0.37499999668042183 0.5017461519490594
1.5 0.35 0.3499999962097139 0.4775760867900267
1.5 0.325 0.324999996508794 0.4175329680998082
1.5 0.3 0.29999999596666743 0.4051647168950795
1.5 0.275 0.27499999663044106 0.38541138742737163
1.5 0.25 0.2499999951565351 0.3372627802143607
1.5 0.225 0.22499999540121257 0.27234529941778984
1.5 0.2 0.19999999534982713 0.26503871273965673
1.5 0.175 0.1749999950172585 0.2719624163329171
1.5 0.15 0.14999999975545636 0.25845370873176565
1.5 0.125 0.12499999891638389 0.21170480958726348
1.5 0.1 0.09999999934796236 0.09722551790749824
1.5 0.075 0.07500000666575087 0.07329722635493727
1.5 0.05 0.050000004037772196 0.04461887303991642
1.5 0.025 0.025000004584622305 0.018251694083050794
1.6 0.975 0.9749999903034869 0.9999998432180199
1.6 0.95 0.9499999907903518 0.9999988498007195
1.6 0.925 0.9249999911443643 0.9999991672375066
1.6 0.9 0.8999999917057664 0.9999990806273708
1.6 0.875 0.8749999923834337 0.9999994975833257
1.6 0.85 0.8499999930196804 0.999998703077939
1.6 0.825 0.8249999935198389 0.9999957125657499
1.6 0.8 0.7999999938458068 0.9999961053776538
1.6 0.775 0.7749999939151226 0.9909449970350719
1.6 0.75 0.749999994861123 0.9999962313552903
1.6 0.725 0.7249999947610449 0.982697519108641
1.6 0.7 0.6999999957189712 0.9829663038308201
1.6 0.675 0.674999995051164 0.9805895048101745
1.6 0.65 0.6499999955432826 0.9607212560503443
1.6 0.625 0.6249999955373859 0.9041767447257538
1.6 0.6 0.5999999967260462 0.9619062819093142
1.6 0.575 0.5749999969490022 0.8595215181053509
1.6 0.55 0.5499999957345862 0.7974770799269345
1.6 0.525 0.5249999967969731 0.8182172767178406
1.6 0.5 0.4999999960202944 0.7069353124138751
1.6 0.475 0.47499999680865035 0.6799619185098645
1.6 0.45 0.449999995769849 0.6948818165300027
1.6 0.425 0.4249999962579555 0.6268636041338892
1.6 0.4 0.3999999964007183 0.5716295623834353
1.6 0.375 0.3749999958659786 0.5108704052506359
1.6 0.35 0.3499999957923963 0.5063207901766529
1.6 0.325 0.3249999954320336 0.4500417263078106
1.6 0.3 0.2999999966318223 0.42846794303707564
1.6 0.275 0.274999995657606 0.40273717899576056
1.6 0.25 0.2499999961059821 0.36475940069411916
1.6 0.225 0.22499999852948468 0.3236669804259214
1.6 0.2 0.1999999973178128 0.31463745628044243
1.6 0.175 0.17499999445607903 0.24359967778173153
1.6 0.15 0.14999999714015655 0.22072810829997289
1.6 0.125 0.12499999661611019 0.21772989433477638
1.6 0.1 0.09999999915919174 0.15826955367594628
1.6 0.075 0.07500000185045651 0.08599150997896182
1.6 0.05 0.0500000066718182 0.09411494455541394
1.6 0.025 0.025000006614062154 -0.031880692797328636
1.7 0.975 0.9749999902620823 0.9999999716492891
1.7 0.95 0.9499999907217592 0.9999998780479128
1.7 0.925 0.9249999910922174 0.9999998328067832
1.7 0.9 0.8999999915289763 0.999999906437214
1.7 0.875 0.8749999920112334 0.9999999123497499
1.7 0.85 0.8499999927913642 0.999999831809323
1.7 0.825 0.8249999935482395 0.9999993674473984
1.7 0.8 0.7999999937096557 0.9999995770057645
1.7 0.775 0.7749999941863569 0.999999848945689
1.7 0.75 0.7499999943582477 0.999999635731081
1.7 0.725 0.7249999951453527 0.9872279086743191
1.7 0.7 0.6999999953034438 0.9999995778172677
1.7 0.675 0.674999995936487 0.9999995661377608
1.7 0.65 0.6499999956294755 0.9715825781384657
1.7 0.625 0.62499999656341 0.9368892644221603
1.7 0.6 0.5999999961853664 0.9448371639225078
1.7 0.575 0.5749999965802587 0.8800209077023876
1.7 0.55 0.5499999960696218 0.8306438181387913
1.7 0.525 0.5249999973160773 0.7413530193502874
1.7 0.5 0.4999999967466411 0.777754626727132
1.7 0.475 0.47499999720644004 0.669209090646412
1.7 0.45 0.44999999678040464 0.6259723639712209
1.7 0.425 0.42499999691244633 0.6473577701056904
1.7 0.4 0.39999999583637696 0.6388205286043351
1.7 0.375 0.37499999693535935 0.5264730967331748
1.7 0.35 0.34999999618764266 0.5625192140105859
1.7 0.325 0.3249999965764306 0.5474372207835632
1.7 0.3 0.2999999952954969 0.5044102069946915
1.7 0.275 0.2749999958271631 0.3835069030413207
1.7 0.25 0.24999999476216844 0.3868399301532671
1.7 0.225 0.22499999471878157 0.34662771731723546
1.7 0.2 0.19999999546791397 0.33299481466852343
1.7 0.175 0.17499999518162904 0.255966935840371
1.7 0.15 0.14999999722739793 0.24532581844278925
1.7 0.125 0.1249999973409281 0.22402118895119663
1.7 0.1 0.09999999932404828 0.09118429367528716
1.7 0.075 0.0750000041215215 0.04452534155928608
1.7 0.05 0.05000000391079672 0.1169676282200606
1.7 0.025 0.02500000646405747 0.011406088543637333
1.8 0.975 0.9749999903293783 0.9999999943209108
1.8 0.95 0.9499999907407517 0.9999999950161673
1.8 0.925 0.9249999913174513 0.9999999715464792
1.8 0.9 0.8999999921118496 0.9999999927826769
1.8 0.875 0.8749999924936323 0.9999999967585133
1.8 0.85 0.8499999927087935 0.9999999743742205
1.8 0.825 0.8249999934570296 0.9999999883142319
1.8 0.8 0.7999999932526041 0.9999999764327077
1.8 0.775 0.7749999945756122 0.9999999748394041
1.8 0.75 0.7499999950039189 0.9999999779770411
1.8 0.725 0.7249999947405749 0.9999999924652101
1.8 0.7 0.69999999509048 0.9999999866708545
1.8 0.675 0.6749999961125207 0.9999999091774106
1.8 0.65 0.6499999959970906 0.9637535089457951
1.8 0.625 0.624999995425398 0.9999999300749831
1.8 0.6 0.5999999957831972 0.863126680891224
1.8 0.575 0.574999996704093 0.903891783014956
1.8 0.55 0.5499999966293678 0.916545876869139
1.8 0.525 0.5249999963968468 0.818721374577194
1.8 0.5 0.49999999638446135 0.8600201383557625
1.8 0.475 0.4749999965492141 0.7783567776022569
1.8 0.45 0.44999999683473524 0.7298105127851625
1.8 0.425 0.42499999776447817 0.6693473960229034
1.8 0.4 0.3999999964635399 0.6541145941425958
1.8 0.375 0.37499999616513463 0.5997140711692677
1.8 0.35 0.3499999960970895 0.5913511811939826
1.8 0.325 0.3249999956707597 0.522134094840988
1.8 0.3 0.29999999606289185 0.4321644276592057
1.8 0.275 0.2749999961440639 0.47856079040238286
1.8 0.25 0.2499999953158148 0.37541996805331046
1.8 0.225 0.22499999521422165 0.40456395272682644
1.8 0.2 0.19999999518627481 0.4140986052334921
1.8 0.175 0.17499999490963003 0.35520493335757664
1.8 0.15 0.1499999994588202 0.2443024155006807
1.8 0.125 0.12500000137288164 0.20036821206827402
1.8 0.1 0.10000000393142994 0.1733635915806972
1.8 0.075 0.07500000469146838 0.10249090206194933
1.8 0.05 0.05000000702757775 0.03501657949710217
1.8 0.025 0.025000004323708903 0.07319690302693774
1.9 0.975 0.9749999903136585 0.9999999998511454
1.9 0.95 0.9499999907061512 0.9999999986939457
1.9 0.925 0.9249999910932827 0.9999999996732395
1.9 0.9 0.8999999916671761 0.9999999990272912
1.9 0.875 0.8749999921940169 0.9999999998080155
1.9 0.85 0.8499999927496443 0.9999999990444296
1.9 0.825 0.8249999931189954 0.9999999986981525
1.9 0.8 0.7999999939818244 0.9999999993583275
1.9 0.775 0.7749999942214846 0.9999999990568511
1.9 0.75 0.7499999941323299 0.9999999993847783
1.9 0.725 0.7249999955750182 0.9907744018130996
1.9 0.7 0.6999999948283315 0.9867474103445689
1.9 0.675 0.6749999958150953 0.9999999982141192
1.9 0.65 0.6499999952951022 0.964331061731745
1.9 0.625 0.6249999954634596 0.9999999960089461
1.9 0.6 0.599999996470205 0.9510307753629293
1.9 0.575 0.574999996155138 0.9538058638495773
1.9 0.55 0.5499999966104567 0.9344168541342309
1.9 0.525 0.5249999970682925 0.8948277080089702
1.9 0.5 0.49999999633490155 0.8446079290497455
1.9 0.475 0.4749999962172605 0.804288296777434
1.9 0.45 0.44999999704393606 0.6925406792150908
1.9 0.425 0.4249999966730124 0.7523587688569544
1.9 0.4 0.3999999964849249 0.7192813847555273
1.9 0.375 0.37499999629587843 0.6049512326200579
1.9 0.35 0.3499999967593378 0.5873485719539369
1.9 0.325 0.3249999958444893 0.5510015306964051
1.9 0.3 0.29999999625724005 0.5013068421743234
1.9 0.275 0.27499999540146514 0.37722936244092886
1.9 0.25 0.24999999563826852 0.35936748178374406
1.9 0.225 0.22499999483873592 0.4205283323860409
1.9 0.2 0.19999999512383093 0.39579555800420707
1.9 0.175 0.1749999950504368 0.23606875676179184
1.9 0.15 0.1499999975212418 0.213015470474617
1.9 0.125 0.12499999953975649 0.24678461065883214
1.9 0.1 0.09999999925712195 0.18329114473815616
1.9 0.075 0.07500000651327421 0.15842924815217754
1.9 0.05 0.050000003696154496 0.04996720997782521
1.9 0.025 0.02500000682484299 0.011726372565693682
2.0 0.975 0.9749999903012012 0.9999999999788557
2.0 0.95 0.9499999908134523 0.9999999999898496
2.0 0.925 0.9249999911392355 0.9999999999833665
2.0 0.9 0.8999999920012259 0.9999999999892729
2.0 0.875 0.8749999922912108 0.9999999999879456
2.0 0.85 0.849999992952322 0.9999999999570152
2.0 0.825 0.8249999933030623 0.9999999999628532
2.0 0.8 0.7999999937932365 0.999999999944823
2.0 0.775 0.7749999942408804 0.9999999999726796
2.0 0.75 0.7499999944864802 0.9999999999640062
2.0 0.725 0.7249999949378652 0.9999999999862993
2.0 0.7 0.6999999950514413 0.9999999999480188
2.0 0.675 0.6749999950510032 0.999999999426098
2.0 0.65 0.6499999956713438 0.999999999682171
2.0 0.625 0.6249999961815952 0.9999999999071807
2.0 0.6 0.5999999962063185 0.979413260787461
2.0 0.575 0.5749999973821721 0.9952794769335165
2.0 0.55 0.5499999960466087 0.9805981297400901
2.0 0.525 0.5249999963151885 0.8881723498553569
2.0 0.5 0.49999999588026667 0.9596543505973305
2.0 0.475 0.47499999575910545 0.8033467631540259
2.0 0.45 0.44999999594823314 0.8235049454605811
2.0 0.425 0.4249999965517509 0.8153142215099527
2.0 0.4 0.3999999959023553 0.7193697208574586
2.0 0.375 0.37499999608735746 0.6803990399001835
2.0 0.35 0.3499999952562876 0.6322149469661947
2.0 0.325 0.32499999586174233 0.621661176877271
2.0 0.3 0.2999999953227472 0.4708897113644849
2.0 0.275 0.27499999538455766 0.42693686816832593
2.0 0.25 0.24999999523082578 0.45364510253785006
2.0 0.225 0.2249999956066521 0.4294501598387737
2.0 0.2 0.19999999545225983 0.28842810017960313
2.0 0.175 0.17499999941534422 0.3592040733107195
2.0 0.15 0.14999999732028493 0.30797920961160485
2.0 0.125 0.12499999692670856 0.15764975101026332
2.0 0.1 0.10000000210077171 0.2034318627902023
2.0 0.075 0.07500000624871586 0.059724199369274145
2.0 0.05 0.05000000140870899 0.12935655583158967
2.0 0.025 0.025000006132053172 -0.012515923625546117
2.1 0.975 0.9749999902723874 0.9999999999931217
2.1 0.95 0.9499999906593304 0.9999999999922984
2.1 0.925 0.9249999916042041 0.9999999999934813
2.1 0.9 0.8999999915930086 0.9999999999906937
2.1 0.875 0.8749999921587082 0.9999999999884842
2.1 0.85 0.849999992433809 0.9999999999928159
2.1 0.825 0.8249999934319302 0.9999999999937348
2.1 0.8 0.7999999934417924 0.9999999999680768
2.1 0.775 0.774999994338717 0.999999999993587
2.1 0.75 0.7499999949199723 0.9999999999794807
2.1 0.725 0.7249999950014361 0.9999999999928386
2.1 0.7 0.6999999953485677 0.9999999999933422
2.1 0.675 0.6749999961572279 0.999999999970042
2.1 0.65 0.6499999962417752 0.9929041777261428
2.1 0.625 0.6249999963842061 0.9921836167641269
2.1 0.6 0.5999999962382175 0.9999999999806393
2.1 0.575 0.5749999965268435 0.9999999999889237
2.1 0.55 0.5499999966282031 0.9999999999520212
2.1 0.525 0.524999997124474 0.8903444884557923
2.1 0.5 0.49999999720240174 0.9396535249092383
2.1 0.475 0.47499999557636635 0.9248843551040382
2.1 0.45 0.44999999621426595 0.8365800724146478
2.1 0.425 0.42499999685042555 0.8813795014220818
2.1 0.4 0.39999999555796617 0.6536775112304489
2.1 0.375 0.3749999964811978 0.7574596400007664
2.1 0.35 0.3499999966636513 0.6484361028183645
2.1 0.325 0.3249999966188611 0.684772239582979
2.1 0.3 0.2999999965928936 0.5151791113587721
2.1 0.275 0.27499999509600814 0.5405972261025146
2.1 0.25 0.2499999957085476 0.4902402404545665
2.1 0.225 0.22499999532484866 0.4305163428961635
2.1 0.2 0.19999999531667317 0.3660918808569222
2.1 0.175 0.17499999460798632 0.29572350334165065
2.1 0.15 0.14999999596483507 0.3216504833588028
2.1 0.125 0.12499999718809396 0.07191102428605699
2.1 0.1 0.10000000415386849 0.041081829401302436
2.1 0.075 0.07500000377382503 0.12735249909236188
2.1 0.05 0.05000000688305474 0.26500492272744947
2.1 0.025 0.025000007006371415 0.09250236883609254
2.2 0.975 0.9749999903376958 0.9999999999952411
2.2 0.95 0.9499999907263824 0.9999999999947201
2.2 0.925 0.9249999910476621 0.9999999999948705
2.2 0.9 0.8999999916342152 0.999999999994138
2.2 0.875 0.8749999923599028 0.9999999999949905
2.2 0.85 0.849999992630137 0.9999999999950054
2.2 0.825 0.8249999935396852 0.9999999999950934
2.2 0.8 0.799999993397736 0.9999999999949868
2.2 0.775 0.774999994234576 0.9999999999951161
2.2 0.75 0.7499999955912552 0.9999999999946876
2.2 0.725 0.7249999950412318 0.9999999999947189
2.2 0.7 0.699999995207442 0.9999999999944673
2.2 0.675 0.6749999954301543 0.9999999999944619
2.2 0.65 0.6499999955492373 0.9999999999940824
2.2 0.625 0.6249999956766238 0.9999999999951585
2.2 0.6 0.5999999964754616 0.9999999999944403
2.2 0.575 0.57499999702719 0.9999999999942645
2.2 0.55 0.5499999960152919 0.9692359554510276
2.2 0.525 0.5249999967407808 0.9909504508862705
2.2 0.5 0.4999999965786377 0.9999999999818605
2.2 0.475 0.474999996448452 0.8770052097017906
2.2 0.45 0.44999999655593836 0.9001379724733323
2.2 0.425 0.42499999603232624 0.9623868260184143
2.2 0.4 0.39999999569756073 0.6456735187114526
2.2 0.375 0.3749999964190933 0.8436004664163974
2.2 0.35 0.3499999972604301 0.7124295559331556
2.2 0.325 0.32499999614677577 0.7531993022127047
2.2 0.3 0.2999999962076741 0.6316951187209561
2.2 0.275 0.27499999513292406 0.4707657585609743
2.2 0.25 0.24999999504260098 0.5379954035047408
2.2 0.225 0.22499999478473603 0.4221827029301566
2.2 0.2 0.1999999951463443 0.46030229811130674
2.2 0.175 0.17499999513407447 0.3646576022876819
2.2 0.15 0.14999999432715444 0.23584142197918853
2.2 0.125 0.1249999995766875 0.3241001706941353
2.2 0.1 0.09999999731798385 0.1391391309753338
2.2 0.075 0.07500000177426627 0.15443976904017034
2.2 0.05 0.050000006884375614 0.07744487889601492
2.2 0.025 0.02500000720402116 0.054449140934858066
2.3 0.975 0.9749999903265494 0.9999999999953081
2.3 0.95 0.9499999907973548 0.9999999999958733
2.3 0.925 0.9249999911755349 0.9999999999956571
2.3 0.9 0.8999999915996574 0.9999999999960147
2.3 0.875 0.874999992443416 0.9999999999963244
2.3 0.85 0.8499999927270233 0.9999999999961855
2.3 0.825 0.8249999932340734 0.9999999999959901
2.3 0.8 0.7999999938227111 0.9999999999958902
2.3 0.775 0.7749999943423156 0.9999999999968742
2.3 0.75 0.7499999947638487 0.9999999999959657
2.3 0.725 0.7249999953430579 0.9999999999957776
2.3 0.7 0.6999999945123498 0.9999999999958191
2.3 0.675 0.6749999953055398 0.9999999999960639
2.3 0.65 0.6499999959322953 0.9932744467249748
2.3 0.625 0.6249999965264822 0.9999999999955879
2.3 0.6 0.5999999961340673 0.9999999999960064
2.3 0.575 0.5749999969187899 0.9999999999958316
2.3 0.55 0.5499999961822685 0.9999999999959546
2.3 0.525 0.5249999973994017 0.9741216924259964
2.3 0.5 0.49999999610763524 0.954406936181692
2.3 0.475 0.4749999972339897 0.9305305462878154
2.3 0.45 0.44999999711026445 0.9691798288939382
2.3 0.425 0.42499999688287726 0.9508626472771006
2.3 0.4 0.39999999574337364 0.771218948650469
2.3 0.375 0.37499999568976994 0.6721983648770292
2.3 0.35 0.34999999625377426 0.781826028437595
2.3 0.325 0.3249999963030702 0.6205479006998041
2.3 0.3 0.299999995971028 0.6380243422112268
2.3 0.275 0.2749999955434513 0.5686935285251706
2.3 0.25 0.2499999952230279 0.49138741340674874
2.3 0.225 0.22499999556556954 0.44950225027899915
2.3 0.2 0.19999999505105143 0.36116078293422216
2.3 0.175 0.174999997692116 0.38297110495412523
2.3 0.15 0.14999999922275092 0.38302108886406117
2.3 0.125 0.1250000020507521 0.16360216984974285
2.3 0.1 0.10000000135949294 0.25170552057227163
2.3 0.075 0.07500000594884308 0.1952983984589815
2.3 0.05 0.050000007377545695 0.010374380712456086
2.3 0.025 0.025000006705373785 0.06539952259603335
2.4 0.975 0.9749999903112994 0.9999999999968259
2.4 0.95 0.949999990695801 0.9999999999966672
2.4 0.925 0.92499999105474 0.9999999999967821
2.4 0.9 0.8999999918183244 0.9999999999966389
2.4 0.875 0.8749999924338081 0.9999999999969192
2.4 0.85 0.8499999931582971 0.9999999999970814
2.4 0.825 0.8249999935670733 0.9999999999970726
2.4 0.8 0.7999999934892912 0.9999999999968441
2.4 0.775 0.7749999949234733 0.9999999999967688
2.4 0.75 0.7499999949178715 0.9999999999968494
2.4 0.725 0.724999994778939 0.9999999999970356
2.4 0.7 0.6999999957585354 0.9999999999967161
2.4 0.675 0.6749999946382925 0.9999999999968953
2.4 0.65 0.6499999963923614 0.9999999999968985
2.4 0.625 0.6249999964698253 0.9999999999970115
2.4 0.6 0.5999999957151452 0.9999999999972353
2.4 0.575 0.5749999959752631 0.9999999999971123
2.4 0.55 0.5499999970676337 0.9999999999966308
2.4 0.525 0.5249999963399926 0.9852196530301933
2.4 0.5 0.49999999592729055 0.9914192995166706
2.4 0.475 0.47499999659859304 0.9749790549315882
2.4 0.45 0.4499999960066017 0.9846699176845393
2.4 0.425 0.4249999963304279 0.9558085331940621
2.4 0.4 0.39999999585814167 0.8796412951918846
2.4 0.375 0.37499999586148475 0.7417824339865581
2.4 0.35 0.34999999572617363 0.8508944476648101
2.4 0.325 0.3249999960953587 0.6596523644450341
2.4 0.3 0.29999999590292054 0.7086250139445899
2.4 0.275 0.2749999956955634 0.5346191985008635
2.4 0.25 0.24999999496197414 0.5434199500415987
2.4 0.225 0.2249999953436662 0.49657688880640566
2.4 0.2 0.19999999417187192 0.5064254151231726
2.4 0.175 0.17499999545147177 0.40534166286281365
2.4 0.15 0.1499999963594077 0.3334802702702226
2.4 0.125 0.1249999966605678 0.23078081690727217
2.4 0.1 0.10000000418105093 0.14557359320489754
2.4 0.075 0.07500000604319249 0.2593300502377178
2.4 0.05 0.05000000219557497 0.1698437632376969
2.4 0.025 0.025000006958334643 0.08322717397106294
2.5 0.975 0.9749999902883829 0.9999999999974751
2.5 0.95 0.9499999906728099 0.9999999999976399
2.5 0.925 0.9249999913136351 0.9999999999973234
2.5 0.9 0.8999999915866266 0.9999999999972247
2.5 0.875 0.8749999922995482 0.9999999999973885
2.5 0.85 0.8499999926355578 0.9999999999974923
2.5 0.825 0.824999993661358 0.9999999999977554
2.5 0.8 0.7999999934473596 0.9999999999974527
2.5 0.775 0.7749999947149503 0.9999999999975167
2.5 0.75 0.7499999947093621 0.9999999999977909
2.5 0.725 0.7249999951363718 0.9999999999978618
2.5 0.7 0.6999999959519871 0.9999999999974808
2.5 0.675 0.6749999960764228 0.9999999999974877
2.5 0.65 0.6499999960768607 0.9999999999980392
2.5 0.625 0.6249999968496227 0.9999999999971039
2.5 0.6 0.5999999957061415 0.9878436133700731
2.5 0.575 0.5749999957818688 0.999999999997434
2.5 0.55 0.5499999965344239 0.9999999999970883
2.5 0.525 0.5249999964998029 0.9999999999972266
2.5 0.5 0.4999999971735221 0.9792398595213119
2.5 0.475 0.4749999972670018 0.9407744694752488
2.5 0.45 0.44999999663573487 0.9527495372419233
2.5 0.425 0.42499999582154846 0.9432975542566581
2.5 0.4 0.3999999960617601 0.8915443408745451
2.5 0.375 0.3749999967298555 0.9097500271561421
2.5 0.35 0.34999999654798863 0.9296219684333892
2.5 0.325 0.32499999582280836 0.7466257491030336
2.5 0.3 0.29999999686286827 0.7682706123593146
2.5 0.275 0.274999995581359 0.7647587846768111
2.5 0.25 0.24999999571370507 0.5765247536324051
2.5 0.225 0.22499999497765763 0.5635474865972336
2.5 0.2 0.1999999949450323 0.38056672804147695
2.5 0.175 0.17499999422964468 0.41324087246785657
2.5 0.15 0.1499999966384021 0.31467369716937793
2.5 0.125 0.12499999727768621 0.20690612422144938
2.5 0.1 0.10000000191350925 0.19905741937756877
2.5 0.075 0.07500000445299758 0.28343944284236144
2.5 0.05 0.05000000495782202 0.04641988697463206
2.5 0.025 0.025000006639892103 0.08543633022598121
2.6 0.975 0.9749999902765849 0.9999999999978864
2.6 0.95 0.9499999907908538 0.9999999999977897
2.6 0.925 0.9249999911493761 0.999999999998215
2.6 0.9 0.8999999919460544 0.999999999997846
2.6 0.875 0.8749999922015375 0.9999999999980271
2.6 0.85 0.8499999927699005 0.9999999999981088
2.6 0.825 0.8249999929572016 0.9999999999979045
2.6 0.8 0.7999999935771224 0.9999999999980173
2.6 0.775 0.7749999948969719 0.9999999999979545
2.6 0.75 0.7499999949563099 0.9999999999977955
2.6 0.725 0.724999994992722 0.9999999999981899
2.6 0.7 0.6999999953142821 0.9999999999981066
2.6 0.675 0.6749999960193478 0.9999999999980955
2.6 0.65 0.6499999959651779 0.9999999999975021
2.6 0.625 0.6249999958820247 0.9999999999978435
2.6 0.6 0.5999999960850904 0.9999999999980131
2.6 0.575 0.5749999967101644 0.999999999997731
2.6 0.55 0.5499999972188643 0.9999999999979406
2.6 0.525 0.5249999966545141 0.9999999999980599
2.6 0.5 0.49999999686423247 0.9999999999980547
2.6 0.475 0.4749999971841559 0.999999999997887
2.6 0.45 0.4499999969156051 0.9999999999976634
2.6 0.425 0.4249999965260276 0.9889543067052042
2.6 0.4 0.39999999670651454 0.85334000334356
2.6 0.375 0.3749999957814355 0.9275465237064896
2.6 0.35 0.3499999961371211 0.806911444535271
2.6 0.325 0.32499999595911666 0.7110105571565171
2.6 0.3 0.29999999645705666 0.790490398570227
2.6 0.275 0.27499999535966707 0.6163390052577171
2.6 0.25 0.24999999543017512 0.4952978879973415
2.6 0.225 0.22499999511813185 0.4675474666022956
2.6 0.2 0.19999999472543897 0.5209837928133121
2.6 0.175 0.17499999497280944 0.2721079242707895
2.6 0.15 0.14999999664253844 0.35139713832892316
2.6 0.125 0.12499999966968137 0.2968035004855931
2.6 0.1 0.10000000142588387 0.17816895936809138
2.6 0.075 0.07500000362010083 0.25072135135249723
2.6 0.05 0.05000000681464893 0.17199368610813306
2.6 0.025 0.02500000403197152 0.11187988913657483
2.7 0.975 0.9749999903038997 0.9999999999983086
2.7 0.95 0.9499999906342594 0.9999999999983062
2.7 0.925 0.9249999912274195 0.9999999999983207
2.7 0.9 0.8999999917664002 0.9999999999983338
2.7 0.875 0.8749999924016076 0.9999999999983041
2.7 0.85 0.8499999929727758 0.999999999998213
2.7 0.825 0.8249999931746907 0.9999999999981115
2.7 0.8 0.799999993858703 0.9999999999982515
2.7 0.775 0.7749999943845209 0.9999999999984268
2.7 0.75 0.7499999942986841 0.9999999999982828
2.7 0.725 0.724999994713212 0.9999999999982281
2.7 0.7 0.6999999949350235 0.9999999999984006
2.7 0.675 0.6749999965429657 0.9999999999981247
2.7 0.65 0.6499999959619132 0.9999999999983971
2.7 0.625 0.6249999962989469 0.9999999999984093
2.7 0.6 0.599999996490591 0.9999999999983537
2.7 0.575 0.5749999963219172 0.9999999999983243
2.7 0.55 0.5499999960749175 0.9999999999982384
2.7 0.525 0.5249999965392822 0.9999999999982523
2.7 0.5 0.49999999664405126 0.9999999999983634
2.7 0.475 0.47499999700519735 0.999999999998138
2.7 0.45 0.4499999960420883 0.9891385175062076
2.7 0.425 0.4249999963752072 0.9999999999981165
2.7 0.4 0.399999996815578 0.9203425154234948
2.7 0.375 0.3749999960617854 0.9207714238739039
2.7 0.35 0.34999999521722697 0.9716335243859966
2.7 0.325 0.32499999552593195 0.7980350150774358
2.7 0.3 0.2999999953589533 0.8435610240914462
2.7 0.275 0.2749999963671006 0.6638977028307969
2.7 0.25 0.24999999494321462 0.5970808656896927
2.7 0.225 0.22499999492152778 0.5996680009991595
2.7 0.2 0.19999999806176194 0.5106980050342185
2.7 0.175 0.17499999471672734 0.36695949030811986
2.7 0.15 0.14999999708391212 0.28340477501359074
2.7 0.125 0.12499999910073449 0.2827446295447634
2.7 0.1 0.1000000037670314 0.1694185825408392
2.7 0.075 0.07500000661763576 0.2527731157556906
2.7 0.05 0.05000000624396058 0.25202973389186056
2.7 0.025 0.02500000650966037 0.008919363842453088
2.8 0.975 0.9749999902730059 0.9999999999985597
2.8 0.95 0.949999990715486 0.9999999999985626
2.8 0.925 0.9249999912612437 0.9999999999986595
2.8 0.9 0.8999999916595506 0.9999999999985965
2.8 0.875 0.8749999921385241 0.999999999998562
2.8 0.85 0.8499999927080001 0.9999999999985965
2.8 0.825 0.8249999932834026 0.9999999999983992
2.8 0.8 0.7999999938802957 0.9999999999986352
2.8 0.775 0.7749999942460937 0.99999999999852
2.8 0.75 0.749999994232539 0.9999999999985487
2.8 0.725 0.7249999946898118 0.9999999999984308
2.8 0.7 0.699999994955369 0.9999999999985313
2.8 0.675 0.674999995700374 0.9999999999985905
2.8 0.65 0.6499999954824678 0.9999999999984233
2.8 0.625 0.6249999955799226 0.9999999999984901
2.8 0.6 0.5999999961469105 0.9999999999984365
2.8 0.575 0.5749999962535416 0.9999999999985663
2.8 0.55 0.5499999963512463 0.9999999999986487
2.8 0.525 0.524999996910189 0.9999999999985778
2.8 0.5 0.49999999704208536 0.9999999999986681
2.8 0.475 0.4749999971272347 0.9999999999984727
2.8 0.45 0.44999999659472645 0.9816648110911345
2.8 0.425 0.42499999649281595 0.9999999999984726
2.8 0.4 0.3999999962848608 0.948003841938878
2.8 0.375 0.37499999610387497 0.9765524878444378
2.8 0.35 0.3499999969116593 0.9503823068231199
2.8 0.325 0.32499999560920234 0.9025868719021061
2.8 0.3 0.2999999953871955 0.9037265430747592
2.8 0.275 0.27499999596500563 0.8421271511425461
2.8 0.25 0.24999999522243507 0.5129634304738758
2.8 0.225 0.22499999538149124 0.6585725451919836
2.8 0.2 0.1999999947672485 0.7262221723369763
2.8 0.175 0.17499999736294655 0.5219500288142721
2.8 0.15 0.14999999469707034 0.32692189934201055
2.8 0.125 0.12499999974672951 0.1750655655528606
2.8 0.1 0.10000000171005677 0.3164509413241566
2.8 0.075 0.07500000660790848 0.06756054783941402
2.8 0.05 0.05000000434038704 0.1685965847554675
2.8 0.025 0.025000007220543845 0.04194355676940249
2.9 0.975 0.9749999903007389 0.9999999999988404
2.9 0.95 0.9499999906221881 0.9999999999987423
2.9 0.925 0.9249999913083004 0.9999999999987468
2.9 0.9 0.8999999917344074 0.999999999998669
2.9 0.875 0.8749999920872191 0.9999999999987793
2.9 0.85 0.8499999927668945 0.9999999999988824
2.9 0.825 0.8249999934222115 0.9999999999988575
2.9 0.8 0.7999999935602371 0.9999999999986933
2.9 0.775 0.7749999941376163 0.9999999999987697
2.9 0.75 0.7499999947022474 0.9999999999987758
2.9 0.725 0.7249999954838284 0.9999999999989164
2.9 0.7 0.699999995297049 0.9999999999987234
2.9 0.675 0.6749999957271222 0.9999999999988983
2.9 0.65 0.6499999958082533 0.9999999999987917
2.9 0.625 0.6249999964781207 0.999999999998676
2.9 0.6 0.5999999960931615 0.9999999999986837
2.9 0.575 0.5749999966639191 0.9999999999987915
2.9 0.55 0.5499999960215352 0.9999999999989078
2.9 0.525 0.5249999958205726 0.9999999999988326
2.9 0.5 0.49999999699897113 0.9999999999985952
2.9 0.475 0.47499999643620316 0.9999999999987308
2.9 0.45 0.4499999962088669 0.9902156861559828
2.9 0.425 0.4249999959465541 0.9697868209286277
2.9 0.4 0.3999999959556882 0.9999999999988172
2.9 0.375 0.37499999627881064 0.9999999999987562
2.9 0.35 0.34999999636105095 0.9168508545732454
2.9 0.325 0.3249999959876139 0.7675879777500262
2.9 0.3 0.2999999957418209 0.8812683620712631
2.9 0.275 0.27499999557468513 0.9736768329629676
2.9 0.25 0.24999999512216511 0.9241130542683017
2.9 0.225 0.22499999455374278 0.7058661963805427
2.9 0.2 0.199999994340015 0.5056277252006429
2.9 0.175 0.17499999564264407 0.5129148645589828
2.9 0.15 0.14999999523412375 0.3076448606935876
2.9 0.125 0.12500000361912536 0.37599190518853465
2.9 0.1 0.09999999922268538 0.24069668677404774
2.9 0.075 0.07500000434337205 0.30075317261238
2.9 0.05 0.05000000436923362 0.28918957682026303
2.9 0.025 0.025000007543848412 0.10356355792054747
3.0 0.975 0.9749999902697113 0.9999999999989306
3.0 0.95 0.9499999906825497 0.9999999999989913
3.0 0.925 0.9249999910763245 0.9999999999988812
3.0 0.9 0.899999991769205 0.9999999999989623
3.0 0.875 0.8749999921474633 0.999999999998893
3.0 0.85 0.8499999924801134 0.999999999998957
3.0 0.825 0.8249999935856189 0.9999999999990115
3.0 0.8 0.7999999931132418 0.9999999999990303
3.0 0.775 0.7749999944566881 0.9999999999989955
3.0 0.75 0.74999999506306 0.9999999999989149
3.0 0.725 0.7249999956407454 0.9999999999987382
3.0 0.7 0.6999999949029656 0.9999999999989821
3.0 0.675 0.6749999963323854 0.9999999999989295
3.0 0.65 0.649999996169627 0.9999999999989235
3.0 0.625 0.6249999960853628 0.9999999999988628
3.0 0.6 0.5999999967625039 0.999999999998959
3.0 0.575 0.5749999965543336 0.9999999999987811
3.0 0.55 0.5499999961011451 0.9999999999989477
3.0 0.525 0.5249999957097007 0.9999999999989043
3.0 0.5 0.49999999663575023 0.999999999998775
3.0 0.475 0.47499999606080623 0.9837197079674386
3.0 0.45 0.44999999647942374 0.9999999999989229
3.0 0.425 0.4249999971978157 0.9999999999989269
3.0 0.4 0.3999999965050548 0.9573647277466655
3.0 0.375 0.37499999590637767 0.9786530345848613
3.0 0.35 0.3499999958940479 0.9809634127339828
3.0 0.325 0.32499999623322895 0.9370899671933856
3.0 0.3 0.2999999966284469 0.9516096326632223
3.0 0.275 0.2749999967394897 0.8910856871134547
3.0 0.25 0.24999999554076138 0.7770330173378919
3.0 0.225 0.22499999536071372 0.7121635776790509
3.0 0.2 0.19999999473432045 0.8323456057541657
3.0 0.175 0.1749999943978533 0.4560346164549407
3.0 0.15 0.15000000192308247 0.5693336382690098
3.0 0.125 0.12499999669063466 0.361470355208235
3.0 0.1 0.10000000424565414 0.19103951449399945
3.0 0.075 0.07500000169089094 0.16807912139155917
3.0 0.05 0.05000000433671725 0.045067949576684405
3.0 0.025 0.025000007362321653 0.12019703690837302
