1.0 0.975 0.9749999903254041 0.9969771372646183
1.0 0.95 0.949999990729572 0.9933250699912449
1.0 0.925 0.9249999912775797 0.9867342519336688
1.0 0.9 0.899999991729399 0.9701463773819388
1.0 0.875 0.8749999923235752 0.9661617856922533
1.0 0.85 0.849999993108604 0.949079915516721
1.0 0.825 0.8249999929559078 0.9303857597978735
1.0 0.8 0.7999999939668716 0.896407448469688
1.0 0.775 0.7749999944071404 0.8931903326271335
1.0 0.75 0.7499999953660945 0.8554782727362795
1.0 0.725 0.7249999947874988 0.8370422907596942
1.0 0.7 0.6999999954935276 0.8143115745294527
1.0 0.675 0.6749999962325346 0.8173293872556382
1.0 0.65 0.6499999959821886 0.7373916669707712
1.0 0.625 0.62499999678299 0.6826878024857086
1.0 0.6 0.5999999966542253 0.6810599956337674
1.0 0.575 0.574999997048582 0.6366987406811516
1.0 0.55 0.5499999964167992 0.6156683560999137
1.0 0.525 0.5249999965787222 0.5849680176917299
1.0 0.5 0.49999999594927375 0.5849654565935126
1.0 0.475 0.47499999573145724 0.5482008276984656
1.0 0.45 0.4499999956054926 0.5010477851497136
1.0 0.425 0.42499999608493555 0.46069326108260544
1.0 0.4 0.3999999970611333 0.47508693742738484
1.0 0.375 0.37499999679293916 0.42845945036204675
1.0 0.35 0.34999999712908336 0.37542903237588865
1.0 0.325 0.3249999964978002 0.40248511144757587
1.0 0.3 0.2999999956318725 0.36437326561312683
1.0 0.275 0.2749999957989503 0.32452624194054536
1.0 0.25 0.2499999953314474 0.2323443064296989
1.0 0.225 0.22499999588266073 0.21502355502594508
1.0 0.2 0.19999999581454758 0.20418551097273566
1.0 0.175 0.17499999464252874 0.21125965393280222
1.0 0.15 0.1499999938105807 0.14348812204549882
1.0 0.125 0.12499999984312286 0.14434221718060192
1.0 0.1 0.09999999668542953 0.14314958384022616
1.0 0.075 0.07500000617982461 0.08503704098291112
1.0 0.05 0.0500000063191864 0.09571326538960112
1.0 0.025 0.025000006605261194 0.004780204566144322
1.1 0.975 0.9749999903148117 0.9983043260974533
1.1 0.95 0.9499999907974861 0.996586717591191
1.1 0.925 0.9249999911926094 0.9936853530947355
1.1 0.9 0.8999999918701569 0.9850253556521265
1.1 0.875 0.8749999921755792 0.979955240982447
1.1 0.85 0.8499999928854483 0.952977808431642
1.1 0.825 0.8249999933936266 0.959072078805789
1.1 0.8 0.7999999940635361 0.9371330882658458
1.1 0.775 0.7749999944599896 0.888826743329868
1.1 0.75 0.749999994869585 0.8658075668821728
1.1 0.725 0.7249999944182944 0.8571291820461804
1.1 0.7 0.6999999954289723 0.8207318974035147
1.1 0.675 0.6749999958794736 0.774507051759151
1.1 0.65 0.6499999958838824 0.778256760050328
1.1 0.625 0.6249999955563518 0.7500640525445774
1.1 0.6 0.5999999961420734 0.7264963074853272
1.1 0.575 0.5749999963251101 0.6434434339890414
1.1 0.55 0.5499999969501245 0.6266197829553412
1.1 0.525 0.5249999968619095 0.6234619352239541
1.1 0.5 0.49999999679714324 0.626828542352934
1.1 0.475 0.4749999965795273 0.585489619783515
1.1 0.45 0.44999999673079644 0.5237645896529797
1.1 0.425 0.42499999654419884 0.5280050959452057
1.1 0.4 0.3999999966427039 0.5069476698134089
1.1 0.375 0.3749999960937404 0.43919235148643454
1.1 0.35 0.3499999965187609 0.4135056610130984
1.1 0.325 0.32499999638081867 0.3670245345230809
1.1 0.3 0.29999999560780677 0.3218703546095459
1.1 0.275 0.27499999608386994 0.34416144540777077
1.1 0.25 0.2499999961997466 0.28877972105916144
1.1 0.225 0.22499999548680272 0.2559795495835055
1.1 0.2 0.19999999507523028 0.2304894280326307
1.1 0.175 0.17499999791869195 0.21903775853068028
1.1 0.15 0.14999999744777787 0.19478279516584057
1.1 0.125 0.1249999992658886 0.1613216091590461
1.1 0.1 0.10000000171968362 0.14981274238900386
1.1 0.075 0.07500000139794569 0.08650442069390657
1.1 0.05 0.05000000422026456 0.08667917390802121
1.1 0.025 0.02500000694207642 0.035211751904962965
1.2 0.975 0.9749999903097863 0.9991738231046561
1.2 0.95 0.9499999905729866 0.9985263031829031
1.2 0.925 0.9249999914279305 0.9972819412714697
1.2 0.9 0.899999991872602 0.9953761591350778
1.2 0.875 0.8749999921698676 0.9939458737045583
1.2 0.85 0.8499999925407196 0.9659809099575097
1.2 0.825 0.8249999931713269 0.9810455870844812
1.2 0.8 0.7999999933079128 0.9702137372374278
1.2 0.775 0.7749999943695267 0.9330333346130656
1.2 0.75 0.7499999945790151 0.9162470634121759
1.2 0.725 0.7249999951087894 0.8776574761570946
1.2 0.7 0.6999999957630486 0.8387664563288478
1.2 0.675 0.6749999956756086 0.8104560558135233
1.2 0.65 0.6499999960342064 0.8121101137379585
1.2 0.625 0.6249999960184411 0.7732928098492321
1.2 0.6 0.59999999616449 0.728237921821827
1.2 0.575 0.5749999966177035 0.6920773121701485
1.2 0.55 0.5499999965618032 0.6696454766154828
1.2 0.525 0.5249999958459876 0.652628833092971
1.2 0.5 0.49999999740649026 0.6288037524026985
1.2 0.475 0.47499999643108326 0.6097457165459153
1.2 0.45 0.44999999682575587 0.5336014821892212
1.2 0.425 0.4249999964477687 0.5111511765841705
1.2 0.4 0.3999999969842657 0.47482954107488806
1.2 0.375 0.37499999709710136 0.4626358934466196
1.2 0.35 0.34999999600752113 0.4664908458805372
1.2 0.325 0.32499999555156106 0.40707359914467894
1.2 0.3 0.29999999625612517 0.3927693223611025
1.2 0.275 0.2749999953529097 0.3193366370540149
1.2 0.25 0.24999999556077762 0.33242058544179154
1.2 0.225 0.22499999512493116 0.31041231184259455
1.2 0.2 0.1999999945469483 0.24704322823614597
1.2 0.175 0.174999994239264 0.2373840187277822
1.2 0.15 0.14999999689853646 0.18042966516350653
1.2 0.125 0.1250000037958489 0.15732717153976758
1.2 0.1 0.09999999949949193 0.12882319264268866
1.2 0.075 0.07500000642021734 0.07127636946238444
1.2 0.05 0.050000007112922996 0.06605774493967279
1.2 0.025 0.025000007061131636 0.052036967528073276
1.3 0.975 0.9749999903198745 0.9996767739566309
1.3 0.95 0.9499999906821973 0.9994313451117464
1.3 0.925 0.9249999911850425 0.9987723868634054
1.3 0.9 0.8999999917807125 0.9985411690473066
1.3 0.875 0.8749999924397729 0.9974432523037816
1.3 0.85 0.8499999926617885 0.9977591371099755
1.3 0.825 0.8249999930563444 0.9842700547914431
1.3 0.8 0.7999999934606572 0.9721044646495225
1.3 0.775 0.7749999941560597 0.965941504174007
1.3 0.75 0.749999994194195 0.934156758428091
1.3 0.725 0.7249999948279481 0.8823972396011875
1.3 0.7 0.6999999953103139 0.8776219302114935
1.3 0.675 0.6749999955255266 0.8689499863757622
1.3 0.65 0.6499999960443987 0.8384362913451223
1.3 0.625 0.6249999958470396 0.8255967814745622
1.3 0.6 0.5999999963500564 0.8043179753986687
1.3 0.575 0.574999997027686 0.7431040915933658
1.3 0.55 0.5499999967858917 0.7081006815185049
1.3 0.525 0.5249999958266256 0.6487563293924656
1.3 0.5 0.49999999652240834 0.6176596846616175
1.3 0.475 0.4749999966249673 0.6307609582455724
1.3 0.45 0.4499999964648114 0.5661580561447364
1.3 0.425 0.42499999594260823 0.5406991856212022
1.3 0.4 0.3999999964161917 0.5013153125847175
1.3 0.375 0.37499999658305905 0.4487563033618489
1.3 0.35 0.3499999963469332 0.46386616547806814
1.3 0.325 0.3249999958486195 0.3925525581823822
1.3 0.3 0.2999999960350994 0.38615043867922505
1.3 0.275 0.2749999966106876 0.32559152533363894
1.3 0.25 0.24999999477674884 0.3266038882470938
1.3 0.225 0.22499999445578056 0.30124854660523714
1.3 0.2 0.19999999542873065 0.2486831384528471
1.3 0.175 0.17499999466898947 0.22067546750791936
1.3 0.15 0.14999999461648378 0.2149612723843679
1.3 0.125 0.12499999438492404 0.18878503678783795
1.3 0.1 0.09999999899134204 0.0472381022222783
1.3 0.075 0.07500000588762752 0.0852910786838042
1.3 0.05 0.050000006832486996 0.05119029027885484
1.3 0.025 0.025000006463110753 0.03660603772553743
1.4 0.975 0.9749999902444134 0.9998969637767813
1.4 0.95 0.9499999906628698 0.9997743311714349
1.4 0.925 0.9249999913123779 0.9996388864840835
1.4 0.9 0.8999999917669175 0.9994732814481967
1.4 0.875 0.8749999923357972 0.9991477313863986
1.4 0.85 0.8499999928875095 0.9991578824865057
1.4 0.825 0.824999993315066 0.9989184224593934
1.4 0.8 0.7999999938410438 0.9907202032523491
1.4 0.775 0.7749999942487176 0.9927699011708022
1.4 0.75 0.7499999944131815 0.9671011537769776
1.4 0.725 0.7249999943959564 0.9370810321578894
1.4 0.7 0.6999999950828297 0.9120856224213238
1.4 0.675 0.6749999958656403 0.8956743424502621
1.4 0.65 0.6499999949504632 0.8347278243362615
1.4 0.625 0.6249999958821014 0.8281869653088479
1.4 0.6 0.5999999961295618 0.7984131001387003
1.4 0.575 0.5749999969381981 0.7733226702813676
1.4 0.55 0.5499999963423929 0.7449956262056329
1.4 0.525 0.524999997466898 0.7079670230349799
1.4 0.5 0.4999999962420786 0.6739895379995267
1.4 0.475 0.47499999704148843 0.6465944368999493
1.4 0.45 0.4499999965035686 0.6099751957294698
1.4 0.425 0.4249999971881263 0.5733016535712647
1.4 0.4 0.3999999967596078 0.5359017764067119
1.4 0.375 0.37499999658042216 0.5159037071401948
1.4 0.35 0.3499999968479858 0.4494879935255517
1.4 0.325 0.32499999633795007 0.4864904504824518
1.4 0.3 0.2999999959657837 0.3768574862227102
1.4 0.275 0.2749999956119481 0.3361029386559703
1.4 0.25 0.24999999607857032 0.35372374758397085
1.4 0.225 0.22499999471448096 0.3279548100440861
1.4 0.2 0.19999999582420291 0.28819721498392936
1.4 0.175 0.17499999465712973 0.21266183352371062
1.4 0.15 0.14999999657516858 0.18424595419280235
1.4 0.125 0.1249999967055631 0.147272685543028
1.4 0.1 0.10000000182006012 0.08564647875033896
1.4 0.075 0.07500000671484132 0.07906979627629636
1.4 0.05 0.050000006500020434 0.101860891959705
1.4 0.025 0.025000007061310996 -0.02635634728274967
1.5 0.975 0.9749999903225941 0.9999663408489781
1.5 0.95 0.949999990659876 0.9998761250985005
1.5 0.925 0.924999991221771 0.9998505040624691
1.5 0.9 0.8999999913698782 0.999836312640206
1.5 0.875 0.8749999920931615 0.9997699906652165
1.5 0.85 0.8499999926232169 0.9997189872015347
1.5 0.825 0.824999993490214 0.9996679165326124
1.5 0.8 0.7999999933722631 0.9956904203214794
1.5 0.775 0.7749999943723592 0.9972813957013589
1.5 0.75 0.7499999950081219 0.9674844397113663
1.5 0.725 0.7249999948625313 0.9785441314592532
1.5 0.7 0.6999999953917394 0.9586762886589228
1.5 0.675 0.6749999951784834 0.9315780052935964
1.5 0.65 0.6499999965356736 0.901567046543698
1.5 0.625 0.6249999966729901 0.8828160433312169
1.5 0.6 0.5999999956950404 0.8695246541126075
1.5 0.575 0.5749999966491639 0.8001067114993576
1.5 0.55 0.5499999968234779 0.7723991800319508
1.5 0.525 0.5249999962558102 0.7479958197765365
1.5 0.5 0.4999999966357823 0.7368396289923561
1.5 0.475 0.4749999973386201 0.6739013703542089
1.5 0.45 0.44999999613785724 0.6380741624102028
1.5 0.425 0.4249999963872006 0.5921290589216002
1.5 0.4 0.3999999965010738 0.5516487421734046
1.5 0.375 0.3749999963286693 0.5364017576446274
1.5 0.35 0.34999999635910706 0.4963058256205472
1.5 0.325 0.3249999956410555 0.475480861988746
1.5 0.3 0.2999999965674649 0.42398482972442536
1.5 0.275 0.2749999956254864 0.43260705570530184
1.5 0.25 0.24999999570475717 0.3567944547170397
1.5 0.225 0.22499999509053303 0.3040584829021319
1.5 0.2 0.19999999543967434 0.24932733657706935
1.5 0.175 0.17499999692626977 0.23219434376569162
1.5 0.15 0.14999999687585314 0.22544044169306762
1.5 0.125 0.12499999902723927 0.16274357588120442
1.5 0.1 0.10000000394988409 0.1638286193624901
1.5 0.075 0.07500000101825628 0.13793843731487865
1.5 0.05 0.05000000679085469 0.06147985650423256
1.5 0.025 0.025000006805751686 0.025825285783979357
1.6 0.975 0.9749999902836081 0.9999883258513893
1.6 0.95 0.9499999907548533 0.9999813081296562
1.6 0.925 0.9249999913443461 0.9999687238705508
1.6 0.9 0.8999999917520821 0.9999602824827282
1.6 0.875 0.8749999927340436 0.9999304740092987
1.6 0.85 0.8499999928615493 0.9998900471124443
1.6 0.825 0.8249999936902291 0.999906621624484
1.6 0.8 0.7999999932531401 0.9998972435518485
1.6 0.775 0.7749999945720514 0.9998588795321235
1.6 0.75 0.7499999952196588 0.9972027717199486
1.6 0.725 0.7249999955688002 0.986447082210886
1.6 0.7 0.6999999960582443 0.9828926499694978
1.6 0.675 0.6749999960142603 0.9328996072564536
1.6 0.65 0.6499999956703354 0.9458475770956577
1.6 0.625 0.6249999964579626 0.9176954089086617
1.6 0.6 0.5999999967697747 0.846022184687326
1.6 0.575 0.5749999964489442 0.8391477136518997
1.6 0.55 0.5499999962744011 0.8261000293062839
1.6 0.525 0.5249999963493611 0.7810673668226357
1.6 0.5 0.49999999644113285 0.718901983165242
1.6 0.475 0.47499999709856605 0.7158786502307316
1.6 0.45 0.4499999969083282 0.6926059628495337
1.6 0.425 0.4249999969076571 0.6186478167081045
1.6 0.4 0.39999999632208694 0.5457551635354856
1.6 0.375 0.37499999599610767 0.5473672950105517
1.6 0.35 0.34999999666892456 0.46647933963953037
1.6 0.325 0.32499999607664715 0.42452396659157443
1.6 0.3 0.2999999955848336 0.4407596226441287
1.6 0.275 0.2749999955349745 0.4000640425632021
1.6 0.25 0.2499999954987803 0.34184329298213345
1.6 0.225 0.22499999503937945 0.3414343422802756
1.6 0.2 0.1999999947532213 0.2827814749190175
1.6 0.175 0.17499999453947587 0.28976333181267133
1.6 0.15 0.14999999412175227 0.19097329611892247
1.6 0.125 0.12499999939876413 0.21047109576688397
1.6 0.1 0.10000000157998326 0.10365475130848996
1.6 0.075 0.07500000650843161 0.022552277415609938
1.6 0.05 0.050000006554511735 0.12291053991800124
1.6 0.025 0.025000007113560718 0.028807871949210185
1.7 0.975 0.9749999903054924 0.9999962996374059
1.7 0.95 0.9499999907057415 0.999994811297222
1.7 0.925 0.924999991195018 0.9999889614117032
1.7 0.9 0.8999999919144723 0.9999893488305354
1.7 0.875 0.8749999922420392 0.9999787613953977
1.7 0.85 0.8499999929842754 0.9999850411546166
1.7 0.825 0.8249999932135852 0.9999739831284306
1.7 0.8 0.7999999935663276 0.9999711280778476
1.7 0.775 0.7749999935246468 0.9999582116753697
1.7 0.75 0.7499999951461612 0.9999579241170796
1.7 0.725 0.7249999954347344 0.9999640786095523
1.7 0.7 0.6999999957815755 0.9608691427599327
1.7 0.675 0.6749999956330812 0.9834176541173933
1.7 0.65 0.6499999960627638 0.9671124391399906
1.7 0.625 0.6249999967543103 0.9718433775633752
1.7 0.6 0.5999999957382266 0.8928549492455418
1.7 0.575 0.5749999965562396 0.9244775245092282
1.7 0.55 0.5499999960763124 0.900324345533642
1.7 0.525 0.524999996610755 0.8610153926092228
1.7 0.5 0.4999999959859124 0.794282449755255
1.7 0.475 0.47499999641181 0.6628976128604716
1.7 0.45 0.4499999971949368 0.6843289856761317
1.7 0.425 0.42499999735853694 0.6102528133964268
1.7 0.4 0.39999999659122565 0.6319711240658594
1.7 0.375 0.3749999953506973 0.5548655572104708
1.7 0.35 0.3499999959728337 0.5365893136494589
1.7 0.325 0.32499999561078285 0.5315228624145039
1.7 0.3 0.29999999583916503 0.4855303464909449
1.7 0.275 0.2749999955612315 0.4204103285694247
1.7 0.25 0.24999999546772056 0.38376518077841937
1.7 0.225 0.22499999598069312 0.3616829324264693
1.7 0.2 0.19999999415331343 0.25252856897379916
1.7 0.175 0.174999994714176 0.29309490696349927
1.7 0.15 0.14999999696959437 0.23878992806848398
1.7 0.125 0.12499999922664469 0.20288831735310256
1.7 0.1 0.09999999732169981 0.1811496390371208
1.7 0.075 0.07499999899224512 0.13631739088275008
1.7 0.05 0.05000000692404347 0.07665186908832226
1.7 0.025 0.0250000069716236 0.03872906869499958
1.8 0.975 0.9749999903440176 0.9999991426723284
1.8 0.95 0.9499999908278955 0.9999988245009593
1.8 0.925 0.9249999912077538 0.9999979378341409
1.8 0.9 0.8999999916444346 0.9999942486650643
1.8 0.875 0.8749999921476711 0.999998389744831
1.8 0.85 0.8499999926677455 0.9999963945242956
1.8 0.825 0.8249999931304854 0.9999940006879335
1.8 0.8 0.79999999419536 0.9999941764499128
1.8 0.775 0.7749999941654114 0.9999916810394769
1.8 0.75 0.7499999946185545 0.9999905550221042
1.8 0.725 0.7249999939134975 0.9931329317330654
1.8 0.7 0.6999999950542088 0.9999887038478146
1.8 0.675 0.6749999956807038 0.9942584778143475
1.8 0.65 0.6499999958532687 0.9999888045287613
1.8 0.625 0.6249999962347956 0.9601940943181579
1.8 0.6 0.5999999960025242 0.9693843473430498
1.8 0.575 0.5749999964509375 0.916666539760655
1.8 0.55 0.5499999966452206 0.9003181529268345
1.8 0.525 0.5249999963583618 0.8143455848438658
1.8 0.5 0.49999999660568334 0.8790236624813005
1.8 0.475 0.47499999672771853 0.7010248615464463
1.8 0.45 0.4499999964081821 0.7410365068719986
1.8 0.425 0.42499999736488 0.6628353565235344
1.8 0.4 0.3999999966221233 0.6400898832441456
1.8 0.375 0.3749999964207054 0.6070731688850393
1.8 0.35 0.34999999603224874 0.5044675899792852
1.8 0.325 0.3249999960826436 0.5682589774939208
1.8 0.3 0.2999999961245551 0.5046803278661065
1.8 0.275 0.2749999956610637 0.4297504354323518
1.8 0.25 0.2499999954705215 0.3921749187615186
1.8 0.225 0.22499999473087845 0.3739432234360186
1.8 0.2 0.19999999451965814 0.31744855270474964
1.8 0.175 0.17499999480562947 0.3034061491140827
1.8 0.15 0.149999997583438 0.27157057053578665
1.8 0.125 0.12500000374898163 0.16937781670930718
1.8 0.1 0.09999999661588496 0.20192416026009846
1.8 0.075 0.07500000647324753 0.10540528347168784
1.8 0.05 0.05000000630815564 0.1355274507335836
1.8 0.025 0.025000007134458983 0.08131170776861059
1.9 0.975 0.9749999903317821 0.9999998322669642
1.9 0.95 0.949999990744173 0.999999718998881
1.9 0.925 0.9249999912062481 0.9999996408585113
1.9 0.9 0.8999999916842467 0.9999993244545831
1.9 0.875 0.8749999923875522 0.9999992726732454
1.9 0.85 0.8499999924614094 0.9999993135596646
1.9 0.825 0.8249999935801619 0.9999990760137368
1.9 0.8 0.7999999937872287 0.9999990777638825
1.9 0.775 0.7749999943500663 0.9999974856276663
1.9 0.75 0.7499999946258601 0.9999979315754415
1.9 0.725 0.7249999948683817 0.9999960567943658
1.9 0.7 0.6999999949443433 0.999997929177022
1.9 0.675 0.6749999965435826 0.9999977657398116
1.9 0.65 0.6499999959809057 0.9999970269219027
1.9 0.625 0.6249999957333838 0.9877403395556131
1.9 0.6 0.599999996642394 0.991821656886629
1.9 0.575 0.5749999965064369 0.984338765975805
1.9 0.55 0.549999996663795 0.9717670579573714
1.9 0.525 0.5249999966413651 0.8175770184157283
1.9 0.5 0.49999999732172606 0.8147588535882202
1.9 0.475 0.4749999966287698 0.7610640132825701
1.9 0.45 0.44999999614059655 0.7248346182516678
1.9 0.425 0.4249999960799231 0.7399635099444316
1.9 0.4 0.3999999961934145 0.6648542331398049
1.9 0.375 0.37499999615197066 0.6367018613981963
1.9 0.35 0.34999999626888656 0.5952847239617667
1.9 0.325 0.3249999952020022 0.5342985381457867
1.9 0.3 0.2999999958757389 0.5054051686302856
1.9 0.275 0.2749999958953292 0.452372647290851
1.9 0.25 0.24999999564634945 0.4264584732680884
1.9 0.225 0.22499999467662474 0.3220123687910728
1.9 0.2 0.19999999498089163 0.3542010281763407
1.9 0.175 0.17499999445739048 0.24400373688335453
1.9 0.15 0.14999999492664345 0.2853875506956086
1.9 0.125 0.12499999884380139 0.21811826634562856
1.9 0.1 0.1000000038616324 0.13201480327192275
1.9 0.075 0.07500000188773945 0.10625550950775012
1.9 0.05 0.05000000694804298 0.075600747907053
1.9 0.025 0.025000007135453334 0.11992592490289247
2.0 0.975 0.9749999903502262 0.9999999661305493
2.0 0.95 0.9499999906285537 0.9999999026861138
2.0 0.925 0.9249999911460112 0.9999998998446575
2.0 0.9 0.8999999917855467 0.9999998840722318
2.0 0.875 0.8749999920636785 0.9999998007739697
2.0 0.85 0.8499999931246025 0.9999997274507111
2.0 0.825 0.8249999932760129 0.9999997534024608
2.0 0.8 0.7999999938855815 0.999999680903462
2.0 0.775 0.774999994272816 0.9999996499377511
2.0 0.75 0.7499999947298216 0.9999997147027662
2.0 0.725 0.7249999947398554 0.9999994109381246
2.0 0.7 0.6999999956493783 0.9979189386771925
2.0 0.675 0.6749999959106991 0.9999995789893591
2.0 0.65 0.6499999960605202 0.9999996160164628
2.0 0.625 0.6249999962617355 0.9957500757820326
2.0 0.6 0.5999999962066782 0.9802286233094296
2.0 0.575 0.5749999958418236 0.9903480031196452
2.0 0.55 0.5499999963258487 0.97701453960997
2.0 0.525 0.5249999967902911 0.9169946361348016
2.0 0.5 0.49999999663830214 0.9534322099698423
2.0 0.475 0.47499999673099647 0.8894338393884123
2.0 0.45 0.4499999970446814 0.8237837466477211
2.0 0.425 0.42499999670160726 0.7565403527323528
2.0 0.4 0.3999999963935784 0.6698760737190496
2.0 0.375 0.37499999585487004 0.7568148350195744
2.0 0.35 0.3499999955107714 0.5769038432120595
2.0 0.325 0.32499999608291447 0.5840955581678956
2.0 0.3 0.29999999647185016 0.5230754264777437
2.0 0.275 0.2749999953168212 0.5068480480902812
2.0 0.25 0.24999999598321665 0.41832709824397696
2.0 0.225 0.22499999529792974 0.38020105954696537
2.0 0.2 0.19999999493635995 0.3058270444837263
2.0 0.175 0.17499999434129532 0.26058711787068434
2.0 0.15 0.1499999948250949 0.29276987373279995
2.0 0.125 0.1250000016188903 0.21477911027360483
2.0 0.1 0.10000000159698656 0.18708776513358896
2.0 0.075 0.07500000422721802 0.154293306046349
2.0 0.05 0.050000006977811026 0.1235557366612482
2.0 0.025 0.025000006903273586 0.05560266312226094
2.1 0.975 0.9749999902794853 0.999999994059884
2.1 0.95 0.9499999907854575 0.9999999817911019
2.1 0.925 0.9249999911884954 0.9999999842089003
2.1 0.9 0.8999999917909921 0.9999999709566861
2.1 0.875 0.874999992284636 0.9999999569124481
2.1 0.85 0.8499999925973103 0.999999974934626
2.1 0.825 0.8249999935867433 0.9999999330409599
2.1 0.8 0.7999999941317348 0.9999999365767142
2.1 0.775 0.7749999945137978 0.99999993960739
2.1 0.75 0.7499999948678409 0.9999999276165992
2.1 0.725 0.7249999953118632 0.9999999445571219
2.1 0.7 0.6999999955517737 0.9999998835082684
2.1 0.675 0.6749999959298562 0.9999999378065885
2.1 0.65 0.6499999960055437 0.9947431600999994
2.1 0.625 0.6249999959952108 0.9999999207105947
2.1 0.6 0.5999999969421198 0.999999861100523
2.1 0.575 0.5749999967181173 0.9759492030374517
2.1 0.55 0.5499999965252111 0.9949709018106011
2.1 0.525 0.524999997054033 0.9446305061363482
2.1 0.5 0.4999999963765167 0.9330327777859025
2.1 0.475 0.4749999966456603 0.9568112963044694
2.1 0.45 0.4499999961182211 0.9179211023446332
2.1 0.425 0.42499999647941467 0.72246551034638
2.1 0.4 0.39999999582245827 0.7456333656000838
2.1 0.375 0.37499999655866867 0.6815513061573413
2.1 0.35 0.3499999958952292 0.6368222568594041
2.1 0.325 0.3249999953792839 0.5631295780670313
2.1 0.3 0.29999999571987807 0.5845538088226123
2.1 0.275 0.2749999959075512 0.5290087644673495
2.1 0.25 0.24999999524970126 0.4599278264598194
2.1 0.225 0.2249999955182346 0.4759737780100764
2.1 0.2 0.19999999502837823 0.41693365130702054
2.1 0.175 0.17499999495104498 0.21317209933148495
2.1 0.15 0.1499999945240698 0.23116832842607166
2.1 0.125 0.12499999992289641 0.19032418822872899
2.1 0.1 0.10000000176138032 0.13175873653564268
2.1 0.075 0.07500000388572654 0.08371858272216084
2.1 0.05 0.05000000695679894 0.12487119837018668
2.1 0.025 0.02500000669660964 0.011284335385233272
2.2 0.975 0.9749999903262501 0.9999999992396369
2.2 0.95 0.9499999907625354 0.9999999982267722
2.2 0.925 0.9249999912261053 0.9999999984821007
2.2 0.9 0.8999999916907555 0.99999999597038
2.2 0.875 0.8749999921194409 0.9999999937658265
2.2 0.85 0.8499999925528867 0.9999999962611842
2.2 0.825 0.8249999934421274 0.999999992207259
2.2 0.8 0.7999999942251386 0.999999987002681
2.2 0.775 0.7749999940077551 0.9999999911804313
2.2 0.75 0.7499999946464551 0.999999992808967
2.2 0.725 0.724999995203039 0.9999999920254716
2.2 0.7 0.6999999954545432 0.9999999920027884
2.2 0.675 0.6749999954544539 0.9999999871762292
2.2 0.65 0.6499999958188005 0.9999999718372301
2.2 0.625 0.6249999957682332 0.9999999846807507
2.2 0.6 0.5999999963431515 0.9999999772344573
2.2 0.575 0.5749999962989836 0.9999999561617005
2.2 0.55 0.5499999963534741 0.9636680104854236
2.2 0.525 0.5249999972762059 0.9999999649397904
2.2 0.5 0.4999999967735933 0.9722966451685287
2.2 0.475 0.4749999969757203 0.9020497840019279
2.2 0.45 0.44999999724372336 0.8518751020376554
2.2 0.425 0.424999996783417 0.9282204616594163
2.2 0.4 0.3999999961391193 0.759194721231522
2.2 0.375 0.3749999963188301 0.7286266150465932
2.2 0.35 0.34999999625507355 0.7246537960736841
2.2 0.325 0.32499999579753697 0.6454392758049099
2.2 0.3 0.2999999962000678 0.5445474897575947
2.2 0.275 0.27499999512879264 0.4953842171794528
2.2 0.25 0.24999999508934118 0.4089926006859975
2.2 0.225 0.224999994907939 0.3865758830034767
2.2 0.2 0.1999999946161012 0.32867444670784474
2.2 0.175 0.1749999952622192 0.40825673101355386
2.2 0.15 0.14999999509515516 0.26595986894484336
2.2 0.125 0.12499999945176128 0.15399680995404735
2.2 0.1 0.09999999937794572 0.21769554720119205
2.2 0.075 0.07500000193830435 0.20843695072138363
2.2 0.05 0.050000006729387966 0.060138782682593116
2.2 0.025 0.02500000693578124 0.04170576763934331
2.3 0.975 0.974999990315094 0.9999999997772422
2.3 0.95 0.949999990762147 0.9999999997351372
2.3 0.925 0.9249999912295023 0.9999999996349457
2.3 0.9 0.8999999917076075 0.9999999990459069
2.3 0.875 0.8749999921243873 0.9999999993806655
2.3 0.85 0.8499999930656014 0.9999999984944179
2.3 0.825 0.8249999934730126 0.9999999985898489
2.3 0.8 0.7999999940132211 0.999999998912833
2.3 0.775 0.7749999936054486 0.9999999972324124
2.3 0.75 0.7499999947453388 0.9999999966622954
2.3 0.725 0.7249999953699697 0.9999999981447978
2.3 0.7 0.6999999952379309 0.9999999971272405
2.3 0.675 0.6749999958941587 0.999999996556566
2.3 0.65 0.6499999957419195 0.9999999963861272
2.3 0.625 0.6249999968067239 0.9999999980244281
2.3 0.6 0.5999999963055233 0.999999992318948
2.3 0.575 0.574999996929513 0.9948504282648539
2.3 0.55 0.5499999968436358 0.9999999906778821
2.3 0.525 0.5249999974582786 0.9873487833474861
2.3 0.5 0.4999999968170591 0.9805940348331512
2.3 0.475 0.47499999644380886 0.9404275431885025
2.3 0.45 0.4499999968679025 0.924587269434522
2.3 0.425 0.4249999970920008 0.8579965437821142
2.3 0.4 0.3999999968145006 0.8862401629159915
2.3 0.375 0.37499999528780603 0.8066033131350615
2.3 0.35 0.3499999964624103 0.7631420532082778
2.3 0.325 0.3249999966617503 0.6049033180859762
2.3 0.3 0.29999999610992156 0.5925973202432384
2.3 0.275 0.2749999955007979 0.48875980231676214
2.3 0.25 0.24999999585754593 0.5497591105439782
2.3 0.225 0.2249999961024633 0.4963421300887461
2.3 0.2 0.19999999516587247 0.4089961836186977
2.3 0.175 0.17499999536056426 0.30078702831833165
2.3 0.15 0.14999999500351074 0.2961624638544093
2.3 0.125 0.12499999470311877 0.19373615004274378
2.3 0.1 0.10000000158866565 0.2027363401776859
2.3 0.075 0.07500000631075614 0.13640746230012085
2.3 0.05 0.0500000068674716 0.02993134680411146
2.3 0.025 0.02500000665457301 -0.021529155226617136
2.4 0.975 0.9749999902785037 0.9999999999485187
2.4 0.95 0.9499999908222684 0.9999999999272429
2.4 0.925 0.9249999912153969 0.9999999999557876
2.4 0.9 0.8999999914595144 0.9999999998151139
2.4 0.875 0.8749999924717942 0.9999999999039311
2.4 0.85 0.8499999932147304 0.9999999999020845
2.4 0.825 0.8249999937679334 0.9999999998964858
2.4 0.8 0.7999999942647072 0.9999999997531834
2.4 0.775 0.7749999944204207 0.9999999996988176
2.4 0.75 0.7499999949974725 0.9999999998583903
2.4 0.725 0.7249999954672739 0.9999999992908875
2.4 0.7 0.699999995243336 0.9999999996312136
2.4 0.675 0.6749999955059842 0.9999999994140595
2.4 0.65 0.6499999965378305 0.9999999993981327
2.4 0.625 0.6249999965801702 0.9999999994502785
2.4 0.6 0.5999999964461906 0.9999999990618
2.4 0.575 0.5749999966754702 0.9999999989960185
2.4 0.55 0.5499999961809893 0.9999999993134612
2.4 0.525 0.5249999963367189 0.995802680878757
2.4 0.5 0.4999999968984567 0.9890928460230818
2.4 0.475 0.4749999968021649 0.9659843216161121
2.4 0.45 0.4499999964541804 0.9825933976669919
2.4 0.425 0.4249999966988239 0.9154227427661038
2.4 0.4 0.39999999692947324 0.9549714103787383
2.4 0.375 0.3749999963599897 0.7651412999986301
2.4 0.35 0.3499999956994969 0.7969797535867782
2.4 0.325 0.32499999613816016 0.7245952854872695
2.4 0.3 0.29999999549658096 0.6940666084936038
2.4 0.275 0.2749999959171654 0.5379749219802679
2.4 0.25 0.24999999574917173 0.6052534199864064
2.4 0.225 0.22499999520477357 0.4502963761360583
2.4 0.2 0.1999999952102436 0.41821205577044873
2.4 0.175 0.17499999513682596 0.377216292099215
2.4 0.15 0.14999999694160163 0.3738217729506036
2.4 0.125 0.1249999970222273 0.23843024115214934
2.4 0.1 0.10000000143653673 0.27698347026556724
2.4 0.075 0.0750000038951046 0.12970844757664182
2.4 0.05 0.05000000715747781 0.004763738684738034
2.4 0.025 0.025000007274441342 0.015937034873022747
2.5 0.975 0.9749999902446094 0.9999999999805936
2.5 0.95 0.9499999906003751 0.9999999999792697
2.5 0.925 0.924999991150701 0.9999999999723552
2.5 0.9 0.8999999915906344 0.9999999999742124
2.5 0.875 0.8749999920453002 0.9999999999800291
2.5 0.85 0.8499999930705707 0.9999999999683569
2.5 0.825 0.8249999933031844 0.9999999999394712
2.5 0.8 0.7999999938923533 0.999999999939949
2.5 0.775 0.7749999938938835 0.9999999999659552
2.5 0.75 0.7499999948438971 0.9999999999061335
2.5 0.725 0.7249999951091589 0.999999999918313
2.5 0.7 0.699999995682691 0.999999999822256
2.5 0.675 0.6749999957159166 0.9999999999147166
2.5 0.65 0.6499999962002551 0.9999999998871841
2.5 0.625 0.6249999965192814 0.9999999999248883
2.5 0.6 0.5999999963774147 0.9999999999662688
2.5 0.575 0.57499999642096 0.9999999997855664
2.5 0.55 0.5499999969730138 0.9999999998410315
2.5 0.525 0.5249999969458069 0.9937858506033951
2.5 0.5 0.499999996377945 0.9999999998968783
2.5 0.475 0.47499999695509787 0.9999996918205358
2.5 0.45 0.44999999690358605 0.9689956710614188
2.5 0.425 0.42499999695721913 0.9503972025334975
2.5 0.4 0.39999999695365007 0.8968768551346887
2.5 0.375 0.37499999645264365 0.9234287795740128
2.5 0.35 0.34999999526528003 0.6965796000700694
2.5 0.325 0.32499999572025945 0.7241293807233617
2.5 0.3 0.29999999593145704 0.7364671752786774
2.5 0.275 0.27499999560012506 0.6532775333855649
2.5 0.25 0.24999999579624413 0.544319369015695
2.5 0.225 0.22499999529360842 0.4397021342370575
2.5 0.2 0.19999999505849647 0.45623920379292865
2.5 0.175 0.17499999475004419 0.3633437280010957
2.5 0.15 0.14999999456465157 0.3172461663981658
2.5 0.125 0.1249999964265183 0.2500367510927438
2.5 0.1 0.09999999950475764 0.22512695680935924
2.5 0.075 0.07500000410073844 0.17879312534183905
2.5 0.05 0.05000000690715691 0.11764997792506164
2.5 0.025 0.025000007179382704 0.07317582095495265
2.6 0.975 0.9749999903312105 0.9999999999849433
2.6 0.95 0.9499999907294981 0.9999999999845753
2.6 0.925 0.9249999913924561 0.9999999999829512
2.6 0.9 0.8999999917925713 0.9999999999827655
2.6 0.875 0.8749999923629541 0.9999999999824858
2.6 0.85 0.8499999925641111 0.9999999999834512
2.6 0.825 0.8249999927850954 0.9999999999819774
2.6 0.8 0.7999999937626153 0.9999999999829386
2.6 0.775 0.7749999940864105 0.9999999999654801
2.6 0.75 0.7499999950575222 0.9999999999779924
2.6 0.725 0.7249999954110795 0.9999999999808861
2.6 0.7 0.699999995655727 0.9999999999824756
2.6 0.675 0.6749999956142423 0.9999999999839837
2.6 0.65 0.64999999574348 0.9999999999747038
2.6 0.625 0.6249999964515343 0.9999999999676448
2.6 0.6 0.5999999968262159 0.9999999999688287
2.6 0.575 0.5749999965004309 0.9999999999841366
2.6 0.55 0.5499999970111058 0.9999999999337659
2.6 0.525 0.5249999966725077 0.9999999999749074
2.6 0.5 0.49999999651719945 0.9856243034310834
2.6 0.475 0.4749999972522468 0.9999999999743789
2.6 0.45 0.44999999659566015 0.9917110417269495
2.6 0.425 0.42499999649140524 0.981812767940119
2.6 0.4 0.39999999616133025 0.9401599690208726
2.6 0.375 0.37499999588389055 0.9059741094571786
2.6 0.35 0.3499999963552704 0.990356164988589
2.6 0.325 0.32499999627435733 0.805211666966844
2.6 0.3 0.2999999964650641 0.7134334562078088
2.6 0.275 0.27499999626933963 0.7223693754676084
2.6 0.25 0.24999999574253545 0.5983348226023475
2.6 0.225 0.22499999553682554 0.5589750193034227
2.6 0.2 0.19999999474258323 0.5389046715050807
2.6 0.175 0.17499999735269556 0.44575780365556
2.6 0.15 0.14999999774365702 0.3778508547949178
2.6 0.125 0.12499999656558743 0.3099018153204613
2.6 0.1 0.1000000015089215 0.25135633247096234
2.6 0.075 0.07500000662635604 0.1979685928277494
2.6 0.05 0.050000006770381814 0.07812912880491155
2.6 0.025 0.025000007045748986 0.007828801810719202
2.7 0.975 0.974999990316453 0.9999999999856459
2.7 0.95 0.949999990829081 0.9999999999859774
2.7 0.925 0.924999991030432 0.9999999999869262
2.7 0.9 0.8999999916837149 0.9999999999868348
2.7 0.875 0.874999992239769 0.9999999999867635
2.7 0.85 0.8499999930535953 0.9999999999863615
2.7 0.825 0.8249999931137058 0.9999999999855195
2.7 0.8 0.7999999936537503 0.9999999999862286
2.7 0.775 0.7749999946661831 0.9999999999859597
2.7 0.75 0.7499999941638337 0.9999999999861341
2.7 0.725 0.7249999950094921 0.9999999999866886
2.7 0.7 0.6999999948931295 0.9999999999866658
2.7 0.675 0.6749999958714461 0.9999999999880883
2.7 0.65 0.6499999961951961 0.9999999999869381
2.7 0.625 0.6249999966261364 0.999999999986563
2.7 0.6 0.5999999962310291 0.9999999999859914
2.7 0.575 0.5749999966625131 0.9999999999855284
2.7 0.55 0.5499999967426759 0.9999999999864834
2.7 0.525 0.5249999965119744 0.9999999999863334
2.7 0.5 0.4999999969983423 0.9950663632677685
2.7 0.475 0.4749999968837336 0.9999999999868198
2.7 0.45 0.44999999636816346 0.9930790733490469
2.7 0.425 0.4249999961140306 0.9999999999817961
2.7 0.4 0.39999999635244626 0.9758693062170749
2.7 0.375 0.37499999642617865 0.976152535244864
2.7 0.35 0.34999999648056124 0.9549947244376462
2.7 0.325 0.32499999628777426 0.81524051281068
2.7 0.3 0.29999999562320995 0.8123346001330685
2.7 0.275 0.27499999536951814 0.6573321266124985
2.7 0.25 0.24999999467399406 0.6218672978567018
2.7 0.225 0.22499999530825407 0.6180950180969191
2.7 0.2 0.1999999952917976 0.5111766479406155
2.7 0.175 0.17499999427241392 0.3831477613493218
2.7 0.15 0.149999996938949 0.4331671463347188
2.7 0.125 0.1250000018845672 0.2937208223824491
2.7 0.1 0.10000000194509591 0.23497601626427586
2.7 0.075 0.07500000441114671 0.1562365395975961
2.7 0.05 0.05000000405533859 -0.0030425572083232185
2.7 0.025 0.025000007028631772 0.053508124529339986
2.8 0.975 0.9749999902801546 0.999999999989452
2.8 0.95 0.9499999907528224 0.9999999999887581
2.8 0.925 0.9249999909455546 0.9999999999877268
2.8 0.9 0.8999999919201853 0.9999999999868047
2.8 0.875 0.8749999923836669 0.9999999999887186
2.8 0.85 0.8499999927071563 0.9999999999888256
2.8 0.825 0.8249999937740433 0.999999999988385
2.8 0.8 0.7999999941728124 0.999999999987954
2.8 0.775 0.7749999946856357 0.9999999999884335
2.8 0.75 0.7499999948707524 0.9999999999885931
2.8 0.725 0.7249999948985313 0.9999999999888395
2.8 0.7 0.6999999949031549 0.9999999999886535
2.8 0.675 0.674999995741008 0.999999999988136
2.8 0.65 0.6499999958998954 0.9999999999882055
2.8 0.625 0.624999996011993 0.9999999999882728
2.8 0.6 0.5999999964551077 0.9999999999879327
2.8 0.575 0.5749999965519204 0.9999999999889588
2.8 0.55 0.5499999963639495 0.9999999999882329
2.8 0.525 0.524999996246811 0.9999999999881186
2.8 0.5 0.4999999968925718 0.9999999999886805
2.8 0.475 0.47499999588636566 0.9999999999877811
2.8 0.45 0.44999999688969117 0.9926763986580326
2.8 0.425 0.42499999651272197 0.9937515438528768
2.8 0.4 0.39999999658515284 0.9999999999683254
2.8 0.375 0.37499999659623295 0.944726715428559
2.8 0.35 0.34999999579596536 0.941597161520075
2.8 0.325 0.3249999961951638 0.9728728641251989
2.8 0.3 0.2999999958412225 0.8936179072394557
2.8 0.275 0.27499999590343344 0.767873301568958
2.8 0.25 0.24999999615057486 0.8008947570754618
2.8 0.225 0.22499999514463004 0.5743972957704464
2.8 0.2 0.19999999473849955 0.5308223576788029
2.8 0.175 0.17499999782951275 0.4881547253543387
2.8 0.15 0.14999999421245652 0.4307146412407003
2.8 0.125 0.12499999940255002 0.35400643223165434
2.8 0.1 0.10000000338800799 0.27691152640791755
2.8 0.075 0.07500000647116468 0.14121419113760894
2.8 0.05 0.050000006697750995 0.13008673897521553
2.8 0.025 0.025000006815559427 0.03765851313753264
2.9 0.975 0.9749999902954416 0.9999999999897586
2.9 0.95 0.9499999907708785 0.9999999999906084
2.9 0.925 0.9249999912546663 0.9999999999902339
2.9 0.9 0.8999999918500506 0.9999999999893963
2.9 0.875 0.874999992322478 0.9999999999893749
2.9 0.85 0.8499999928061058 0.9999999999907493
2.9 0.825 0.8249999933186469 0.999999999990402
2.9 0.8 0.7999999938177135 0.9999999999901353
2.9 0.775 0.7749999943798878 0.9999999999903629
2.9 0.75 0.7499999948054661 0.999999999990035
2.9 0.725 0.7249999953458218 0.9999999999899654
2.9 0.7 0.6999999951164426 0.9999999999901522
2.9 0.675 0.6749999957177366 0.9999999999899206
2.9 0.65 0.6499999954809034 0.9999999999906036
2.9 0.625 0.6249999956372945 0.9999999999902665
2.9 0.6 0.5999999965158804 0.9999999999901398
2.9 0.575 0.5749999967219741 0.9999999999895186
2.9 0.55 0.5499999961960004 0.9999999999891955
2.9 0.525 0.5249999963110739 0.9999999999900817
2.9 0.5 0.49999999589248134 0.9999999999902999
2.9 0.475 0.47499999653415975 0.9999999999898517
2.9 0.45 0.4499999966511387 0.9999999999899158
2.9 0.425 0.42499999651333215 0.9719690357700348
2.9 0.4 0.39999999714057344 0.9740639334522729
2.9 0.375 0.37499999624840485 0.9934374772682336
2.9 0.35 0.3499999957361686 0.9999999999899266
2.9 0.325 0.32499999609056934 0.96218595023488
2.9 0.3 0.2999999956968473 0.8593175172098373
2.9 0.275 0.27499999534443503 0.8214809810585599
2.9 0.25 0.24999999522296362 0.9063997093558145
2.9 0.225 0.22499999522715317 0.5528834701609081
2.9 0.2 0.19999999516689856 0.5346739937697242
2.9 0.175 0.1749999952694361 0.5062216457677314
2.9 0.15 0.1499999949894106 0.5296431757236846
2.9 0.125 0.12499999683198329 0.34659538886264785
2.9 0.1 0.10000000163442888 0.19448183321610563
2.9 0.075 0.07500000416652056 0.32437513544664354
2.9 0.05 0.05000000702067796 0.15321636023178395
2.9 0.025 0.02500000695753855 0.0062288432294480165
