1.0 0.975 0.9749999902627158 0.9977031651930297
1.0 0.95 0.9499999908123813 0.9933739500777996
1.0 0.925 0.9249999911773324 0.9822744242244144
1.0 0.9 0.8999999917644802 0.9826720727873223
1.0 0.875 0.8749999922709344 0.9480057296130735
1.0 0.85 0.8499999925468803 0.9496431321078104
1.0 0.825 0.8249999936666803 0.9161220597221963
1.0 0.8 0.7999999935612087 0.887453450044077
1.0 0.775 0.774999993933519 0.8625937588532698
1.0 0.75 0.7499999948187905 0.8215565786665154
1.0 0.725 0.7249999957768007 0.7945420062883581
1.0 0.7 0.6999999957756596 0.7948066941853936
1.0 0.675 0.6749999956610417 0.7375226215612568
1.0 0.65 0.6499999958684416 0.7286736709992757
1.0 0.625 0.6249999959113239 0.6937501790525422
1.0 0.6 0.5999999963758185 0.6571860726790562
1.0 0.575 0.5749999968074008 0.6535279804749768
1.0 0.55 0.549999996718285 0.6219450382808903
1.0 0.525 0.5249999959984528 0.5717356822432407
1.0 0.5 0.49999999725185146 0.5504328659077379
1.0 0.475 0.4749999967576846 0.5273349633209976
1.0 0.45 0.4499999970231922 0.4662878411116642
1.0 0.425 0.42499999681451206 0.4965334490612535
1.0 0.4 0.39999999536054565 0.45301349983371725
1.0 0.375 0.3749999959419353 0.3925343632845183
1.0 0.35 0.3499999957260448 0.37643049029424863
1.0 0.325 0.324999996406523 0.3985488010540736
1.0 0.3 0.2999999956786231 0.33421575195481756
1.0 0.275 0.27499999565537003 0.29049800132322035
1.0 0.25 0.24999999529400596 0.261010147212404
1.0 0.225 0.22499999562050776 0.24892546891505002
1.0 0.2 0.19999999510656868 0.21985862780123583
1.0 0.175 0.17499999716587866 0.21648443763960312
1.0 0.15 0.14999999944958625 0.1904637835075052
1.0 0.125 0.12499999721801518 0.14803854822203108
1.0 0.1 0.09999999679648637 0.11493101598293984
1.0 0.075 0.07500000372283575 0.04477319616578869
1.0 0.05 0.050000004160996495 0.04234670981626502
1.0 0.025 0.02500000440975212 0.044038487378694965
1.1 0.975 0.9749999902758997 0.9990009354211503
1.1 0.95 0.9499999907060133 0.997417187427635
1.1 0.925 0.9249999912304148 0.9945248560885902
1.1 0.9 0.899999991585567 0.9784955421812223
1.1 0.875 0.874999992203842 0.9836375950671051
1.1 0.85 0.8499999931681469 0.9637798696575256
1.1 0.825 0.8249999929556143 0.9411125252940474
1.1 0.8 0.7999999938683908 0.9056373725811004
1.1 0.775 0.7749999939379807 0.8632769966834705
1.1 0.75 0.7499999942637953 0.8567829997207292
1.1 0.725 0.724999995471702 0.8530715729745755
1.1 0.7 0.6999999954907572 0.8265435719891336
1.1 0.675 0.6749999957578223 0.784686114772891
1.1 0.65 0.649999996263926 0.7415216494417101
1.1 0.625 0.6249999961687793 0.7082084415049639
1.1 0.6 0.5999999966704708 0.6567535588397789
1.1 0.575 0.5749999971775474 0.6660401699108283
1.1 0.55 0.5499999974027985 0.6069755229661016
1.1 0.525 0.5249999970472485 0.5796754122461969
1.1 0.5 0.4999999964911708 0.5543953789448398
1.1 0.475 0.4749999964492161 0.5430925321429384
1.1 0.45 0.4499999966323866 0.4779796517761244
1.1 0.425 0.4249999967140273 0.4479424365640277
1.1 0.4 0.39999999646033074 0.39027479653260655
1.1 0.375 0.37499999571902853 0.39395714433568724
1.1 0.35 0.3499999961873244 0.4063527368387856
1.1 0.325 0.3249999963334634 0.3656615024465214
1.1 0.3 0.2999999964243933 0.31923825913227855
1.1 0.275 0.27499999502462347 0.31554000579087305
1.1 0.25 0.2499999957863662 0.29969372844538766
1.1 0.225 0.2249999956552652 0.27779630633452346
1.1 0.2 0.1999999949721631 0.17316310874146307
1.1 0.175 0.17499999502698413 0.17860508276729667
1.1 0.15 0.14999999749628828 0.1655405259495551
1.1 0.125 0.12499999428132573 0.15766292970025236
1.1 0.1 0.09999999755710251 0.08066642798717671
1.1 0.075 0.07499999862224824 0.04425135900075951
1.1 0.05 0.05000000683210154 0.014289286031140408
1.1 0.025 0.025000004505008118 0.028635001395641714
1.2 0.975 0.9749999903106241 0.999566416305257
1.2 0.95 0.9499999906583503 0.9992767269975706
1.2 0.925 0.9249999910469716 0.9989132804725577
1.2 0.9 0.8999999918731906 0.9956347686097562
1.2 0.875 0.8749999925304515 0.9885941714426011
1.2 0.85 0.8499999925746826 0.9713344776990495
1.2 0.825 0.8249999930921186 0.9822787359632607
1.2 0.8 0.7999999938175818 0.9501383965676077
1.2 0.775 0.7749999938545351 0.9139700186588151
1.2 0.75 0.7499999940381239 0.9213942313987925
1.2 0.725 0.7249999951122269 0.8553732774202658
1.2 0.7 0.6999999949338045 0.8361328239575991
1.2 0.675 0.6749999960235804 0.7741271222838808
1.2 0.65 0.6499999963012381 0.7490909699946615
1.2 0.625 0.6249999964085851 0.7595053897368459
1.2 0.6 0.5999999960744018 0.6773862695958904
1.2 0.575 0.5749999965332029 0.7161336169675483
1.2 0.55 0.549999996770364 0.662181666736333
1.2 0.525 0.5249999964609599 0.6007873140815789
1.2 0.5 0.4999999964939176 0.6140767163514378
1.2 0.475 0.47499999657415615 0.5217623656666737
1.2 0.45 0.44999999723649176 0.5076952656166117
1.2 0.425 0.4249999958970433 0.41853936913571277
1.2 0.4 0.3999999970197962 0.4365032953814956
1.2 0.375 0.37499999570779546 0.3969613632857375
1.2 0.35 0.3499999961997641 0.34210065514065235
1.2 0.325 0.32499999619368297 0.3889070068673731
1.2 0.3 0.29999999596538734 0.2933986327673831
1.2 0.275 0.2749999955486847 0.2766821537944537
1.2 0.25 0.2499999954521793 0.23824431038704924
1.2 0.225 0.22499999606593377 0.22543822987122147
1.2 0.2 0.19999999559415915 0.23275137649821093
1.2 0.175 0.1749999950410103 0.1776338719324563
1.2 0.15 0.14999999926586932 0.07750753568311534
1.2 0.125 0.12499999474967546 0.1527044149436055
1.2 0.1 0.09999999928367082 0.151282808202085
1.2 0.075 0.07500000175899771 0.05783696965914535
1.2 0.05 0.05000000417228192 0.05944510427691083
1.2 0.025 0.02500000727649772 0.014814917810309042
1.3 0.975 0.974999990279444 0.9998617237217179
1.3 0.95 0.9499999905825625 0.999825645108683
1.3 0.925 0.9249999912175195 0.9997276230730682
1.3 0.9 0.8999999917453365 0.9994316334411382
1.3 0.875 0.8749999921980688 0.9994759028871305
1.3 0.85 0.8499999928105751 0.9994977187246381
1.3 0.825 0.8249999930517466 0.9902525410693672
1.3 0.8 0.7999999935629607 0.9758763887185727
1.3 0.775 0.7749999943921937 0.9645602782261757
1.3 0.75 0.749999994546404 0.9605968268053073
1.3 0.725 0.7249999953331611 0.907632539026818
1.3 0.7 0.6999999955605194 0.900861000483974
1.3 0.675 0.6749999959547164 0.809043983550589
1.3 0.65 0.6499999962498609 0.8028010725690782
1.3 0.625 0.6249999960970789 0.7915994234199232
1.3 0.6 0.5999999961742152 0.7494093307134315
1.3 0.575 0.5749999968557608 0.7337148539409383
1.3 0.55 0.5499999967841777 0.7151835602028498
1.3 0.525 0.5249999969905063 0.6215758052877305
1.3 0.5 0.4999999964645784 0.6392956267464489
1.3 0.475 0.47499999598594744 0.5624457446383857
1.3 0.45 0.44999999667233154 0.4959375548712789
1.3 0.425 0.4249999966355755 0.4818522021214598
1.3 0.4 0.3999999968285132 0.4563058898892008
1.3 0.375 0.37499999602414996 0.4562050271195731
1.3 0.35 0.34999999568386075 0.3717481353802092
1.3 0.325 0.3249999963889005 0.3555790963705856
1.3 0.3 0.2999999959735468 0.32827072488826453
1.3 0.275 0.27499999611852066 0.3358079349803818
1.3 0.25 0.24999999537016082 0.2959707387001919
1.3 0.225 0.22499999431071313 0.25065611776142205
1.3 0.2 0.19999999435470533 0.2626850892302012
1.3 0.175 0.17499999756175788 0.19177813972318397
1.3 0.15 0.14999999662651148 0.14191588793138296
1.3 0.125 0.12499999710601281 0.07138300637110721
1.3 0.1 0.10000000176195148 0.088982580517958
1.3 0.075 0.07499999936091453 0.05059687449647443
1.3 0.05 0.050000004049273475 0.038482530734654144
1.3 0.025 0.025000006687525545 0.03632283104602578
1.4 0.975 0.974999990325329 0.9999857655227746
1.4 0.95 0.9499999907864064 0.9999629011959769
1.4 0.925 0.924999991238679 0.9999203260263814
1.4 0.9 0.8999999918535531 0.9999080647351724
1.4 0.875 0.8749999922222409 0.9998691837456095
1.4 0.85 0.8499999924394366 0.9962060148238621
1.4 0.825 0.824999993245935 0.9892721217675599
1.4 0.8 0.7999999932216761 0.9803730786579313
1.4 0.775 0.7749999936442896 0.9895596956068958
1.4 0.75 0.749999994871074 0.9593086376459145
1.4 0.725 0.7249999949328213 0.9361681017188707
1.4 0.7 0.6999999950305427 0.9040164628188296
1.4 0.675 0.6749999954345461 0.8685917584943471
1.4 0.65 0.6499999961599228 0.802904129645091
1.4 0.625 0.6249999957451747 0.8381568212293281
1.4 0.6 0.5999999966050606 0.8435105599979398
1.4 0.575 0.5749999967546129 0.7588876589952951
1.4 0.55 0.5499999973945703 0.6899993006732158
1.4 0.525 0.5249999965434151 0.6828806430861694
1.4 0.5 0.49999999636517584 0.5964750722885919
1.4 0.475 0.47499999757725436 0.6285046072098158
1.4 0.45 0.44999999667745694 0.5291425362560236
1.4 0.425 0.4249999977266 0.46192206017475435
1.4 0.4 0.3999999962140888 0.48611018346162316
1.4 0.375 0.3749999966095042 0.47843816917625936
1.4 0.35 0.34999999628691675 0.42144259930632033
1.4 0.325 0.324999995952027 0.35958822538642227
1.4 0.3 0.2999999956592748 0.29458641681567693
1.4 0.275 0.2749999952398626 0.3151342260677097
1.4 0.25 0.2499999962323526 0.30979163724059394
1.4 0.225 0.22499999525585093 0.259001860431088
1.4 0.2 0.19999999505162872 0.20895665489050344
1.4 0.175 0.17499999738754607 0.18121458817188443
1.4 0.15 0.14999999666692135 0.178818756498709
1.4 0.125 0.12500000147904905 0.09983340404155651
1.4 0.1 0.10000000134170621 0.20832508616785614
1.4 0.075 0.07500000660992566 0.06500479392059262
1.4 0.05 0.05000000690963815 0.09348101227685739
1.4 0.025 0.025000006952821237 0.05588885538326518
1.5 0.975 0.974999990277962 0.9999969421480263
1.5 0.95 0.9499999907505534 0.9999894005860736
1.5 0.925 0.9249999912776898 0.999994701163312
1.5 0.9 0.8999999917956869 0.9999846439989634
1.5 0.875 0.8749999917980537 0.9999767627185356
1.5 0.85 0.8499999930036853 0.9999810865332771
1.5 0.825 0.8249999930334362 0.9999715010225183
1.5 0.8 0.7999999938843545 0.9999764210562685
1.5 0.775 0.7749999948722585 0.9999819097595648
1.5 0.75 0.7499999949645005 0.9999512086940328
1.5 0.725 0.7249999947099397 0.9659261289866427
1.5 0.7 0.6999999954134761 0.978412615760574
1.5 0.675 0.6749999954659403 0.9052529874514009
1.5 0.65 0.6499999963884238 0.8551160221117236
1.5 0.625 0.6249999963034466 0.8648116566472808
1.5 0.6 0.5999999969944768 0.8464706228195664
1.5 0.575 0.5749999969775975 0.7047124708253218
1.5 0.55 0.549999996271999 0.7754485747822603
1.5 0.525 0.5249999965634221 0.6871893139433428
1.5 0.5 0.49999999586451854 0.6359198321761278
1.5 0.475 0.4749999969355178 0.6399988372837532
1.5 0.45 0.44999999714816263 0.5746546627692017
1.5 0.425 0.4249999965629945 0.6127897476554734
1.5 0.4 0.3999999967955469 0.5317624974074411
1.5 0.375 0.3749999964966333 0.4992491960091289
1.5 0.35 0.34999999638548396 0.4552116621698308
1.5 0.325 0.3249999952355864 0.394990432719725
1.5 0.3 0.2999999960336588 0.39156300899723895
1.5 0.275 0.27499999536979897 0.3184387165467905
1.5 0.25 0.24999999560742242 0.33356931466526263
1.5 0.225 0.22499999516416264 0.2857482486655153
1.5 0.2 0.19999999484583253 0.2163396862609782
1.5 0.175 0.17499999509659075 0.24984184111142546
1.5 0.15 0.14999999692543034 0.11952268408663089
1.5 0.125 0.12499999747472065 0.14172326570730018
1.5 0.1 0.10000000138166369 0.20614164663328188
1.5 0.075 0.0750000013783957 0.05007329699395604
1.5 0.05 0.050000006698761604 0.06593351319095578
1.5 0.025 0.025000004076152278 0.017072933245996975
1.6 0.975 0.9749999903327163 0.9999996416072883
1.6 0.95 0.9499999906726527 0.9999994303015434
1.6 0.925 0.9249999912825599 0.9999993384704734
1.6 0.9 0.899999991827969 0.9999991494274374
1.6 0.875 0.8749999923794556 0.9999979594701545
1.6 0.85 0.8499999928916244 0.9999970762007224
1.6 0.825 0.824999993736727 0.9999970487410735
1.6 0.8 0.7999999940902798 0.9999989241548191
1.6 0.775 0.7749999942770323 0.9999977100421408
1.6 0.75 0.74999999463838 0.9999982835246456
1.6 0.725 0.7249999954719382 0.9999971091336896
1.6 0.7 0.6999999949207559 0.9999905287775237
1.6 0.675 0.6749999956346617 0.9544798912998249
1.6 0.65 0.6499999960700226 0.9560537084625933
1.6 0.625 0.624999996234217 0.9565688545911601
1.6 0.6 0.5999999974778767 0.7579379982611124
1.6 0.575 0.5749999966417862 0.8644774950751467
1.6 0.55 0.54999999684881 0.8192229438436536
1.6 0.525 0.5249999969784347 0.7917541869320048
1.6 0.5 0.49999999682032203 0.73118281267868
1.6 0.475 0.47499999631720274 0.6031810582658886
1.6 0.45 0.4499999963367536 0.626903256264186
1.6 0.425 0.4249999959537556 0.5607835738369813
1.6 0.4 0.3999999959980351 0.4954245451218776
1.6 0.375 0.37499999598088535 0.570543370409095
1.6 0.35 0.3499999967873756 0.5405757844502943
1.6 0.325 0.3249999968282806 0.43348199623024214
1.6 0.3 0.2999999949693302 0.4184510971768979
1.6 0.275 0.2749999956497582 0.422246278553483
1.6 0.25 0.24999999481776508 0.3852879742135954
1.6 0.225 0.22499999539870616 0.22996881282728818
1.6 0.2 0.19999999510633354 0.27494398927857383
1.6 0.175 0.17499999557186885 0.2598201572694139
1.6 0.15 0.14999999656510707 0.18677363117497414
1.6 0.125 0.12499999525865604 0.10843909406658706
1.6 0.1 0.10000000431883518 0.09971964448430044
1.6 0.075 0.07500000394918184 0.05337968292823688
1.6 0.05 0.05000000688692714 0.03478332523677775
1.6 0.025 0.025000004441275925 0.002786545505869724
1.7 0.975 0.974999990333092 0.9999999373860499
1.7 0.95 0.9499999908098149 0.9999998796307912
1.7 0.925 0.9249999912118383 0.9999998790804296
1.7 0.9 0.8999999915554998 0.9999999589650926
1.7 0.875 0.8749999920616333 0.9999999074506082
1.7 0.85 0.8499999926505339 0.9999998807179699
1.7 0.825 0.8249999932121865 0.9999994933554875
1.7 0.8 0.7999999939709292 0.9999994635364813
1.7 0.775 0.7749999938730281 0.9999993225244724
1.7 0.75 0.7499999945550183 0.9999998198900242
1.7 0.725 0.7249999942634227 0.9999997802349814
1.7 0.7 0.6999999960297736 0.9869570467420969
1.7 0.675 0.6749999955148873 0.9834023443983272
1.7 0.65 0.6499999967742023 0.9651070111938893
1.7 0.625 0.6249999961246003 0.9837120784865574
1.7 0.6 0.5999999961813346 0.9034002014697272
1.7 0.575 0.5749999960362838 0.8801620571972795
1.7 0.55 0.5499999963636341 0.8185814594294817
1.7 0.525 0.5249999966673475 0.7244474353662002
1.7 0.5 0.49999999608362716 0.7909722400762598
1.7 0.475 0.47499999692281436 0.6816888024990673
1.7 0.45 0.4499999964646909 0.719177505575042
1.7 0.425 0.4249999959947104 0.6127336656327798
1.7 0.4 0.39999999632962663 0.5344782980006844
1.7 0.375 0.3749999973800545 0.5133005076305782
1.7 0.35 0.34999999679113153 0.5586969411690491
1.7 0.325 0.32499999597777124 0.4534155562365588
1.7 0.3 0.2999999954001968 0.42308853261831497
1.7 0.275 0.27499999601234937 0.33379682587483117
1.7 0.25 0.24999999548285595 0.4090883639451047
1.7 0.225 0.22499999507249874 0.3195545572834072
1.7 0.2 0.19999999457580908 0.31386228333336424
1.7 0.175 0.17499999828109097 0.23084121673861588
1.7 0.15 0.1499999954198496 0.1623011408885923
1.7 0.125 0.12500000168903164 0.21857690611664018
1.7 0.1 0.1000000062580636 0.17627326111470062
1.7 0.075 0.07500000662668686 0.057698230852012554
1.7 0.05 0.050000006678171546 0.06102448536270259
1.7 0.025 0.025000006683371163 -0.011656755600980334
1.8 0.975 0.9749999903562159 0.9999999940238661
1.8 0.95 0.9499999906805359 0.9999999982929608
1.8 0.925 0.9249999911532042 0.9999999946986632
1.8 0.9 0.8999999917351795 0.9999999686907733
1.8 0.875 0.8749999926314643 0.9999999755211704
1.8 0.85 0.8499999929338348 0.9999999915608413
1.8 0.825 0.8249999930352283 0.9999999943868602
1.8 0.8 0.7999999940030502 0.9999999721732344
1.8 0.775 0.7749999944557824 0.9999999741792938
1.8 0.75 0.7499999948660012 0.9999999663477862
1.8 0.725 0.7249999954003147 0.9999999779880134
1.8 0.7 0.6999999949187566 0.9999999653388529
1.8 0.675 0.6749999950911689 0.9999999891924848
1.8 0.65 0.649999996207157 0.9999999645975413
1.8 0.625 0.6249999966151467 0.9770043356436403
1.8 0.6 0.5999999962428652 0.9803029279411476
1.8 0.575 0.5749999965064717 0.9573844566418401
1.8 0.55 0.5499999961775626 0.9515354394557033
1.8 0.525 0.5249999971451837 0.8613266410676571
1.8 0.5 0.4999999972099854 0.7916909236561092
1.8 0.475 0.47499999654864444 0.7224125883034882
1.8 0.45 0.44999999594401024 0.6955548143278313
1.8 0.425 0.4249999964408334 0.6793090943135334
1.8 0.4 0.3999999963106303 0.6706029193793391
1.8 0.375 0.3749999972857605 0.5762358400853231
1.8 0.35 0.3499999961515524 0.4738053070059767
1.8 0.325 0.3249999955252786 0.5185669016330436
1.8 0.3 0.2999999959829721 0.3497176026456261
1.8 0.275 0.27499999621041893 0.37351172539027205
1.8 0.25 0.24999999546584578 0.35831300878968764
1.8 0.225 0.22499999533065762 0.30300497115814984
1.8 0.2 0.19999999499198517 0.2720722854781672
1.8 0.175 0.17499999992568202 0.2177449807996592
1.8 0.15 0.1499999975846212 0.2065027549881008
1.8 0.125 0.12500000338797895 0.13960487833343976
1.8 0.1 0.09999999761013337 0.2118019778538207
1.8 0.075 0.07500000394826356 0.13926061328785466
1.8 0.05 0.050000002273625846 0.018578064056763103
1.8 0.025 0.025000007106725987 -0.06262891783464843
1.9 0.975 0.9749999903041241 0.9999999997368185
1.9 0.95 0.9499999907805081 0.9999999998918083
1.9 0.925 0.9249999912187968 0.9999999994757982
1.9 0.9 0.8999999917911403 0.9999999997145803
1.9 0.875 0.8749999921973679 0.9999999981586672
1.9 0.85 0.8499999927634629 0.9999999991641575
1.9 0.825 0.8249999933735801 0.99999999842679
1.9 0.8 0.7999999939783313 0.9999999997295135
1.9 0.775 0.7749999940610814 0.9999999991660973
1.9 0.75 0.7499999946519968 0.9999999975375097
1.9 0.725 0.7249999955943497 0.9999999983327127
1.9 0.7 0.6999999952061777 0.9933328063187506
1.9 0.675 0.6749999956262636 0.9999999995620031
1.9 0.65 0.6499999958516979 0.9999999974663764
1.9 0.625 0.6249999957273287 0.9999999946191599
1.9 0.6 0.5999999959587192 0.9926792844265533
1.9 0.575 0.5749999962585756 0.8936368702291564
1.9 0.55 0.5499999966935711 0.8895138610375481
1.9 0.525 0.5249999966709491 0.9088773695697157
1.9 0.5 0.49999999691909947 0.9785234891881979
1.9 0.475 0.4749999974630839 0.8335321464346386
1.9 0.45 0.44999999606502367 0.792024623594731
1.9 0.425 0.42499999650037523 0.6942575745529218
1.9 0.4 0.3999999964728684 0.6657776318403922
1.9 0.375 0.3749999959652424 0.6595950648529062
1.9 0.35 0.34999999722894365 0.6100185218691877
1.9 0.325 0.3249999959805298 0.5029483545882362
1.9 0.3 0.2999999961753854 0.48850509028917033
1.9 0.275 0.2749999957348073 0.38025415952466474
1.9 0.25 0.24999999463904127 0.3761489388405907
1.9 0.225 0.22499999486776381 0.3510587859185112
1.9 0.2 0.19999999476523325 0.28403758128855766
1.9 0.175 0.17499999534580835 0.27630222367645146
1.9 0.15 0.14999999473098374 0.24469910255695812
1.9 0.125 0.12500000118377133 0.19682901665003766
1.9 0.1 0.10000000216659752 0.13703424929501273
1.9 0.075 0.07500000162798778 0.13087312636855325
1.9 0.05 0.050000006248615204 0.07104164151297918
1.9 0.025 0.025000004573470576 0.013968805079407596
2.0 0.975 0.9749999903063251 0.999999999970648
2.0 0.95 0.9499999906611288 0.9999999999869436
2.0 0.925 0.9249999910878735 0.9999999999686187
2.0 0.9 0.899999991846564 0.9999999999776146
2.0 0.875 0.8749999922950863 0.99999999993897
2.0 0.85 0.8499999927849288 0.9999999999666459
2.0 0.825 0.8249999933356886 0.9999999999215416
2.0 0.8 0.7999999939198845 0.9999999999572247
2.0 0.775 0.7749999942853181 0.9999999999554454
2.0 0.75 0.7499999939416451 0.9999999999534961
2.0 0.725 0.7249999950979136 0.999999999968433
2.0 0.7 0.6999999954494438 0.9999999999478602
2.0 0.675 0.6749999958879673 0.9999999999850235
2.0 0.65 0.6499999957188614 0.9999999998180046
2.0 0.625 0.6249999957952271 0.999999999895962
2.0 0.6 0.5999999961806982 0.9850900778913138
2.0 0.575 0.5749999964793191 0.9934648754394535
2.0 0.55 0.5499999965593728 0.9479774344012443
2.0 0.525 0.5249999974972684 0.9533933628567205
2.0 0.5 0.4999999965724401 0.9834150883047446
2.0 0.475 0.4749999966479363 0.9153716766780635
2.0 0.45 0.44999999629967224 0.7627738633525605
2.0 0.425 0.42499999670156435 0.7126234997247785
2.0 0.4 0.3999999970069937 0.7657185734697961
2.0 0.375 0.3749999969652662 0.5861833413128886
2.0 0.35 0.3499999961882251 0.5715746738387756
2.0 0.325 0.32499999633355997 0.5129382470044261
2.0 0.3 0.2999999959895444 0.4954024801311543
2.0 0.275 0.27499999619032156 0.4619078525722603
2.0 0.25 0.2499999954208601 0.39487230910087545
2.0 0.225 0.22499999588523836 0.44443844955223344
2.0 0.2 0.19999999560231374 0.32121970207032197
2.0 0.175 0.17499999710235253 0.23880362557000528
2.0 0.15 0.1499999948975051 0.29013224251463293
2.0 0.125 0.1250000040015701 0.2029141544708235
2.0 0.1 0.1000000035769583 0.11439001050839433
2.0 0.075 0.07500000687753783 0.13639067704166374
2.0 0.05 0.050000006080797965 0.11271505201569725
2.0 0.025 0.02500000675170383 0.12234533167384046
2.1 0.975 0.974999990285341 0.9999999999931714
2.1 0.95 0.9499999906248993 0.9999999999914385
2.1 0.925 0.9249999911873574 0.9999999999943933
2.1 0.9 0.8999999919082 0.9999999999942275
2.1 0.875 0.8749999923432792 0.9999999999927736
2.1 0.85 0.8499999928723302 0.9999999999843115
2.1 0.825 0.824999993089025 0.9999999999887983
2.1 0.8 0.7999999935127036 0.9999999999939595
2.1 0.775 0.7749999942635165 0.9999999999735991
2.1 0.75 0.7499999947491043 0.9999999999923552
2.1 0.725 0.7249999953654221 0.9999999999932093
2.1 0.7 0.6999999947937721 0.9999999999923365
2.1 0.675 0.6749999958875053 0.9999999999934328
2.1 0.65 0.6499999963462357 0.9999999999892534
2.1 0.625 0.6249999953464004 0.9886960302553023
2.1 0.6 0.5999999971186846 0.9999999999929134
2.1 0.575 0.5749999965681143 0.9665095635109031
2.1 0.55 0.5499999960120396 0.9999999999926811
2.1 0.525 0.524999996961647 0.9855903217631266
2.1 0.5 0.4999999968676546 0.9096480035733482
2.1 0.475 0.47499999749180866 0.9663873474823118
2.1 0.45 0.44999999689360537 0.9700867101757739
2.1 0.425 0.42499999676402994 0.7898566639830307
2.1 0.4 0.3999999961291084 0.7920248951317561
2.1 0.375 0.37499999576618437 0.6453734864297029
2.1 0.35 0.3499999962648263 0.5611552784143472
2.1 0.325 0.3249999960142216 0.5247837632459971
2.1 0.3 0.2999999962166336 0.6097442295691883
2.1 0.275 0.2749999963306317 0.5672912587709764
2.1 0.25 0.24999999556528157 0.3789470540936654
2.1 0.225 0.22499999533115553 0.33666046702360414
2.1 0.2 0.19999999487482184 0.31202549315418027
2.1 0.175 0.1749999975134006 0.23684071443057791
2.1 0.15 0.14999999527670668 0.25884212018398756
2.1 0.125 0.12499999665593617 0.19540817655556236
2.1 0.1 0.10000000213532116 0.094767317014764
2.1 0.075 0.07500000424192169 0.19427939273196934
2.1 0.05 0.050000003507676714 0.1505338150902858
2.1 0.025 0.025000003917412666 0.08973064232486136
2.2 0.975 0.9749999902702138 0.9999999999944086
2.2 0.95 0.9499999906855436 0.9999999999955446
2.2 0.925 0.9249999910411424 0.9999999999955433
2.2 0.9 0.8999999918784896 0.9999999999948221
2.2 0.875 0.8749999926891577 0.9999999999952698
2.2 0.85 0.8499999927733167 0.9999999999942
2.2 0.825 0.8249999929618859 0.9999999999943198
2.2 0.8 0.7999999935082158 0.9999999999944758
2.2 0.775 0.7749999939926939 0.9999999999940332
2.2 0.75 0.7499999942815371 0.9999999999942222
2.2 0.725 0.7249999939873477 0.9999999999945525
2.2 0.7 0.699999995396805 0.9999999999949795
2.2 0.675 0.6749999961105984 0.9999999999941365
2.2 0.65 0.6499999958718483 0.9999999999938389
2.2 0.625 0.6249999960440824 0.9999999999959815
2.2 0.6 0.5999999962674616 0.999999999995247
2.2 0.575 0.5749999962156478 0.9999999999949202
2.2 0.55 0.5499999964664986 0.9849990158147193
2.2 0.525 0.5249999968258094 0.9999999999945184
2.2 0.5 0.49999999599217987 0.9999999889506782
2.2 0.475 0.47499999616731453 0.9463118390857111
2.2 0.45 0.44999999634253884 0.9713953369462812
2.2 0.425 0.42499999664972987 0.9497052973979505
2.2 0.4 0.39999999642804634 0.7493642269102756
2.2 0.375 0.37499999608200046 0.8175423746281225
2.2 0.35 0.3499999962787316 0.7782578823897869
2.2 0.325 0.3249999957262023 0.6238776039036178
2.2 0.3 0.2999999956932646 0.6363895394443677
2.2 0.275 0.27499999637592104 0.5088341391680935
2.2 0.25 0.24999999529981592 0.3972073745612238
2.2 0.225 0.2249999977137258 0.43393564354688596
2.2 0.2 0.19999999492626078 0.3282991489628646
2.2 0.175 0.1749999975257546 0.2857761130284226
2.2 0.15 0.14999999477294573 0.22165996554207382
2.2 0.125 0.12499999756952385 0.3194398400100192
2.2 0.1 0.10000000134045832 0.1744917337293878
2.2 0.075 0.07500000407541983 0.10992031824383999
2.2 0.05 0.0500000062751374 0.02909169988546742
2.2 0.025 0.025000004204212 0.08107530696888846
2.3 0.975 0.9749999902951496 0.99999999999592
2.3 0.95 0.949999990770894 0.9999999999962299
2.3 0.925 0.924999991053425 0.9999999999952875
2.3 0.9 0.8999999918842304 0.999999999995984
2.3 0.875 0.8749999923575184 0.9999999999957755
2.3 0.85 0.849999992873213 0.9999999999956584
2.3 0.825 0.8249999937437982 0.9999999999959066
2.3 0.8 0.7999999936071793 0.9999999999958445
2.3 0.775 0.774999994063593 0.9999999999958511
2.3 0.75 0.7499999950867309 0.9999999999950114
2.3 0.725 0.7249999949036183 0.9999999999962806
2.3 0.7 0.6999999946715197 0.9999999999958529
2.3 0.675 0.6749999957960313 0.9999999999959925
2.3 0.65 0.6499999956910413 0.9999999999961618
2.3 0.625 0.6249999960843049 0.9999999999957897
2.3 0.6 0.5999999960208041 0.9999999999958904
2.3 0.575 0.5749999961640085 0.9754946060195395
2.3 0.55 0.5499999960617435 0.9999999999958925
2.3 0.525 0.5249999969441046 0.979058875725455
2.3 0.5 0.4999999974515137 0.9930402901692948
2.3 0.475 0.47499999671999615 0.9999999999966146
2.3 0.45 0.44999999651374234 0.8152723783209657
2.3 0.425 0.42499999701708724 0.9608695175192041
2.3 0.4 0.39999999643855244 0.7531155139682444
2.3 0.375 0.37499999670016426 0.7862541711477291
2.3 0.35 0.3499999962017827 0.5782013541004368
2.3 0.325 0.3249999961305221 0.6650012159345378
2.3 0.3 0.29999999487899853 0.533791034087806
2.3 0.275 0.27499999639353945 0.5732711954211246
2.3 0.25 0.24999999521110733 0.5242365690839088
2.3 0.225 0.22499999559952397 0.45096525663082476
2.3 0.2 0.19999999468186277 0.3769985955169969
2.3 0.175 0.1749999953079156 0.27432490242640495
2.3 0.15 0.1499999946409539 0.3112936555583844
2.3 0.125 0.1249999946791183 0.24281237967453753
2.3 0.1 0.09999999697570758 0.1490369787400927
2.3 0.075 0.0750000041017643 0.17857903865556263
2.3 0.05 0.050000003830347715 0.054158848005952075
2.3 0.025 0.02500000677258881 0.006810339326079088
2.4 0.975 0.9749999902899029 0.9999999999972389
2.4 0.95 0.9499999908379655 0.9999999999962211
2.4 0.925 0.9249999909718352 0.9999999999965965
2.4 0.9 0.8999999917297826 0.9999999999965287
2.4 0.875 0.8749999921597859 0.999999999996904
2.4 0.85 0.8499999930462805 0.9999999999967628
2.4 0.825 0.8249999935613215 0.9999999999962241
2.4 0.8 0.799999994038095 0.9999999999972827
2.4 0.775 0.7749999948114794 0.9999999999963608
2.4 0.75 0.7499999952908537 0.9999999999970249
2.4 0.725 0.7249999944391654 0.9999999999965622
2.4 0.7 0.6999999956523952 0.9999999999971692
2.4 0.675 0.6749999959017983 0.9999999999969825
2.4 0.65 0.6499999956782556 0.9999999999962317
2.4 0.625 0.6249999954479114 0.9999999999967109
2.4 0.6 0.5999999965022875 0.9999999999964292
2.4 0.575 0.5749999970386506 0.9999999999966527
2.4 0.55 0.5499999966836592 0.9999999999965553
2.4 0.525 0.5249999968432393 0.99999999999691
2.4 0.5 0.4999999956750723 0.9592742708802318
2.4 0.475 0.47499999649566327 0.9926726096224249
2.4 0.45 0.4499999960262796 0.9837059267933604
2.4 0.425 0.42499999654864384 0.9689794795019031
2.4 0.4 0.3999999970000472 0.9508935492930186
2.4 0.375 0.3749999953928483 0.9790224035543273
2.4 0.35 0.349999996214694 0.8414870027524991
2.4 0.325 0.32499999521504414 0.7031824576612659
2.4 0.3 0.29999999615134476 0.6324974660040737
2.4 0.275 0.274999995800041 0.6291903958575191
2.4 0.25 0.24999999450287708 0.5266802190278308
2.4 0.225 0.22499999602278123 0.42526428741860833
2.4 0.2 0.1999999955023044 0.4126967916663379
2.4 0.175 0.17499999497573598 0.4425112092816258
2.4 0.15 0.14999999931253116 0.3914035186666605
2.4 0.125 0.12499999905506876 0.2811557276463324
2.4 0.1 0.099999999031666 0.16421846804027534
2.4 0.075 0.07500000437613177 0.17817638811616524
2.4 0.05 0.05000000626356769 0.07008912962391307
2.4 0.025 0.025000005014520644 0.032491376764465715
2.5 0.975 0.9749999903053197 0.9999999999975886
2.5 0.95 0.9499999906335583 0.9999999999977899
2.5 0.925 0.9249999912999769 0.9999999999973758
2.5 0.9 0.8999999916735912 0.9999999999974222
2.5 0.875 0.8749999921159372 0.9999999999973201
2.5 0.85 0.8499999929925235 0.9999999999973517
2.5 0.825 0.8249999937947144 0.9999999999976559
2.5 0.8 0.7999999939799227 0.9999999999974175
2.5 0.775 0.7749999941706976 0.9999999999971088
2.5 0.75 0.7499999941952166 0.9999999999975037
2.5 0.725 0.7249999949554388 0.9999999999977092
2.5 0.7 0.6999999957290892 0.9999999999972691
2.5 0.675 0.6749999947005291 0.9999999999976401
2.5 0.65 0.6499999956425366 0.9999999999971528
2.5 0.625 0.6249999963268988 0.9999999999973213
2.5 0.6 0.5999999960464212 0.9999999999974365
2.5 0.575 0.5749999956355973 0.9999999999970701
2.5 0.55 0.5499999962940956 0.9999999999975169
2.5 0.525 0.5249999969906455 0.999999999997255
2.5 0.5 0.4999999960544711 0.9999999999972203
2.5 0.475 0.4749999962356812 0.9999999999973312
2.5 0.45 0.4499999968983128 0.9999999999974822
2.5 0.425 0.4249999964390293 0.9999999999974369
2.5 0.4 0.39999999659533714 0.9317204043438464
2.5 0.375 0.374999996376874 0.9700232512804922
2.5 0.35 0.34999999578940794 0.8734053048160652
2.5 0.325 0.3249999959265134 0.707253613906622
2.5 0.3 0.29999999633875507 0.7375587369990313
2.5 0.275 0.27499999540368414 0.55122459692007
2.5 0.25 0.2499999947012712 0.504247501601353
2.5 0.225 0.2249999948725338 0.45388128038507763
2.5 0.2 0.1999999966880478 0.39293566721045
2.5 0.175 0.1749999969515354 0.3307024553592559
2.5 0.15 0.15000000115293544 0.310727950050846
2.5 0.125 0.12500000118796972 0.29119532930209724
2.5 0.1 0.09999999887096864 0.19689296454795585
2.5 0.075 0.07500000405231297 0.0993528239147277
2.5 0.05 0.0500000071957137 0.06621661502521264
2.5 0.025 0.02500000691457104 0.014817631550034242
2.6 0.975 0.9749999902906659 0.999999999997587
2.6 0.95 0.9499999907956299 0.9999999999982053
2.6 0.925 0.9249999911484406 0.9999999999981235
2.6 0.9 0.8999999919077251 0.9999999999980252
2.6 0.875 0.8749999921135801 0.9999999999979001
2.6 0.85 0.849999992632857 0.9999999999979468
2.6 0.825 0.8249999930559742 0.9999999999979454
2.6 0.8 0.799999994170479 0.9999999999978142
2.6 0.775 0.7749999943469646 0.9999999999976412
2.6 0.75 0.7499999950420817 0.9999999999981142
2.6 0.725 0.7249999948697398 0.9999999999978298
2.6 0.7 0.6999999959521043 0.9999999999978723
2.6 0.675 0.674999995225488 0.9999999999976484
2.6 0.65 0.6499999959068183 0.9999999999978202
2.6 0.625 0.6249999967226183 0.9999999999979504
2.6 0.6 0.5999999964055462 0.9999999999980161
2.6 0.575 0.5749999961698595 0.9999999999979344
2.6 0.55 0.5499999966495173 0.9999999999976501
2.6 0.525 0.5249999966453233 0.9999999999978968
2.6 0.5 0.4999999971955777 0.9999999999982373
2.6 0.475 0.47499999701268153 0.9441491598147952
2.6 0.45 0.4499999963999316 0.9798848498752518
2.6 0.425 0.42499999632335506 0.9872744840593425
2.6 0.4 0.3999999973073448 0.9553335427253433
2.6 0.375 0.37499999647902177 0.9408764153554128
2.6 0.35 0.3499999964915535 0.8456823330477586
2.6 0.325 0.3249999963995479 0.8110395899942935
2.6 0.3 0.2999999961631305 0.8714709602533548
2.6 0.275 0.2749999955286656 0.715484850502845
2.6 0.25 0.2499999956808959 0.5889805648477392
2.6 0.225 0.2249999959132066 0.477307882929099
2.6 0.2 0.19999999764435453 0.4924947242159255
2.6 0.175 0.1749999951997552 0.5117514098656976
2.6 0.15 0.1499999992549735 0.3503535317578755
2.6 0.125 0.12499999516023366 0.23850310476722
2.6 0.1 0.09999999617018912 0.1835515442999242
2.6 0.075 0.07500000592490016 0.11904742770198773
2.6 0.05 0.05000000689474704 0.12806680946662594
2.6 0.025 0.02500000676898483 -0.02048391031439456
2.7 0.975 0.9749999902886828 0.9999999999984139
2.7 0.95 0.9499999905680119 0.9999999999982189
2.7 0.925 0.9249999911320523 0.9999999999982423
2.7 0.9 0.899999991686925 0.999999999998038
2.7 0.875 0.8749999921557794 0.9999999999983504
2.7 0.85 0.8499999927085489 0.999999999998334
2.7 0.825 0.8249999931140252 0.9999999999982805
2.7 0.8 0.7999999942793241 0.9999999999981768
2.7 0.775 0.7749999946525736 0.9999999999984158
2.7 0.75 0.7499999947136103 0.9999999999981479
2.7 0.725 0.7249999949629715 0.9999999999980101
2.7 0.7 0.6999999955331153 0.9999999999982983
2.7 0.675 0.6749999961554123 0.9999999999982563
2.7 0.65 0.6499999956167755 0.999999999998274
2.7 0.625 0.6249999960915537 0.9999999999982455
2.7 0.6 0.5999999951559187 0.9999999999982142
2.7 0.575 0.5749999964353206 0.9999999999981867
2.7 0.55 0.5499999957860597 0.9999999999984258
2.7 0.525 0.5249999969505359 0.9999999999980732
2.7 0.5 0.4999999962284634 0.9790871654552168
2.7 0.475 0.4749999969157833 0.9999999999983954
2.7 0.45 0.44999999629243953 0.9999999999981455
2.7 0.425 0.4249999966288452 0.9999999999982556
2.7 0.4 0.39999999712689294 0.9999999999983039
2.7 0.375 0.3749999960049776 0.966521148373954
2.7 0.35 0.3499999963194513 0.9814416384990405
2.7 0.325 0.32499999630989435 0.8052858645712921
2.7 0.3 0.29999999557102064 0.828396269575817
2.7 0.275 0.2749999954366249 0.7811492768074133
2.7 0.25 0.24999999594944172 0.579336213827324
2.7 0.225 0.2249999955537882 0.6304108631761898
2.7 0.2 0.1999999970117035 0.44686765647810855
2.7 0.175 0.17499999545556996 0.5180383744254939
2.7 0.15 0.14999999985347356 0.3818258622846088
2.7 0.125 0.1250000046227607 0.3290291489207703
2.7 0.1 0.09999999657674756 0.2662805332264334
2.7 0.075 0.07500000399976385 0.2964357103800717
2.7 0.05 0.05000000684352536 0.04806575764294124
2.7 0.025 0.025000006787101996 0.03564699338951661
2.8 0.975 0.9749999902862159 0.9999999999985641
2.8 0.95 0.9499999908234962 0.999999999998604
2.8 0.925 0.9249999912431578 0.9999999999985718
2.8 0.9 0.8999999917964822 0.9999999999984682
2.8 0.875 0.8749999925050587 0.9999999999985253
2.8 0.85 0.8499999929895568 0.9999999999984261
2.8 0.825 0.8249999936576167 0.9999999999984912
2.8 0.8 0.7999999931363506 0.9999999999985573
2.8 0.775 0.7749999944032857 0.9999999999985191
2.8 0.75 0.7499999948341631 0.9999999999985096
2.8 0.725 0.7249999951925641 0.9999999999984986
2.8 0.7 0.6999999954147939 0.9999999999985849
2.8 0.675 0.6749999958747979 0.9999999999986258
2.8 0.65 0.6499999961842173 0.9999999999985676
2.8 0.625 0.6249999956032546 0.9999999999987379
2.8 0.6 0.5999999961257181 0.9999999999986194
2.8 0.575 0.5749999968464532 0.9999999999985235
2.8 0.55 0.549999997156209 0.999999999998505
2.8 0.525 0.5249999966272422 0.9999999999984286
2.8 0.5 0.49999999604182443 0.9999999999986524
2.8 0.475 0.47499999644483226 0.9999999999986169
2.8 0.45 0.449999996009426 0.9466422163736737
2.8 0.425 0.42499999624695695 0.9725307036212015
2.8 0.4 0.399999996626237 0.9894633102565361
2.8 0.375 0.3749999955399329 0.9819026828450712
2.8 0.35 0.3499999952432339 0.999999999998473
2.8 0.325 0.3249999965718118 0.9184940748433243
2.8 0.3 0.29999999612371464 0.934174687843964
2.8 0.275 0.27499999584406337 0.776958191889386
2.8 0.25 0.24999999586121718 0.9121418837347459
2.8 0.225 0.2249999958366738 0.6796502927410187
2.8 0.2 0.19999999580947841 0.45398616606643794
2.8 0.175 0.174999995758406 0.4402380102253337
2.8 0.15 0.14999999517470336 0.39390612844337636
2.8 0.125 0.12499999901586172 0.45398576019551484
2.8 0.1 0.10000000412081453 0.27910380979494304
2.8 0.075 0.07500000460606351 0.10027271610046984
2.8 0.05 0.050000004132875295 0.03791684896400475
2.8 0.025 0.025000004153952992 0.13987955807096492
2.9 0.975 0.9749999902857605 0.9999999999988145
2.9 0.95 0.9499999907292513 0.9999999999987027
2.9 0.925 0.9249999913726844 0.9999999999987844
2.9 0.9 0.8999999916294236 0.9999999999988306
2.9 0.875 0.8749999923626207 0.9999999999987658
2.9 0.85 0.8499999934215271 0.9999999999987026
2.9 0.825 0.8249999936689549 0.999999999998755
2.9 0.8 0.7999999939933894 0.9999999999986542
2.9 0.775 0.7749999936672956 0.9999999999987272
2.9 0.75 0.7499999943925747 0.9999999999988024
2.9 0.725 0.7249999944762845 0.9999999999988619
2.9 0.7 0.6999999954830836 0.9999999999988187
2.9 0.675 0.6749999961640085 0.9999999999988125
2.9 0.65 0.6499999962329776 0.9999999999987563
2.9 0.625 0.6249999963516545 0.9999999999986213
2.9 0.6 0.5999999958771011 0.9999999999986727
2.9 0.575 0.5749999963394938 0.9999999999986902
2.9 0.55 0.5499999972625707 0.9999999999988427
2.9 0.525 0.524999995935858 0.9999999999985729
2.9 0.5 0.49999999636045755 0.9999999999985656
2.9 0.475 0.474999996766134 0.9999999999986293
2.9 0.45 0.44999999648898126 0.9999999999986748
2.9 0.425 0.42499999680855716 0.9715484023514236
2.9 0.4 0.39999999646699536 0.9825450142324001
2.9 0.375 0.3749999960755656 0.9999999999986562
2.9 0.35 0.3499999961914203 0.9789243406250773
2.9 0.325 0.3249999964352609 0.916677313815755
2.9 0.3 0.29999999601385324 0.8819242914596208
2.9 0.275 0.2749999959339102 0.8247615383963509
2.9 0.25 0.2499999951161644 0.7743563520835945
2.9 0.225 0.22499999501878679 0.5732109115322006
2.9 0.2 0.1999999974838851 0.3797074157184139
2.9 0.175 0.17499999942315841 0.7024758402885526
2.9 0.15 0.1499999947103427 0.4375286168885806
2.9 0.125 0.12499999908038725 0.37182239353291074
2.9 0.1 0.10000000163582232 0.33508261523103144
2.9 0.075 0.07500000116630341 0.17596891194031863
2.9 0.05 0.05000000708934542 0.16229932805764602
2.9 0.025 0.025000006877679937 0.012486624062987017
3.0 0.975 0.9749999902879944 0.9999999999989633
3.0 0.95 0.9499999907372064 0.9999999999989179
3.0 0.925 0.9249999911533114 0.9999999999990623
3.0 0.9 0.8999999916228077 0.999999999999076
3.0 0.875 0.8749999926504829 0.9999999999987741
3.0 0.85 0.8499999927644163 0.9999999999988978
3.0 0.825 0.8249999935511608 0.9999999999988727
3.0 0.8 0.7999999939864442 0.9999999999989132
3.0 0.775 0.7749999944329687 0.9999999999988594
3.0 0.75 0.7499999944948521 0.9999999999989543
3.0 0.725 0.7249999953277659 0.9999999999988984
3.0 0.7 0.6999999948014053 0.9999999999988379
3.0 0.675 0.6749999956075365 0.9999999999986798
3.0 0.65 0.6499999961475358 0.9999999999990694
3.0 0.625 0.6249999961921752 0.99999999999884
3.0 0.6 0.5999999961274198 0.9999999999988234
3.0 0.575 0.5749999969673834 0.9999999999988889
3.0 0.55 0.5499999969063913 0.9999999999988137
3.0 0.525 0.5249999975870194 0.9999999999989104
3.0 0.5 0.49999999644322235 0.9999999999989315
3.0 0.475 0.474999996587819 0.9999999999990073
3.0 0.45 0.4499999969845091 0.9999999999989141
3.0 0.425 0.4249999971835611 0.9567868388207146
3.0 0.4 0.39999999613397236 0.9869515976937372
3.0 0.375 0.374999996246388 0.9834768973530036
3.0 0.35 0.3499999962926217 0.9999999999989155
3.0 0.325 0.3249999957882011 0.9999999999988989
3.0 0.3 0.2999999954123425 0.865297261102533
3.0 0.275 0.27499999633337613 0.9424798267430685
3.0 0.25 0.24999999596671865 0.9583322448234757
3.0 0.225 0.22499999539318818 0.6725013568954055
3.0 0.2 0.19999999501436228 0.5263005128302044
3.0 0.175 0.17499999446490816 0.6530967121833028
3.0 0.15 0.1499999998476294 0.46604466998073546
3.0 0.125 0.12499999731219277 0.2649628265347398
3.0 0.1 0.09999999972795412 0.30268646484304396
3.0 0.075 0.07500000184246831 0.2306453492169649
3.0 0.05 0.05000000615219621 0.17562635213009048
3.0 0.025 0.025000007528886613 0.1352431950433753
