0.0 -0.0005344377595857823 4.312606298125743e-6 0.0005344418394907001
0.01 -0.0005344196845420385 2.3549737762653494e-5 0.0005344419635733873
0.02 -0.0005343655699368613 7.840221337446707e-5 0.0005344397416914342
0.03 -0.0005342757431708598 0.0001700329831464451 0.0005344366014445286
0.04 -0.0005341507364495413 0.0002908828719942464 0.0005344259237441648
0.05 -0.0005339912681950922 0.00044691199873451846 0.0005344140655328088
0.06 -0.000533798219860208 0.0006392833133801398 0.0005344030084622351
0.07 -0.0005335726102875891 0.0008552043657883 0.0005343816691852753
0.08 -0.0005333155695752818 0.001096952599734616 0.0005343533323565058
0.09 -0.0005330283140574602 0.0013601184964197645 0.000534315042721926
0.1 -0.0005327121235107844 0.0016450897058480768 0.0005342684467912223
0.11 -0.0005323683212172148 0.0019539983030434885 0.0005342168848780001
0.12 -0.0005319982571370791 0.002274051837863074 0.0005341496047527183
0.13 -0.0005316032941114581 0.002612954854142971 0.0005340752580753561
0.14 -0.0005311847968836533 0.0029666854830881872 0.0005339914047340666
0.15 -0.0005307441236101548 0.003326715424603783 0.0005338913347587612
0.16 -0.000530282619460541 0.0036932385036916953 0.0005337765766855313
0.17 -0.0005298016119915172 0.004075655232956837 0.0005336573513469704
0.18 -0.0005293024079175987 0.004464274362291276 0.000533525797131936
0.19 -0.000528786291020824 0.004855510129154834 0.0005333798055419729
0.2 -0.0005282545208648692 0.0052477150210291056 0.0005332190775253954
0.21 -0.0005277083333373248 0.005666134744445864 0.0005330687324581332
0.22 -0.0005271489381956291 0.006070938261460781 0.0005328922982791704
0.23 -0.0005265775221570119 0.0064832040410588414 0.0005327109028140426
0.24 -0.0005259952482641566 0.006898522564441066 0.0005325215375172591
0.25 -0.0005254032570902647 0.007314761756583519 0.0005323233259303763
0.26 -0.0005248026677904909 0.0077255253924148545 0.000532111336113615
0.27 -0.0005241945794413347 0.008144768872090759 0.0005318998695324219
0.28 -0.0005235800720660372 0.008559505920466486 0.0005316777206536567
0.29 -0.0005229602080893125 0.008976035850112075 0.0005314519113137109
0.3 -0.0005223360336106425 0.009390385248483471 0.0005312197285985467
0.31 -0.0005217085797221128 0.00979751466552426 0.0005309774360709078
0.32 -0.0005210788638185422 0.010211767151394574 0.0005307396202475865
0.33 -0.0005204478908630529 0.010614777787139403 0.0005304899121145832
0.34 -0.0005198166547906399 0.011019629760404803 0.0005302416828465313
0.35 -0.0005191861395653845 0.011417067927337543 0.0005299871606565086
0.36 -0.000518557320545223 0.011814215356767037 0.0005297340596218101
0.37 -0.0005179311656531376 0.012200557042326088 0.0005294734000320792
0.38 -0.0005173086365576588 0.012590872140429303 0.0005292201252524745
0.39 -0.0005166906898309872 0.012971205250921337 0.0005289619894662495
0.4 -0.000516078278061207 0.013344173011331081 0.0005287024207094156
0.41 -0.0005154723510672901 0.013713700377952559 0.0005284460819728366
0.42 -0.0005148738568401955 0.01407305193196046 0.0005281875492611389
0.43 -0.000514283742732997 0.014429156917182261 0.0005279343252802421
0.44 -0.0005137029564975778 0.014777799639820689 0.0005276833695603677
0.45 -0.000513132447336976 0.01511893164362549 0.000527435585462926
0.46 -0.0005125731669443977 0.015446108247274487 0.0005271858277445602
0.47 -0.0005120260705718583 0.01576688862585225 0.0005269422029512992
0.48 -0.0005114921179887487 0.0160844708918944 0.0005267086964000008
0.49 -0.0005109722745596673 0.016387031720268945 0.0005264750880979608
0.5 -0.0005104675122317567 0.016682760217317214 0.0005262500972275027
0.51 -0.0005099788105458656 0.01697102645178234 0.0005260341073883074
0.52 -0.000509507157665822 0.017246645604856455 0.0005258232016899762
0.53 -0.0005090535515651722 0.01750385138272507 0.0005256129229522884
0.54 -0.0005086190003485876 0.017749718397967348 0.0005254109721576462
0.55 -0.000508204524085835 0.017986330269356275 0.0005252203405658326
0.56 -0.0005078111553162962 0.018208066071829402 0.0005250367430873478
0.57 -0.0005074399401483079 0.018413762855373616 0.0005248601256314496
0.58 -0.0005070919390984495 0.018609671476308588 0.0005246974622847667
0.59 -0.0005067682281562113 0.01879046174707499 0.0005245447864576777
0.6 -0.0005064698995296772 0.01895143341137037 0.0005243987437203222
0.61 -0.0005061980625066954 0.019101357050542542 0.000524268740695269
0.62 -0.0005059538442381299 0.01922860316446169 0.0005241449025425925
0.63 -0.0005057383904285818 0.019346400309525558 0.0005240408897314168
0.64 -0.0005055528656627778 0.019438224904299698 0.000523942234851222
0.65 -0.0005053984542117266 0.019514107392646016 0.0005238596113900726
0.66 -0.0005052763595380671 0.01956929906201156 0.0005237897303310351
0.67 -0.000505187804891896 0.01960312152488876 0.0005237331731414102
0.68 -0.0005051340328557081 0.019615962431282052 0.0005236915491367192
0.69 -0.0005051163035935851 0.019603169981139357 0.0005236617176847276
0.7 -0.0005051358935892029 0.01957012281827082 0.0005236500436898519
0.71 -0.0005051940953081139 0.01950926176759199 0.0005236506683236309
0.72 -0.000505292209935595 0.019421943604118138 0.0005236661763369339
0.73 -0.0005054315484978884 0.019304098002803673 0.0005236940280592264
0.74 -0.0005056134198216451 0.01916270266372667 0.0005237421335116336
0.75 -0.0005058391237190755 0.01898574043675298 0.0005238004237825497
0.76 -0.0005061099459360134 0.01877495574690209 0.0005238718349164271
0.77 -0.0005064271324615368 0.018535678781733327 0.0005239626554814556
0.78 -0.0005067918797271808 0.018292379947769805 0.0005240972319314566
0.79 -0.0005072052905170685 0.017979837131783846 0.0005242149642188752
0.8 -0.00050766835762951 0.017625137377827803 0.0005243424706122355
0.81 -0.00050818190022804 0.01722837759840264 0.0005244806619583289
0.82 -0.0005087464969614122 0.016787522630985735 0.0005246281915575207
0.83 -0.0005093623900308446 0.016293632297352235 0.0005247768438306096
0.84 -0.0005100293504940177 0.01574975934128619 0.0005249292778578581
0.85 -0.000510746486305739 0.01515086431273163 0.000525079834064732
0.86 -0.0005115119666874793 0.014489242667852315 0.0005252193928538036
0.87 -0.0005123226120236286 0.013762398909745673 0.0005253424137656062
0.88 -0.0005131732777190787 0.012967377207128625 0.000525440955865706
0.89 -0.0005140558911286264 0.01209620650678714 0.0005254994055610459
0.9 -0.0005149579023505633 0.01114767540245797 0.0005255040669092105
0.91 -0.0005158596738328645 0.010114103578430223 0.0005254280364600907
0.92 -0.0005167298414665812 0.008990790778401668 0.0005252355034667937
0.93 -0.0005175164796100359 0.0077820011524197185 0.0005248785763509317
0.94 -0.0005181286363502981 0.006501738556890662 0.0005242795514301497
0.95 -0.0005183924572064831 0.005191408857901166 0.0005233037458949367
0.96 -0.000517924993833037 0.003945744025257969 0.0005216578317830454
0.97 -0.0005156562756235622 0.0027799593216306082 0.0005182862327593609
0.98 -0.0005086559520416456 0.0007820959977854073 0.0005093958473826497
0.99 -0.0004991244229668332 2.107846898464187e-6 0.0004991264170776638
