0.0 -0.0011286565324739924 2.219965983271141e-5 0.0011287024292258117
0.05 -0.0011276607748939267 0.0004468949803434915 0.001128584709231509
0.1 -0.0011248063586179321 0.0015130062493481364 0.0011279344278248738
0.15 -0.0011204043345742695 0.003034312005891526 0.001126677631828641
0.2 -0.0011148070540489005 0.004768482873627798 0.0011246656679490415
0.25 -0.0011083437169683089 0.006633010793252055 0.001122057154583403
0.3 -0.001101308181629448 0.00848144700332661 0.0011188431741073997
0.35 -0.0010939642313228344 0.01029185564253605 0.0011152421584507467
0.4 -0.0010865536196854762 0.011983169397323 0.001111328258395317
0.45 -0.001079303591833317 0.013551268952380274 0.001107320202566543
0.5 -0.0010724329366862363 0.014934770421972993 0.0011033098715897399
0.55 -0.0010661567289815283 0.016090593479021822 0.0010994232736536533
0.6 -0.0010606893240550867 0.01687289812789814 0.0010955732467675546
0.65 -0.0010562446603052163 0.01730504068347171 0.001092022017411416
0.7 -0.0010530307013654839 0.01726973226655313 0.0010887350599815872
0.75 -0.001051229072623193 0.016679614983559493 0.001085713391532116
0.8 -0.001050932527665745 0.015371783104018055 0.001082712965720235
0.85 -0.0010519375756111106 0.013151796828553218 0.0010791282965305217
0.9 -0.0010528810365265876 0.009725977384834971 0.0010729890369912392
0.91 -0.0010526612007127991 0.009291886778672868 0.0010718717392808172
0.92 -0.0010520671402213157 0.008431944196962936 0.0010694997879770892
0.93 -0.0010508702562066021 0.008496960385357787 0.0010684373218717254
0.94 -0.0010486774417552808 0.007359785854256158 0.001063893452601437
0.95 -0.0010447294873749224 0.006020917064555618 0.0010571774500157246
0.96 -0.0010375078862016193 0.0039830380077870335 0.0010457426298106458
0.97 -0.0010246574344458458 -6.02018654558113e-5 0.0010245329699225738
0.98 -0.0010118291112324353 0.0 0.0010118291112324353
0.99 -0.0009988653227354085 -6.544232445667893e-7 0.0009988639697461525
