0.0 0.0001021335025788773 0.26209311464308016 0.00019750361715405764
0.05 0.00010201798806051387 0.2618966827656516 0.00019739456155329918
0.1 0.00010166115527468142 0.26133625465589355 0.00019711068668508294
0.15 0.00010103770517433646 0.260409640363821 0.00019667478794309725
0.2 0.00010011580638937369 0.2591174703295813 0.00019611941744614067
0.25 9.886077148515103e-5 0.25746691166221564 0.0001954874564034717
0.3 9.723573461067935e-5 0.25543015863312857 0.00019478398185529853
0.35 9.520124772205343e-5 0.25299649375981853 0.0001940361891177432
0.4 9.271447442993005e-5 0.2501579867688555 0.00019327784832027205
0.45 8.972815352836089e-5 0.24688407790363284 0.00019252128332428783
0.5 8.618933971295218e-5 0.2431484877643324 0.00019178939559392322
0.55 8.203785772692516e-5 0.23892752507384538 0.00019111527540875218
0.6 7.720438063165986e-5 0.2341925545770669 0.00019053551254306992
0.65 7.160800283490453e-5 0.22891540555373732 0.00019009880650278793
0.7 6.515314405582291e-5 0.22305871612987288 0.00018985802372513925
0.75 5.7725618542608416e-5 0.21659531101702523 0.0001898962818998425
0.8 4.918770689830423e-5 0.20950793606379856 0.00019033157467014778
0.85 3.937223678133605e-5 0.20176938280068427 0.00019129996838139973
0.9 2.8076093290971445e-5 0.1934104100706513 0.00019303974288372705
0.91 2.561842392285324e-5 0.19167218704177105 0.0001935101943024672
0.92 2.308970668779076e-5 0.18990433332597464 0.0001940178183995746
0.93 2.0487701380755147e-5 0.18811258924670723 0.0001945714179865998
0.94 1.78100953000691e-5 0.18630568142284779 0.00019518328244449865
0.95 1.5054503743641874e-5 0.1844730250961362 0.00019584369548414563
0.96 1.2218476408551535e-5 0.18262112375440626 0.00019656254250024447
0.97 9.299497625646358e-6 0.1807469911022241 0.00019733892508918996
0.98 6.2949926697771115e-6 0.1788639659258611 0.00019819066750111224
0.99 3.2023227253970797e-6 0.17695217277015168 0.00019909768600065366
