0.0 -0.0005958677555638657 2.1700413486234627e-5 0.0005958925644925661
0.05 -0.0005953296620123229 0.0003802217708535895 0.0005957643493425623
0.1 -0.000593797880293906 0.0012656583669989178 0.0005952448401965722
0.15 -0.0005914562698207948 0.0024409647065928414 0.0005942468949581597
0.2 -0.0005885014973871405 0.0038109111463549682 0.0005928583094346717
0.25 -0.0005851101105325404 0.005164333418049666 0.0005910142182876496
0.3 -0.0005814364310543487 0.0064397801978596445 0.0005887986892839386
0.35 -0.0005776175039867511 0.007614821088970518 0.0005863231239779056
0.4 -0.0005737783297792998 0.008617785000969195 0.0005836305850729368
0.45 -0.0005700362046482015 0.009442798886169073 0.0005808316544421504
0.5 -0.000566504063010397 0.010033255855567809 0.0005779745508566725
0.55 -0.0005632930180772852 0.01034718186778935 0.0005751224008385965
0.6 -0.0005605139521492339 0.010250127266188251 0.0005722323775459453
0.65 -0.0005582776550166141 0.00975151547191145 0.0005694260440653451
0.7 -0.0005566918352669353 0.008739625854671484 0.0005666833847290546
0.75 -0.0005558502629891783 0.007140497830889356 0.0005640136144241086
0.8 -0.0005557995032889904 0.004762278509468317 0.0005612439630485929
0.85 -0.0005564288961274083 0.0014901282404455919 0.0005581324804989697
0.9 -0.0005570220504692029 -0.002915188421492932 0.0005536892705780391
0.91 -0.0005569299452659986 -0.003380154620548062 0.0005530655942465822
0.92 -0.0005566473182638193 -0.0042753796295044505 0.0005517595041001618
0.93 -0.0005560642760411619 -0.005168182421053318 0.0005501557679256105
0.94 -0.0005549854745083601 -0.005923068135147485 0.0005482139457010719
0.95 -0.0005530318655678243 -0.006306558240448281 0.0005458219129173348
0.96 -0.0005492777878462699 -0.005039439906792684 0.0005435164642006835
0.97 -0.000540219283948983 0.001151216889760621 0.0005415354089967758
0.98 -0.0005199547750121 0.00022916499348991714 0.0005202167671620519
0.99 -0.0005017040181972132 -1.526328777298954e-6 0.000501702273226693
