0.0 -0.0006096919908439133 1.7488171267336709e-6 0.0006096940700366961
0.05 -0.0006091349926078886 0.0003450078700048145 0.0006095451772191629
0.1 -0.0006075521503549936 0.0011737017400651852 0.0006089475805287863
0.15 -0.0006051365429743496 0.0022773894330561017 0.0006078441626564901
0.2 -0.0006020909391921507 0.0035374888753830513 0.0006062967084669678
0.25 -0.000598595064080212 0.0047388341984517775 0.0006042291293656167
0.3 -0.0005948048374372393 0.005861329345805776 0.0006017734526726737
0.35 -0.0005908579471507005 0.006868893458829985 0.0005990244692455611
0.4 -0.0005868793787546091 0.007693936289625815 0.0005960268056410907
0.45 -0.00058298581563581 0.008334034039017496 0.0005928942635578644
0.5 -0.0005792889153401963 0.008728959899640168 0.0005896668960605008
0.55 -0.0005758976406507253 0.008904117741334908 0.0005864838689429076
0.6 -0.0005729195971135833 0.00854229668211161 0.0005830756513621233
0.65 -0.0005704602961456259 0.007839394921168042 0.0005797806608037439
0.7 -0.0005686191252158583 0.006619487591754008 0.0005764891252382379
0.75 -0.0005674758373183627 0.004796882654658916 0.00057317891721333
0.8 -0.0005670512012566076 0.0022480277139280604 0.0005697239123862368
0.85 -0.0005671811666103626 -0.001204904319326659 0.0005657486392600767
0.9 -0.000567007963018628 -0.005683256808899812 0.000560251060676376
0.91 -0.0005666991935379959 -0.006096376503840996 0.0005594511274971395
0.92 -0.000566163301191414 -0.006973239547392582 0.000557872720593846
0.93 -0.0005652755867752725 -0.007795060872954859 0.000556007931478052
0.94 -0.0005638176291679151 -0.008467557760694827 0.0005537504330530402
0.95 -0.0005613533397395886 -0.00865859302104031 0.0005510590191709921
0.96 -0.0005568035764362024 -0.006643265368477376 0.0005489053066873899
0.97 -0.0005456593140999689 0.0010004614610094596 0.0005468487765185317
0.98 -0.0005221911738626105 0.00018394027858124594 0.0005224098629947352
0.99 -0.0005022098023245718 -2.7612902001489924e-6 0.0005022065193885989
