0.0 -0.0006390363565197785 4.25808494131816e-5 0.0006390911866772061
0.05 -0.0006384411857629042 0.0003108820492170262 0.0006388414997992584
0.1 -0.0006367563389839954 0.001065855156288315 0.0006381288105720377
0.15 -0.0006341947004946261 0.0020400882514621625 0.0006368216645297593
0.2 -0.000630971242230995 0.003031008436270878 0.0006348741862073461
0.25 -0.000627271935177429 0.003966348581151402 0.0006323792902470044
0.3 -0.0006232556994187478 0.004787468474565503 0.0006294203873889883
0.35 -0.0006190614330769521 0.005473077691806422 0.0006261089606765845
0.4 -0.0006148140386695584 0.005953472323976101 0.0006224801568720613
0.45 -0.0006106289246506818 0.006227893867000277 0.000618648407725255
0.5 -0.0006066151226085089 0.006240605349073241 0.0006146509738996115
0.55 -0.0006028772054060137 0.006010098576420601 0.0006106162396348255
0.6 -0.0005995158730777903 0.0052639659651119945 0.0006062941334116772
0.65 -0.0005966257622441388 0.004150037343699901 0.0006019696481464011
0.7 -0.0005942887548442016 0.0025155656848052516 0.0005975279777441239
0.75 -0.0005925548760506443 0.0002761739489889358 0.0005929104974463925
0.8 -0.0005913900642512413 -0.0026832735511673335 0.0005879348886673964
0.85 -0.0005905142481808252 -0.006474329225213524 0.0005821774372541125
0.9 -0.0005887606507403078 -0.011132433522139166 0.000574425730442026
0.91 -0.0005880003382968358 -0.011462592036968883 0.0005732402822017428
0.92 -0.0005869314357235971 -0.012281017933153539 0.0005711175157120006
0.93 -0.0005853976947277173 -0.012985328199123226 0.000568676854274345
0.94 -0.0005831315148785397 -0.013524049179076437 0.0005657169786312259
0.95 -0.0005795958618987217 -0.009034385097274234 0.0005679625393142339
0.96 -0.0005732646569446161 -0.005559337913774905 0.0005661060544928975
0.97 -0.0005560261415431026 -0.002859573437819495 0.0005523439495734218
0.98 -0.0005266284147163762 0.00010319578707603825 0.0005267612970174392
0.99 -0.0005032200395622787 -1.3273821300855617e-6 0.0005032183303297912
