0.0 -0.0006707947364564164 -1.205884686244078e-5 0.0006707779005049345
0.05 -0.0006701613873281022 0.00024353530951378168 0.0006705013989976984
0.1 -0.0006683763231389809 0.000909263751983349 0.0006696457911558874
0.15 -0.0006656735420965936 0.0016866366475079709 0.0006680283387939033
0.2 -0.0006622800628121508 0.0024557774889013713 0.0006657086950126527
0.25 -0.0006583876319784937 0.0031336760222081214 0.0006627627117909933
0.3 -0.0006541579311479429 0.0036780595370248487 0.0006592930516631358
0.35 -0.0006497309281478536 0.004057045510189258 0.0006553951696917238
0.4 -0.0006452313517428415 0.0042116078887012975 0.0006511113854545069
0.45 -0.0006407732491178057 0.004142169399664863 0.000646556336326565
0.5 -0.0006364629033106949 0.0037904382003131855 0.0006417549212261373
0.55 -0.0006324002904554748 0.0031734791163722516 0.0006368309413329212
0.6 -0.0006286788327449994 0.0020591482213421913 0.0006315537112424232
0.65 -0.0006253816258242288 0.0005516143731751926 0.000626151761885283
0.7 -0.0006225717891960281 -0.001510070210791226 0.0006204635056185719
0.75 -0.0006202671699741427 -0.0041546509736313545 0.0006144666566237204
0.8 -0.000618373439238947 -0.0074888776335114435 0.0006079178474290545
0.85 -0.0006164818744162073 -0.011644173822196333 0.0006002248684393002
0.9 -0.0006130841493203767 -0.015517956008389172 0.000591418764774427
0.91 -0.0006118366971900914 -0.016706686873729303 0.0005885116667922453
0.92 -0.0006101950695520694 -0.017510825069577775 0.0005857473421165642
0.93 -0.0006079677352222508 -0.0181557731375648 0.0005826195639462325
0.94 -0.0006048202181147839 -0.014858590721275051 0.0005840754060007869
0.95 -0.0006000720257754114 -0.015944398661180227 0.0005778112635872956
0.96 -0.0005916153963619695 -0.0066656499715966305 0.0005823091533358088
0.97 -0.0005675941321195848 0.00045713486542344796 0.000568232360675163
0.98 -0.000534323682435217 -1.4239228767291543e-6 0.000534321694426186
0.99 -0.00050531461167804 -2.7810993666095455e-8 0.0005053145728497387
