0.0 -0.00085744735049933 -1.827195177772816e-5 0.0008574125764817568
0.05 -0.0008566252944576603 0.0001871737550389922 0.0008569815116547145
0.1 -0.0008543301875145407 0.0006386801492949718 0.000855545682991183
0.15 -0.0008508816892135486 0.0011118111470310766 0.0008529976175410354
0.2 -0.0008465658598239148 0.001491546847344914 0.0008494044770067866
0.25 -0.0008416141784712084 0.0017355959437628033 0.0008449172543868309
0.3 -0.0008362170362174771 0.001805881891951061 0.0008396538758835288
0.35 -0.0008305358966563042 0.0016619812913844052 0.0008336988738431979
0.4 -0.0008247114345321183 0.0012861490355525363 0.0008271591516511295
0.45 -0.0008188685028530625 0.0006256766501923821 0.0008200592508964909
0.5 -0.000813118683197514 -0.0003198908674271711 0.0008125098872253735
0.55 -0.0008075602934755899 -0.0015886779566640357 0.0008045368225374402
0.6 -0.0008022751117678978 -0.003304541150407369 0.0007959861190300893
0.65 -0.0007973189062262121 -0.005480867107954389 0.0007868880682157461
0.7 -0.0007927000326324951 -0.008165574801136343 0.000777159829534087
0.75 -0.0007883291218762139 -0.011461566689702775 0.0007665161964518893
0.8 -0.0007838919530232654 -0.01539039553459727 0.0007546019301899442
0.85 -0.0007784749011606456 -0.019963627984192878 0.0007404813929250406
0.9 -0.0007691333298817664 -0.023173325012692394 0.0007250313302145112
0.91 -0.0007660715010276383 -0.02455344408595897 0.0007193429464367096
0.92 -0.0007622377878287881 -0.023103039064504137 0.0007182695519119621
0.93 -0.0007572606181669565 -0.02143639998200472 0.0007164642238491054
0.94 -0.0007504622090789078 -0.02202543693859296 0.0007085447970543086
0.95 -0.0007404257004775048 -0.015985431342981492 0.000710003243303881
0.96 -0.0007161520313320019 -0.005868337854695792 0.0007049837836172962
0.97 -0.0006654031178048685 0.0003931283464890765 0.0006661512946934485
0.98 -0.000616601282730509 -7.723072671636081e-7 0.0006165998129243926
0.99 -0.0005813126857931128 -2.6940951182113166e-8 0.0005813126345208064
