0.0 -0.0008737101491332168 4.365561526163503e-7 0.000873711082353361
0.005 -0.0008737016977339992 3.929005373597871e-6 0.0008737100967152969
0.01 -0.0008736763841349603 4.707214167425312e-6 0.000873686446682602
0.015 -0.0008736343261086426 1.3457317922185526e-5 0.0008736630936339569
0.02 -0.0008735757125689636 2.31754374935837e-5 0.0008736252543861833
0.025 -0.0008735007934486672 3.687950454547362e-5 0.0008735796302634565
0.03 -0.0008734098684154996 5.2083047078175264e-5 0.0008735212056361801
0.035 -0.0008733032746796243 6.616672817583838e-5 0.0008734447183936521
0.04 -0.0008731813765533846 8.342018655555299e-5 0.0008733597027505022
0.045 -0.0008730445559119527 0.00010223006252292246 0.0008732630917248481
0.05 -0.0008728932046156261 0.00011986313494846096 0.000873149434407389
0.055 -0.0008727277185060379 0.00013977389164848648 0.0008730265112513334
0.06 -0.0008725484930789682 0.00015687550440995267 0.0008728838437090426
0.065 -0.0008723559198855844 0.00017435673121714133 0.0008727286398962151
0.07 -0.0008721503845800322 0.00019273005103189446 0.0008725623809862967
0.075 -0.0008719322650010512 0.0002094330690453064 0.0008723799672215281
0.08 -0.0008717019303112663 0.00022545278177634687 0.000872183877653556
0.085 -0.0008714597405036356 0.00024249745243091916 0.0008719781240063375
0.09 -0.0008712060458317388 0.0002543983527654498 0.000871749869727067
0.095 -0.0008709411868626235 0.00026889960931344824 0.0008715160098966543
0.1 -0.0008706654946439869 0.00028402722903697494 0.0008712726557847532
0.105 -0.0008703792906280296 0.0002930810240283334 0.0008710058059430906
0.11 -0.0008700828870384604 0.00030148947514188254 0.0008707273769849942
0.115 -0.0008697765872631227 0.000310638173644697 0.0008704406342578957
0.12 -0.0008694606859235765 0.00031777491770495917 0.0008701399890389674
0.125 -0.000869135469325379 0.0003217229037808381 0.0008698232119968564
0.13 -0.0008688012159135455 0.00032508248808580157 0.0008694961403226543
0.135 -0.0008684581963391133 0.0003274360951695142 0.0008691581520220429
0.14 -0.0008681066739632216 0.0003302642198104053 0.000868812675289694
0.145 -0.0008677469051254381 0.0003265250214597194 0.0008684449132185017
0.15 -0.0008673791394092347 0.0003263352144368075 0.0008680767417544095
0.155 -0.0008670036200884024 0.00031980585284974183 0.0008676872647062032
0.16 -0.0008666205841682297 0.00031257420527807436 0.0008672887697914681
0.165 -0.0008662302628160553 0.0003042796383782116 0.0008668807172565542
0.17 -0.0008658328815729366 0.00029340369596721276 0.0008664600866594085
0.175 -0.0008654286605944729 0.000281161142991471 0.0008660296949421186
0.18 -0.0008650178148443058 0.0002678366899853543 0.0008655903656901594
0.185 -0.000864600554460168 0.00025234843691838613 0.0008651399962782974
0.19 -0.0008641770847305262 0.00023272239075262713 0.0008646745722169561
0.195 -0.0008637476064468162 0.0002153930095637376 0.0008642080491510006
0.2 -0.0008633123160485682 0.00019011071411614565 0.0008637187131339674
0.205 -0.0008628714057981263 0.00016701119943173686 0.0008632284233654615
0.21 -0.0008624250639475963 0.0001411405022132294 0.0008627267780776911
0.215 -0.0008619734748951712 0.000114093001452891 0.0008622173699511152
0.22 -0.0008615168192985176 8.207255669314183e-5 0.0008616922646856249
0.225 -0.0008610552743652106 4.9103076818934305e-5 0.0008611602413440372
0.23 -0.0008605890137580001 1.2774012639814065e-5 0.0008606163205909148
0.235 -0.0008601182078770628 -2.2814804150142277e-5 0.0008600694369808317
0.24 -0.0008596430239411331 -6.250345263422595e-5 0.0008595094111613588
0.245 -0.000859163626101736 -0.00010458366960663511 0.0008589400590150197
0.25 -0.0008586801755511853 -0.0001478217094185942 0.0008583641790954055
0.255 -0.0008581928306251718 -0.00019453321774925373 0.0008577769796139639
0.26 -0.0008577017469006531 -0.00024551538409472225 0.0008571769120065196
0.265 -0.0008572070772874304 -0.0002952638047914152 0.0008565758958716485
0.27 -0.0008567089721166019 -0.0003499282273807772 0.0008559609353088521
0.275 -0.0008562075792229113 -0.00040683237284006404 0.000855337899198106
0.28 -0.0008557030440238915 -0.00046432492007026646 0.0008547104629635756
0.285 -0.0008551955095943862 -0.0005250441866894142 0.0008540731297844506
0.29 -0.0008546851167029355 -0.0005898253235982286 0.0008534242551385601
0.295 -0.000854172004016481 -0.0006585544465829219 0.0008527642211415793
0.3 -0.0008536563079547159 -0.0007266192449875248 0.0008521030238868987
0.305 -0.0008531381628907484 -0.000797891782078792 0.0008514325204906954
0.31 -0.0008526177011721958 -0.0008730743438413761 0.0008507513420333981
0.315 -0.0008520950531738557 -0.0009489022494817695 0.0008500665977534915
0.32 -0.0008515703473482988 -0.0010288299868163409 0.0008493710314919705
0.325 -0.0008510437102730705 -0.001112629787417667 0.000848665256723847
0.33 -0.0008505152666943086 -0.001198878098614162 0.0008479524413044247
0.335 -0.0008499851395686077 -0.0012858666571998714 0.0008472363599212971
0.34 -0.0008494534501012983 -0.0013776003913575174 0.0008465085724993417
0.345 -0.0008489203177824943 -0.0014718775396218389 0.000845773905204182
0.35 -0.0008483858604201831 -0.0015682425651377863 0.0008450334496387386
0.355 -0.0008478501941711599 -0.0016699221872943553 0.0008442804242456974
0.36 -0.0008473134335680917 -0.0017729494393133862 0.0008435234236886009
0.365 -0.000846775691546159 -0.0018767169387216317 0.0008427638592958737
0.37 -0.0008462370794653402 -0.001985552285640744 0.0008419925913756301
0.375 -0.0008456977071308134 -0.0020977661975671515 0.0008412133408892581
0.38 -0.0008451576828107854 -0.002216889085126347 0.0008404186691942334
0.385 -0.0008446171132520898 -0.002332500542762331 0.0008396309585964835
0.39 -0.0008440761036931504 -0.002454850149710472 0.0008388284039484384
0.395 -0.0008435347578735677 -0.0025810148778185244 0.0008380173575071854
0.4 -0.0008429931780424638 -0.0027073694129494384 0.0008372056713065225
0.405 -0.0008424514649633154 -0.0028399116570262065 0.0008363806244766409
0.41 -0.0008419097179160799 -0.00297285249585108 0.0008355546916081058
0.415 -0.0008413680346736905 -0.003112455561178986 0.0008347145807935207
0.42 -0.0008408265115947815 -0.0032534062563693545 0.0008338717493324057
0.425 -0.0008402852434711621 -0.003398855378001955 0.0008330195566016163
0.43 -0.000839744323617656 -0.003546487280397688 0.0008321630460402192
0.435 -0.0008392038438359457 -0.003701255926853683 0.0008312917194299999
0.44 -0.0008386638943980772 -0.0038538987346533886 0.0008304254675399768
0.445 -0.0008381245640294854 -0.004013792170727145 0.000829544335149879
0.45 -0.0008375859398857413 -0.00417565959983884 0.0008286596892065856
0.455 -0.0008370481075280264 -0.004342651818568245 0.0008277648798563244
0.46 -0.0008365111508934547 -0.004512851775984365 0.0008268640890898861
0.465 -0.0008359751522626201 -0.004687986715995334 0.0008259537068820768
0.47 -0.0008354401922216698 -0.004866101626265493 0.0008250379930222979
0.475 -0.000834906349621356 -0.005046057664657624 0.0008241194608486343
0.48 -0.0008343737015310757 -0.005231935682163573 0.0008231894638508744
0.485 -0.0008338423231877131 -0.005420584882203571 0.0008222548126808561
0.49 -0.0008333122879401605 -0.005616560633326692 0.000821305842738141
0.495 -0.0008327836671875952 -0.005812346577426951 0.000820358693038302
0.5 -0.000832256530313177 -0.006014927612946312 0.0008193985014421917
0.505 -0.0008317309446104421 -0.0062181919537480455 0.0008184384003253652
0.51 -0.0008312069752043436 -0.006430320282518225 0.0008174609670787693
0.515 -0.000830684684964402 -0.006643397646402812 0.0008164831842588863
0.52 -0.0008301641344114876 -0.006862188201676075 0.0008154949281145783
0.525 -0.0008296453816163058 -0.007084566109681776 0.000814500801092905
0.53 -0.0008291284820892654 -0.007311347540618253 0.0008134991139883536
0.535 -0.0008286134886619605 -0.007542513513783276 0.0008124899602073068
0.54 -0.0008281004513586371 -0.007779354716932412 0.0008114706306883671
0.545 -0.000827589417257195 -0.008019555504386463 0.0008104461226336774
0.55 -0.0008270804303396155 -0.00826531763761094 0.000809411773349709
0.555 -0.0008265735313300058 -0.008513281532300779 0.0008083748052982007
0.56 -0.0008260687575201509 -0.008768211344730301 0.0008073250714989291
0.565 -0.0008255661425807474 -0.009026937297617455 0.0008062693816123332
0.57 -0.0008250657163579945 -0.009291547268213813 0.0008052033022578359
0.575 -0.0008245675046542819 -0.009559744591542659 0.000804131768787281
0.58 -0.0008240715289905788 -0.009833882874687606 0.0008030497714478169
0.585 -0.0008235778065900489 -0.010112291815847309 0.0008019608980440286
0.59 -0.0008230863492087008 -0.010395161222044735 0.0008008647545840356
0.595 -0.0008225971640934667 -0.010684730816149755 0.000799756560489683
0.6 -0.0008221102528682498 -0.01097735630332319 0.0007986441077443381
0.605 -0.0008216256113736534 -0.011279092527594828 0.0007975144488309525
0.61 -0.0008211432299446006 -0.011585953541484227 0.0007963760947901134
0.615 -0.0008206630905537209 -0.011895092239648162 0.0007952351138127822
0.62 -0.0008201851698168474 -0.01221020985903276 0.0007940835704309607
0.625 -0.0008197094363510361 -0.012533261411973778 0.0007929172540584505
0.63 -0.0008192358507443324 -0.012858856379021372 0.0007917476485233382
0.635 -0.0008187643650204293 -0.013193581063869498 0.0007905606263975763
0.64 -0.0008182949219814172 -0.013532443541816364 0.0007893668016527302
0.645 -0.0008178274546510782 -0.013875272986541391 0.0007881664724856817
0.65 -0.000817361885395977 -0.014227440936792143 0.0007869480785977431
0.655 -0.0008168981251730472 -0.014584847560874343 0.0007857202951002457
0.66 -0.0008164360728737299 -0.014946809553505669 0.0007844844815770301
0.665 -0.0008159756140608716 -0.01531564256036522 0.0007832355734666999
0.67 -0.000815516620147106 -0.015688973993667005 0.0007819785140304983
0.675 -0.0008150589471054631 -0.016073447099211876 0.000780698958065348
0.68 -0.0008146024346884556 -0.016459040066191682 0.0007794181688122895
0.685 -0.0008141469043184595 -0.016854977515918416 0.000778116248346304
0.69 -0.0008136921585019255 -0.017255811986835488 0.0007768046441382502
0.695 -0.0008132379784247783 -0.017663213780744185 0.0007754795667926314
0.7 -0.0008127841224093166 -0.01807731576256048 0.0007741404906082244
0.705 -0.0008123303245372773 -0.018497909144559326 0.0007727875959894434
0.71 -0.0008118762913326789 -0.0189276891864655 0.0007714148278402867
0.715 -0.0008114217006611052 -0.019362518095180258 0.0007700307093303131
0.72 -0.0008109661977796492 -0.019804426805848437 0.0007686305442142059
0.725 -0.0008105093936984871 -0.020252447302653347 0.0007672160128163739
0.73 -0.0008100508606223265 -0.02071047062956402 0.0007657783695098049
0.735 -0.0008095901296219891 -0.021175687642641803 0.0007643231504340744
0.74 -0.0008091266852931741 -0.021644909583902354 0.000762856656749413
0.745 -0.0008086599624334175 -0.022127304132550776 0.0007613587256303289
0.75 -0.0008081893403136756 -0.02261123611808447 0.0007598536086933606
0.755 -0.0008077141369682199 -0.02310386126526608 0.0007583253272773723
0.76 -0.0008072336034244719 -0.02360371806001941 0.0007567762566685293
0.765 -0.0008067469158635774 -0.02411367258838991 0.0007551994462548569
0.77 -0.000806253168260899 -0.024632965622286087 0.0007535956130032727
0.775 -0.0008057513627932984 -0.025154821050991167 0.0007519782442902679
0.78 -0.0008052403997579035 -0.025685882120305856 0.000750332039236863
0.785 -0.0008047190659268158 -0.02622326376348247 0.0007486619519830692
0.79 -0.0008041860211034594 -0.026770781101680862 0.0007469584867997457
0.795 -0.0008036397829931765 -0.027323897747054147 0.000745229858766777
0.8 -0.000803078709814586 -0.02788327802418251 0.000743473005985171
0.805 -0.0008025009803390689 -0.028451047771722096 0.0007416815628499545
0.81 -0.0008019045709108446 -0.029022518756207902 0.0007398635276781995
0.815 -0.0008012872289105384 -0.029602018577761485 0.0007380073967986674
0.82 -0.0008006464420140733 -0.030185770076627545 0.0007361187322702678
0.825 -0.0007999794024628236 -0.030771932124684213 0.0007341986620888961
0.83 -0.00079928296539506 -0.031364167997473 0.0007322362104585697
0.835 -0.0007985536000736544 -0.03196181337041386 0.0007302292667597711
0.84 -0.0007977873366872192 -0.032557864364362504 0.0007281888332782086
0.845 -0.0007969796839336976 -0.03315387739690664 0.0007261070915791374
0.85 -0.0007961255883641404 -0.03372398177082765 0.0007240342916508488
0.855 -0.0007952192617657295 -0.0343092517258768 0.0007218768414373932
0.86 -0.0007942541587860124 -0.034880798633171686 0.00071968995041499
0.865 -0.0007932227886963614 -0.03544410791567365 0.0007174544017410257
0.87 -0.0007921165615627484 -0.0359853806028193 0.0007151911033529865
0.875 -0.0007909255893520876 -0.03650640088062366 0.0007128863531876322
0.88 -0.0007896384477390122 -0.03699576134701176 0.0007105531123677111
0.885 -0.0007882418683492218 -0.03743981487703846 0.0007082072857921264
0.89 -0.0007867203662724675 -0.037829830347651375 0.0007058520529535125
0.895 -0.0007850557918366256 -0.038242755525925834 0.0007033047739856356
0.9 -0.0007832266081312439 -0.0385239736110242 0.0007008744342082415
0.905 -0.0007812072350356749 -0.0386133916995028 0.0006986639132822694
0.91 -0.000778966714175832 -0.038598719616634164 0.0006964547567342292
0.915 -0.0007764671779474912 -0.038597125237642 0.0006939586287881541
0.92 -0.0007736612231463427 -0.03824036395743756 0.0006919153177187514
0.925 -0.0007704876133802574 -0.037604871064134536 0.0006901001924590812
0.93 -0.0007668751450232445 -0.03671143042673818 0.0006883976199893318
0.935 -0.0007639684798421793 -0.032643695100108665 0.0006941864972378636
0.94 -0.0007587363078758874 -0.04234293836311666 0.000668220384993714
0.945 -0.0007401513892390096 0.016593480380497266 0.0007756230463447966
0.95 -0.0007503378495321718 -0.01005211349924335 0.0007288495833542883
0.955 -0.000729424798172475 -0.0052499768396882815 0.0007182019941554454
0.96 -0.0006966140093028193 0.00042397194700609234 0.0006975203283619811
0.965 -0.0006581808385306834 0.0005050290361267668 0.0006592604322257475
0.97 -0.0006197200361353695 0.0001987089722526067 0.0006201448136001304
0.975 -0.0005838271743495856 4.93332178341618e-5 0.0005839326332977274
0.98 -0.0005524358589374416 7.464161174749798e-6 0.0005524518149731678
0.985 -0.0005271530755110744 1.333394335738405e-6 0.0005271559258899931
0.99 -0.0005093010641424851 -1.660811450226027e-7 0.0005093007091130825
0.995 -0.0004999546967337898 -6.548342289245255e-7 0.0004999532969035736
